datetime,sec_code,open,close,high,low,volume,turnover,amplitude,price_change_percentage,price_change_amount,turnover_rate
2000-06-22,000981,23.68,27.3,31.5,23.68,163418,458305376.0,90.09,214.52,18.62,54.47
2000-06-23,000981,27.0,27.81,27.96,26.75,30434,83534608.0,4.43,1.87,0.51,10.14
2000-06-26,000981,27.81,27.32,27.9,27.22,14761,40408572.0,2.45,-1.76,-0.49,4.92
2000-06-27,000981,27.4,26.93,27.5,26.86,10875,29403168.0,2.34,-1.43,-0.39,3.63
2000-06-28,000981,26.89,26.91,27.2,26.7,9155,24654020.0,1.86,-0.07,-0.02,3.05
2000-06-29,000981,26.9,26.4,26.95,26.35,13680,36259552.0,2.23,-1.9,-0.51,4.56
2000-06-30,000981,26.35,26.39,26.87,26.3,7160,18972370.0,2.16,-0.04,-0.01,2.39
2000-07-03,000981,26.08,25.44,26.11,25.4,9229,23714540.0,2.69,-3.6,-0.95,3.08
2000-07-04,000981,25.28,25.5,25.6,25.1,6469,16336129.0,1.97,0.24,0.06,2.16
2000-07-05,000981,25.5,25.33,25.55,25.25,2692,6833781.5,1.18,-0.67,-0.17,0.9
2000-07-06,000981,25.21,25.47,25.78,25.1,4162,10548175.0,2.68,0.55,0.14,1.39
2000-07-07,000981,25.49,26.17,26.66,25.45,6544,17154944.0,4.75,2.75,0.7,2.18
2000-07-10,000981,26.2,25.95,26.6,25.8,4112,10697710.0,3.06,-0.84,-0.22,1.37
2000-07-11,000981,26.0,26.46,26.6,25.68,5031,13133648.0,3.55,1.97,0.51,1.68
2000-07-12,000981,26.43,25.96,26.48,25.9,3399,8876485.0,2.19,-1.89,-0.5,1.13
2000-07-13,000981,25.8,27.47,27.76,25.75,19932,54074431.0,7.74,5.82,1.51,6.64
2000-07-14,000981,27.6,27.07,27.8,26.8,9897,26924536.0,3.64,-1.46,-0.4,3.3
2000-07-17,000981,27.06,26.72,27.54,26.61,4785,13015666.0,3.44,-1.29,-0.35,1.6
2000-07-18,000981,26.75,27.04,27.3,26.65,2955,7957680.5,2.43,1.2,0.32,0.99
2000-07-19,000981,27.03,26.95,27.3,26.85,3253,8792747.0,1.66,-0.33,-0.09,1.08
2000-07-20,000981,26.9,26.5,27.1,26.4,4683,12486699.0,2.6,-1.67,-0.45,1.56
2000-07-21,000981,26.5,26.23,26.6,26.0,4227,11140923.0,2.26,-1.02,-0.27,1.41
2000-07-24,000981,26.1,25.99,26.2,25.9,2810,7306257.0,1.14,-0.91,-0.24,0.94
2000-07-25,000981,26.0,26.04,26.35,25.83,2605,6785279.0,2.0,0.19,0.05,0.87
2000-07-26,000981,26.2,26.31,26.79,26.2,2392,6341784.0,2.27,1.04,0.27,0.8
2000-07-27,000981,26.32,26.08,26.59,26.01,2465,6458935.5,2.2,-0.87,-0.23,0.82
2000-07-28,000981,26.0,26.17,26.64,25.91,1904,4996496.0,2.8,0.35,0.09,0.63
2000-07-31,000981,26.17,26.63,26.7,26.0,3465,9140167.0,2.67,1.76,0.46,1.16
2000-08-01,000981,26.8,26.42,26.8,26.33,1679,4444774.5,1.76,-0.79,-0.21,0.56
2000-08-02,000981,26.4,26.15,26.4,26.02,1933,5052598.0,1.44,-1.02,-0.27,0.64
2000-08-03,000981,26.01,26.18,26.4,26.0,2081,5450796.5,1.53,0.11,0.03,0.69
2000-08-04,000981,26.2,26.51,26.8,26.2,4550,12072536.0,2.29,1.26,0.33,1.52
2000-08-07,000981,26.4,26.38,26.65,26.11,2741,7208958.5,2.04,-0.49,-0.13,0.91
2000-08-08,000981,26.38,26.44,26.65,26.38,2621,6953599.0,1.02,0.23,0.06,0.87
2000-08-09,000981,26.46,27.01,27.18,26.26,8612,23165200.0,3.48,2.16,0.57,2.87
2000-08-10,000981,27.1,27.48,27.5,26.98,10103,27581292.0,1.93,1.74,0.47,3.37
2000-08-11,000981,27.5,26.97,27.66,26.88,5557,15126257.0,2.84,-1.86,-0.51,1.85
2000-08-14,000981,27.0,27.09,27.1,26.45,3331,8943610.0,2.41,0.44,0.12,1.11
2000-08-15,000981,27.2,26.98,27.55,26.9,5301,14485303.0,2.4,-0.41,-0.11,1.77
2000-08-16,000981,27.3,27.36,27.5,27.07,3965,10822202.0,1.59,1.41,0.38,1.32
2000-08-17,000981,27.36,27.0,27.42,26.94,3058,8289227.0,1.75,-1.32,-0.36,1.02
2000-08-18,000981,27.0,26.73,27.2,26.63,3247,8711393.0,2.11,-1.0,-0.27,1.08
2000-08-21,000981,26.73,26.54,26.74,26.36,4405,11671122.0,1.42,-0.71,-0.19,1.47
2000-08-22,000981,26.54,26.41,26.98,26.4,2161,5759722.5,2.19,-0.49,-0.13,0.72
2000-08-23,000981,26.32,26.21,26.6,25.6,5695,14855445.0,3.79,-0.76,-0.2,1.9
2000-08-24,000981,26.2,26.47,26.89,26.1,3467,9186415.0,3.01,0.99,0.26,1.16
2000-08-25,000981,26.66,27.09,27.3,26.66,5385,14560744.0,2.42,2.34,0.62,1.8
2000-08-28,000981,27.2,27.05,27.29,26.8,2916,7875164.0,1.81,-0.15,-0.04,0.97
2000-08-29,000981,27.05,26.96,27.25,26.83,2793,7547495.5,1.55,-0.33,-0.09,0.93
2000-08-30,000981,27.0,27.4,28.1,26.96,19997,55342712.0,4.23,1.63,0.44,6.67
2000-08-31,000981,27.4,27.75,28.18,27.2,23817,66311192.0,3.58,1.28,0.35,7.94
2000-09-01,000981,27.8,27.11,28.35,27.01,16071,44830408.0,4.83,-2.31,-0.64,5.36
2000-09-04,000981,26.96,27.1,27.22,26.37,5444,14580507.0,3.14,-0.04,-0.01,1.81
2000-09-05,000981,27.1,26.05,27.3,25.8,6640,17565474.0,5.54,-3.87,-1.05,2.21
2000-09-06,000981,26.0,25.97,26.45,25.85,3976,10347558.0,2.3,-0.31,-0.08,1.33
2000-09-07,000981,26.39,26.0,26.5,25.81,3335,8700138.0,2.66,0.12,0.03,1.11
2000-09-08,000981,26.2,26.33,26.6,25.9,2587,6791712.5,2.69,1.27,0.33,0.86
2000-09-11,000981,26.3,26.23,26.33,26.03,1916,5007388.0,1.14,-0.38,-0.1,0.64
2000-09-12,000981,26.25,26.45,26.57,26.2,1415,3732456.5,1.41,0.84,0.22,0.47
2000-09-13,000981,26.5,26.29,26.51,26.2,1964,5165952.0,1.17,-0.6,-0.16,0.65
2000-09-14,000981,26.3,25.94,26.3,25.8,4028,10478076.0,1.9,-1.33,-0.35,1.34
2000-09-15,000981,27.0,26.27,27.0,25.81,1897,4982305.5,4.59,1.27,0.33,0.63
2000-09-18,000981,26.3,25.84,26.3,25.81,1498,3889062.5,1.87,-1.64,-0.43,0.5
2000-09-19,000981,25.74,24.7,25.74,24.62,5128,12895280.0,4.33,-4.41,-1.14,1.71
2000-09-20,000981,24.78,25.0,25.45,24.71,2215,5535663.5,3.0,1.21,0.3,0.74
2000-09-21,000981,25.15,24.42,25.2,24.35,3663,9053039.0,3.4,-2.32,-0.58,1.22
2000-09-22,000981,23.33,23.23,23.95,22.88,26794,62956312.0,4.38,-4.87,-1.19,6.82
2000-09-25,000981,23.05,22.4,23.26,22.32,9017,20525442.0,4.05,-3.57,-0.83,2.29
2000-09-26,000981,22.35,22.77,22.83,22.35,3438,7766096.5,2.14,1.65,0.37,0.87
2000-09-27,000981,22.8,23.32,23.34,22.75,3375,7811016.0,2.59,2.42,0.55,0.86
2000-09-28,000981,23.4,22.95,23.49,22.9,3267,7587092.0,2.53,-1.59,-0.37,0.83
2000-09-29,000981,22.8,23.7,23.8,22.8,7514,17684988.0,4.36,3.27,0.75,1.91
2000-10-09,000981,23.8,23.98,23.99,23.3,3818,9071296.0,2.91,1.18,0.28,0.97
2000-10-10,000981,24.08,23.87,24.08,23.7,2848,6800120.5,1.58,-0.46,-0.11,0.72
2000-10-11,000981,23.8,23.38,23.9,23.32,3729,8811459.0,2.43,-2.05,-0.49,0.95
2000-10-12,000981,23.2,23.08,23.68,23.0,3752,8689191.0,2.91,-1.28,-0.3,0.95
2000-10-13,000981,23.01,23.04,23.44,23.0,2091,4837298.0,1.91,-0.17,-0.04,0.53
2000-10-16,000981,23.1,22.75,23.23,22.68,2206,5064351.5,2.39,-1.26,-0.29,0.56
2000-10-17,000981,22.95,23.71,23.78,22.7,2812,6570916.5,4.75,4.22,0.96,0.72
2000-10-18,000981,23.71,24.44,24.72,23.57,13466,32721300.0,4.85,3.08,0.73,3.43
2000-10-19,000981,24.51,24.12,24.65,24.03,6852,16609941.0,2.54,-1.31,-0.32,1.74
2000-10-20,000981,24.12,26.53,26.53,24.01,40424,104959128.0,10.45,9.99,2.41,10.29
2000-10-23,000981,27.49,27.13,27.8,26.6,53431,145426000.0,4.52,2.26,0.6,13.6
2000-10-24,000981,26.93,28.89,29.84,26.71,49767,142397040.0,11.54,6.49,1.76,12.66
2000-10-25,000981,28.79,28.9,30.2,28.5,68583,202374880.0,5.88,0.03,0.01,17.45
2000-10-26,000981,28.6,29.08,29.4,28.3,22365,64738744.0,3.81,0.62,0.18,5.69
2000-10-27,000981,29.1,29.48,29.97,29.0,21355,62894944.0,3.34,1.38,0.4,5.43
2000-10-30,000981,29.6,28.95,29.81,28.6,13454,39201568.0,4.1,-1.8,-0.53,3.42
2000-10-31,000981,28.8,27.75,28.98,27.5,20771,58255224.0,5.11,-4.15,-1.2,5.29
2000-11-01,000981,27.7,28.31,28.4,27.58,11518,32328798.0,2.95,2.02,0.56,2.93
2000-11-02,000981,28.36,28.42,29.0,27.91,12052,34391244.0,3.85,0.39,0.11,3.07
2000-11-03,000981,28.28,28.35,29.0,28.28,6599,18874026.0,2.53,-0.25,-0.07,1.68
2000-11-06,000981,28.35,29.03,29.41,28.25,11618,33672800.0,4.09,2.4,0.68,2.96
2000-11-07,000981,29.08,29.13,29.37,28.88,6748,19670916.0,1.69,0.34,0.1,1.72
2000-11-08,000981,29.1,28.91,29.25,28.71,7429,21474320.0,1.85,-0.76,-0.22,1.89
2000-11-09,000981,28.88,29.39,29.7,28.88,13593,39943776.0,2.84,1.66,0.48,3.46
2000-11-10,000981,29.61,29.39,30.25,28.9,17577,52108440.0,4.59,0.0,0.0,4.47
2000-11-13,000981,29.39,29.03,29.7,28.88,11222,32568274.0,2.79,-1.22,-0.36,2.86
2000-11-14,000981,29.05,28.69,29.1,28.4,12320,35317060.0,2.41,-1.17,-0.34,3.13
2000-11-15,000981,28.68,28.91,29.0,28.3,8523,24361928.0,2.44,0.77,0.22,2.17
2000-11-16,000981,29.68,28.59,29.68,28.5,4018,11543031.0,4.08,-1.11,-0.32,1.02
2000-11-17,000981,29.2,30.06,30.58,28.62,23269,69761368.0,6.86,5.14,1.47,5.92
2000-11-20,000981,30.18,30.4,30.5,29.65,15076,45538136.0,2.83,1.13,0.34,3.84
2000-11-21,000981,30.5,29.67,30.7,29.6,10349,31254738.0,3.62,-2.4,-0.73,2.63
2000-11-22,000981,29.0,29.35,29.8,28.95,8700,25486546.0,2.86,-1.08,-0.32,2.21
2000-11-23,000981,29.3,29.1,29.8,29.1,5883,17317576.0,2.39,-0.85,-0.25,1.5
2000-11-24,000981,29.1,28.32,29.45,28.2,12172,34931244.0,4.3,-2.68,-0.78,3.1
2000-11-27,000981,28.0,27.81,28.2,27.61,7615,21239536.0,2.08,-1.8,-0.51,1.94
2000-11-28,000981,27.78,28.24,28.4,27.7,3890,10921025.0,2.52,1.55,0.43,0.99
2000-11-29,000981,28.18,27.88,28.2,27.76,4207,11721025.0,1.56,-1.27,-0.36,1.07
2000-11-30,000981,27.88,28.05,28.55,27.6,2742,7735535.5,3.41,0.61,0.17,0.7
2000-12-01,000981,28.1,27.94,28.25,27.85,3152,8813039.0,1.43,-0.39,-0.11,0.8
2000-12-04,000981,27.98,28.19,28.4,27.98,2972,8394705.0,1.5,0.89,0.25,0.76
2000-12-05,000981,28.2,28.05,28.2,28.0,2643,7414449.0,0.71,-0.5,-0.14,0.67
2000-12-06,000981,28.1,27.52,28.35,27.5,5156,14320396.0,3.03,-1.89,-0.53,1.31
2000-12-07,000981,28.3,27.7,28.3,27.5,3395,9441770.0,2.91,0.65,0.18,0.86
2000-12-08,000981,27.59,27.58,27.79,27.3,3473,9531156.0,1.77,-0.43,-0.12,0.88
2000-12-11,000981,27.55,26.67,27.55,26.6,4755,12788496.0,3.44,-3.3,-0.91,1.21
2000-12-12,000981,27.5,27.32,27.5,26.82,3201,8716271.0,2.55,2.44,0.65,0.81
2000-12-13,000981,27.3,27.35,27.49,27.12,1672,4565904.5,1.35,0.11,0.03,0.43
2000-12-14,000981,27.34,27.12,27.45,27.08,1965,5358445.5,1.35,-0.84,-0.23,0.5
2000-12-15,000981,27.11,28.05,28.1,26.88,3818,10461278.0,4.5,3.43,0.93,0.97
2000-12-19,000981,28.5,28.24,29.0,28.2,7237,20625934.0,2.85,0.68,0.19,1.84
2000-12-20,000981,28.19,29.54,29.97,28.19,17602,51701116.0,6.3,4.6,1.3,4.48
2000-12-21,000981,30.0,29.25,30.08,29.2,13130,38926284.0,2.98,-0.98,-0.29,3.34
2000-12-22,000981,29.0,28.81,29.2,28.76,10307,29849270.0,1.5,-1.5,-0.44,2.06
2000-12-25,000981,28.69,28.9,29.5,28.5,5116,14826718.0,3.47,0.31,0.09,1.02
2000-12-26,000981,28.85,28.84,29.1,28.73,5468,15775867.0,1.28,-0.21,-0.06,1.09
2000-12-27,000981,28.8,28.58,29.15,28.58,5217,15056050.0,1.98,-0.9,-0.26,1.04
2000-12-28,000981,28.7,28.46,28.8,28.45,3550,10143866.0,1.22,-0.42,-0.12,0.71
2000-12-29,000981,28.46,28.87,28.98,28.46,7097,20327404.0,1.83,1.44,0.41,1.42
2001-01-02,000981,29.16,29.01,29.25,28.51,14596,42233880.0,2.56,0.48,0.14,2.92
2001-01-03,000981,29.1,30.15,30.48,28.8,24554,72651848.0,5.79,3.93,1.14,4.91
2001-01-04,000981,30.3,29.64,30.48,29.48,10917,32712244.0,3.32,-1.69,-0.51,2.18
2001-01-05,000981,29.78,29.72,30.0,29.51,7298,21707050.0,1.65,0.27,0.08,1.46
2001-01-08,000981,29.88,28.82,29.99,28.8,9064,26372308.0,4.0,-3.03,-0.9,1.81
2001-01-09,000981,28.9,28.36,29.0,28.3,6028,17144128.0,2.43,-1.6,-0.46,1.21
2001-01-10,000981,28.45,28.66,28.88,28.45,4295,12292078.0,1.52,1.06,0.3,0.86
2001-01-11,000981,28.7,28.54,29.0,28.5,5186,14848340.0,1.74,-0.42,-0.12,1.04
2001-01-12,000981,28.52,27.84,28.52,27.7,8111,22658140.0,2.87,-2.45,-0.7,1.62
2001-01-15,000981,27.51,26.76,27.55,26.0,11656,31406984.0,5.57,-3.88,-1.08,2.33
2001-01-16,000981,27.5,26.71,27.5,26.0,9948,26665100.0,5.61,-0.19,-0.05,1.99
2001-01-17,000981,26.71,25.87,26.9,25.79,11084,28865770.0,4.16,-3.14,-0.84,2.22
2001-01-18,000981,25.69,26.26,26.38,25.6,6669,17315188.0,3.02,1.51,0.39,1.33
2001-01-19,000981,26.3,26.71,26.8,26.25,4396,11728411.0,2.09,1.71,0.45,0.88
2001-02-05,000981,26.75,24.99,26.75,24.9,7584,19278210.0,6.93,-6.44,-1.72,1.52
2001-02-06,000981,24.8,25.0,25.18,24.1,5116,12595904.0,4.32,0.04,0.01,1.02
2001-02-07,000981,25.0,24.49,25.15,24.41,2504,6168048.0,2.96,-2.04,-0.51,0.5
2001-02-08,000981,24.4,23.79,24.8,23.7,3310,8004935.0,4.49,-2.86,-0.7,0.66
2001-02-09,000981,23.69,24.36,24.78,23.69,4661,11290638.0,4.58,2.4,0.57,0.93
2001-02-12,000981,24.3,24.36,24.46,23.75,2781,6713304.0,2.91,0.0,0.0,0.56
2001-02-13,000981,24.36,24.27,24.68,24.21,1809,4421843.0,1.93,-0.37,-0.09,0.36
2001-02-14,000981,24.32,24.38,24.6,24.02,1465,3572312.0,2.39,0.45,0.11,0.29
2001-02-15,000981,24.47,24.14,24.75,24.1,1140,2770457.0,2.67,-0.98,-0.24,0.23
2001-02-16,000981,24.19,24.67,24.7,23.77,3691,8959071.0,3.85,2.2,0.53,0.74
2001-02-19,000981,24.9,24.81,24.92,24.2,3240,8012845.5,2.92,0.57,0.14,0.65
2001-02-20,000981,25.0,24.6,25.38,24.55,4930,12344540.0,3.35,-0.85,-0.21,0.99
2001-02-21,000981,24.4,24.05,24.55,23.81,3511,8460106.0,3.01,-2.24,-0.55,0.7
2001-02-22,000981,24.05,24.29,24.95,24.0,2106,5140945.5,3.95,1.0,0.24,0.42
2001-02-23,000981,24.32,24.87,24.89,24.32,1820,4479247.0,2.35,2.39,0.58,0.36
2001-02-26,000981,25.0,25.16,25.25,24.76,3322,8315857.0,1.97,1.17,0.29,0.66
2001-02-27,000981,25.16,24.95,25.23,24.71,2493,6224416.5,2.07,-0.83,-0.21,0.5
2001-02-28,000981,24.95,24.73,25.0,24.6,1854,4599696.5,1.6,-0.88,-0.22,0.37
2001-03-01,000981,24.9,24.77,24.9,24.65,1217,3012058.0,1.01,0.16,0.04,0.24
2001-03-02,000981,24.76,25.0,25.15,24.72,2751,6865918.0,1.74,0.93,0.23,0.55
2001-03-05,000981,25.0,24.8,25.29,24.78,2326,5793785.5,2.04,-0.8,-0.2,0.47
2001-03-06,000981,24.85,24.45,24.85,24.3,2341,5728929.0,2.22,-1.41,-0.35,0.47
2001-03-07,000981,24.45,24.45,24.55,24.4,1997,4886913.0,0.61,0.0,0.0,0.4
2001-03-08,000981,24.5,24.47,24.62,24.42,2330,5716966.0,0.82,0.08,0.02,0.47
2001-03-09,000981,24.6,25.03,25.45,24.6,5551,13928378.0,3.47,2.29,0.56,1.11
2001-03-12,000981,25.02,24.8,25.02,24.75,1884,4682843.5,1.08,-0.92,-0.23,0.38
2001-03-13,000981,24.88,24.4,24.88,24.4,2624,6429930.5,1.94,-1.61,-0.4,0.52
2001-03-14,000981,24.39,24.55,24.58,24.15,1795,4386410.5,1.76,0.61,0.15,0.36
2001-03-15,000981,24.5,24.4,24.59,24.36,3149,7688309.0,0.94,-0.61,-0.15,0.63
2001-03-16,000981,24.4,24.4,24.44,24.18,3097,7509616.0,1.07,0.0,0.0,0.62
2001-03-19,000981,24.38,24.15,24.38,24.0,4073,9821738.0,1.56,-1.02,-0.25,0.81
2001-03-20,000981,24.15,24.36,24.55,24.1,1711,4168379.25,1.86,0.87,0.21,0.34
2001-03-21,000981,24.42,24.84,24.98,24.36,2751,6810295.5,2.55,1.97,0.48,0.55
2001-03-22,000981,24.87,25.08,25.28,24.84,5193,12988273.0,1.77,0.97,0.24,1.04
2001-03-23,000981,25.26,24.64,25.48,24.52,6419,16120428.0,3.83,-1.75,-0.44,1.28
2001-03-26,000981,24.57,25.01,25.08,24.5,2855,7087663.5,2.35,1.5,0.37,0.57
2001-03-27,000981,25.1,25.8,26.08,25.1,10174,26065448.0,3.92,3.16,0.79,2.03
2001-03-28,000981,25.98,25.41,25.98,25.31,4160,10635692.0,2.6,-1.51,-0.39,0.83
2001-03-29,000981,25.19,25.53,25.77,25.19,3432,8745296.0,2.28,0.47,0.12,0.69
2001-03-30,000981,25.51,25.79,25.96,25.33,4232,10869664.0,2.47,1.02,0.26,0.85
2001-04-02,000981,25.82,26.1,26.36,25.82,4499,11759396.0,2.09,1.2,0.31,0.9
2001-04-03,000981,26.1,25.6,26.19,25.53,5327,13689512.0,2.53,-1.92,-0.5,1.07
2001-04-04,000981,25.6,25.23,25.87,25.18,4133,10569430.0,2.7,-1.45,-0.37,0.83
2001-04-05,000981,25.1,25.4,25.42,25.0,3401,8591273.0,1.66,0.67,0.17,0.68
2001-04-06,000981,25.46,25.44,25.9,25.35,2229,5692702.0,2.17,0.16,0.04,0.45
2001-04-09,000981,25.45,25.24,25.46,25.0,3054,7695541.5,1.81,-0.79,-0.2,0.61
2001-04-10,000981,25.2,25.46,25.49,25.2,2402,6088582.0,1.15,0.87,0.22,0.48
2001-04-11,000981,25.5,25.57,25.95,25.5,2697,6931577.0,1.77,0.43,0.11,0.54
2001-04-12,000981,25.51,25.87,26.4,25.51,8323,21683762.0,3.48,1.17,0.3,1.66
2001-04-13,000981,25.9,26.0,26.0,25.7,3066,7944262.5,1.16,0.5,0.13,0.61
2001-04-16,000981,26.0,26.42,26.5,26.0,7518,19801248.0,1.92,1.62,0.42,1.5
2001-04-17,000981,26.51,26.7,26.79,26.38,9273,24689042.0,1.55,1.06,0.28,1.85
2001-04-18,000981,26.81,26.32,26.85,26.25,4863,12846678.0,2.25,-1.42,-0.38,0.97
2001-04-19,000981,26.32,26.2,26.6,25.87,5766,15037606.0,2.77,-0.46,-0.12,1.15
2001-04-20,000981,26.3,26.04,27.08,26.01,7704,20541816.0,4.08,-0.61,-0.16,1.54
2001-04-23,000981,26.0,25.87,26.31,25.73,3957,10259868.0,2.23,-0.65,-0.17,0.79
2001-04-24,000981,25.8,25.91,26.1,25.8,2506,6501146.0,1.16,0.15,0.04,0.5
2001-04-25,000981,25.98,25.28,26.0,25.2,4558,11633791.0,3.09,-2.43,-0.63,0.91
2001-04-26,000981,25.11,25.0,25.55,24.96,3571,8970943.0,2.33,-1.11,-0.28,0.71
2001-04-27,000981,24.76,25.07,25.33,24.76,3070,7696796.0,2.28,0.28,0.07,0.61
2001-04-30,000981,24.9,25.18,25.46,24.9,1061,2679948.0,2.23,0.44,0.11,0.21
2001-05-08,000981,25.2,25.45,25.47,25.2,1309,3306974.0,1.07,1.07,0.27,0.26
2001-05-09,000981,25.5,25.1,25.5,25.05,1598,4028973.75,1.77,-1.38,-0.35,0.32
2001-05-10,000981,25.11,25.15,25.25,25.08,1578,3967635.5,0.68,0.2,0.05,0.32
2001-05-11,000981,25.13,25.25,25.48,25.0,1947,4900823.0,1.91,0.4,0.1,0.39
2001-05-14,000981,25.25,25.91,25.92,25.25,2740,7015374.0,2.65,2.61,0.66,0.55
2001-05-15,000981,26.2,26.14,26.39,26.01,5830,15289174.0,1.47,0.89,0.23,1.17
2001-05-16,000981,26.2,26.19,26.5,26.0,3103,8136508.0,1.91,0.19,0.05,0.62
2001-05-17,000981,26.2,26.14,26.36,26.01,3517,9193401.0,1.34,-0.19,-0.05,0.7
2001-05-18,000981,26.15,26.38,26.66,26.08,6243,16483905.0,2.22,0.92,0.24,1.25
2001-05-21,000981,26.4,26.22,26.5,26.15,4187,11020618.0,1.33,-0.61,-0.16,0.84
2001-05-22,000981,26.2,25.79,26.4,25.78,4115,10670237.0,2.36,-1.64,-0.43,0.82
2001-05-23,000981,25.79,25.43,26.0,25.28,3848,9823446.0,2.79,-1.4,-0.36,0.77
2001-05-24,000981,25.5,25.47,25.6,25.36,2604,6628085.0,0.94,0.16,0.04,0.52
2001-05-25,000981,25.53,25.3,25.54,25.2,2310,5854784.5,1.33,-0.67,-0.17,0.46
2001-05-28,000981,25.3,25.08,25.31,25.0,4272,10709194.0,1.23,-0.87,-0.22,0.85
2001-05-29,000981,25.08,25.27,25.56,25.03,1861,4708851.0,2.11,0.76,0.19,0.37
2001-05-30,000981,25.3,25.64,25.69,25.2,2143,5462245.0,1.94,1.46,0.37,0.43
2001-05-31,000981,25.75,25.6,25.8,25.5,1895,4862173.0,1.17,-0.16,-0.04,0.38
2001-06-01,000981,25.6,25.39,25.8,25.28,2930,7444581.5,2.03,-0.82,-0.21,0.59
2001-06-04,000981,25.41,25.58,25.58,25.18,3133,7931891.5,1.58,0.75,0.19,0.63
2001-06-05,000981,25.6,25.86,25.97,25.5,2918,7533748.0,1.84,1.09,0.28,0.58
2001-06-06,000981,25.95,25.71,25.95,25.6,2485,6393800.0,1.35,-0.58,-0.15,0.5
2001-06-07,000981,25.88,26.03,26.3,25.88,6844,17894938.0,1.63,1.24,0.32,1.37
2001-06-08,000981,26.1,25.97,26.1,25.8,3146,8150881.0,1.15,-0.23,-0.06,0.63
2001-06-11,000981,25.99,26.18,26.37,25.98,4047,10579652.0,1.5,0.81,0.21,0.81
2001-06-12,000981,26.2,26.48,26.5,26.19,5958,15727738.0,1.18,1.15,0.3,1.19
2001-06-13,000981,26.58,26.68,26.69,26.38,8306,22078484.0,1.17,0.76,0.2,1.66
2001-06-14,000981,26.76,26.25,27.06,26.25,8430,22170418.0,3.04,-1.61,-0.43,1.69
2001-06-15,000981,26.0,26.48,26.62,25.98,4488,11640924.0,2.44,0.88,0.23,0.9
2001-06-18,000981,26.5,25.91,26.65,25.79,4433,11386324.0,3.25,-2.15,-0.57,0.89
2001-06-19,000981,25.88,26.05,26.18,25.85,2022,5179261.0,1.27,0.54,0.14,0.4
2001-06-20,000981,26.04,25.87,26.3,25.77,1535,3936007.0,2.03,-0.69,-0.18,0.31
2001-06-21,000981,25.85,26.13,26.18,25.83,1587,4064255.25,1.35,1.01,0.26,0.32
2001-06-22,000981,26.14,26.3,26.35,26.06,2136,5516087.0,1.11,0.65,0.17,0.43
2001-06-25,000981,26.36,26.42,26.5,26.2,3879,10060243.0,1.14,0.46,0.12,0.78
2001-06-26,000981,26.42,26.59,26.8,26.4,3866,10137132.0,1.51,0.64,0.17,0.77
2001-06-27,000981,26.75,26.49,26.85,26.35,2727,7109534.0,1.88,-0.38,-0.1,0.55
2001-06-28,000981,26.69,26.45,26.71,26.4,3304,8640404.0,1.17,-0.15,-0.04,0.66
2001-06-29,000981,26.3,26.27,26.56,26.22,1481,3844270.0,1.29,-0.68,-0.18,0.3
2001-07-02,000981,26.27,26.11,26.35,26.1,1235,3184991.0,0.95,-0.61,-0.16,0.25
2001-07-03,000981,26.11,26.22,26.3,26.05,1077,2776039.0,0.96,0.42,0.11,0.22
2001-07-04,000981,26.3,26.22,26.32,26.15,862,2226120.0,0.65,0.0,0.0,0.17
2001-07-05,000981,26.2,25.85,26.22,25.7,2241,5727790.5,1.98,-1.41,-0.37,0.45
2001-07-06,000981,25.85,25.86,26.28,25.85,1833,4687223.5,1.66,0.04,0.01,0.37
2001-07-09,000981,25.92,25.81,26.0,25.68,1347,3421898.75,1.24,-0.19,-0.05,0.27
2001-07-10,000981,25.8,26.37,27.4,25.8,2147,5592081.5,6.2,2.17,0.56,0.43
2001-07-11,000981,26.35,26.15,26.38,26.06,857,2209191.0,1.21,-0.83,-0.22,0.17
2001-07-12,000981,26.15,26.11,26.2,25.85,650,1666538.62,1.34,-0.15,-0.04,0.13
2001-07-13,000981,26.28,26.03,26.45,26.02,725,1875035.0,1.65,-0.31,-0.08,0.15
2001-07-16,000981,26.03,25.64,26.37,25.59,2030,5153415.0,3.0,-1.5,-0.39,0.41
2001-07-17,000981,25.6,25.58,25.78,25.4,1755,4410447.0,1.48,-0.23,-0.06,0.35
2001-07-18,000981,25.58,25.64,25.8,25.55,711,1791802.12,0.98,0.23,0.06,0.14
2001-07-19,000981,25.65,25.43,25.65,25.4,2127,5332212.5,0.98,-0.82,-0.21,0.43
2001-07-20,000981,25.5,25.67,25.8,25.5,1465,3699294.5,1.18,0.94,0.24,0.29
2001-07-23,000981,25.7,25.48,25.85,25.46,2234,5616823.0,1.52,-0.74,-0.19,0.45
2001-07-24,000981,25.4,24.79,25.4,24.7,5649,13860687.0,2.75,-2.71,-0.69,1.13
2001-07-25,000981,24.7,24.41,24.8,24.4,2889,6973614.5,1.61,-1.53,-0.38,0.58
2001-07-26,000981,24.4,23.82,24.4,23.6,3367,7920156.5,3.28,-2.42,-0.59,0.67
2001-07-27,000981,23.81,23.35,23.92,23.3,3126,7230210.0,2.6,-1.97,-0.47,0.63
2001-07-30,000981,23.01,21.3,23.01,21.2,4475,9729999.0,7.75,-8.78,-2.05,0.9
2001-07-31,000981,21.29,21.39,22.2,20.92,3675,7734667.5,6.01,0.42,0.09,0.74
2001-08-01,000981,21.45,22.19,22.2,21.45,3078,6649293.0,3.51,3.74,0.8,0.62
2001-08-02,000981,22.3,21.7,22.38,21.11,2762,5884955.0,5.72,-2.21,-0.49,0.55
2001-08-03,000981,21.7,21.89,22.3,21.5,1314,2825895.0,3.69,0.88,0.19,0.26
2001-08-06,000981,21.8,20.6,21.8,20.41,3115,6409223.0,6.35,-5.89,-1.29,0.62
2001-08-07,000981,20.42,21.2,21.58,20.3,3086,6283602.0,6.21,2.91,0.6,0.62
2001-08-08,000981,21.16,20.97,21.21,20.6,1134,2333585.25,2.88,-1.08,-0.23,0.23
2001-08-09,000981,20.98,21.22,21.3,20.98,1194,2481126.25,1.53,1.19,0.25,0.24
2001-08-10,000981,21.36,21.58,21.7,21.3,2095,4430348.5,1.89,1.7,0.36,0.42
2001-08-13,000981,21.6,21.82,21.9,21.6,1910,4084458.0,1.39,1.11,0.24,0.38
2001-08-14,000981,21.8,21.3,21.8,21.19,1513,3188955.0,2.8,-2.38,-0.52,0.3
2001-08-15,000981,21.2,21.55,21.55,21.2,1066,2234784.0,1.64,1.17,0.25,0.21
2001-08-16,000981,21.58,21.21,21.58,21.2,810,1693835.0,1.76,-1.58,-0.34,0.16
2001-08-17,000981,21.2,21.1,21.22,20.9,830,1717665.5,1.51,-0.52,-0.11,0.17
2001-08-20,000981,21.0,21.26,21.3,20.95,433,900464.0,1.66,0.76,0.16,0.09
2001-08-21,000981,21.26,21.39,21.65,21.26,583,1229273.0,1.83,0.61,0.13,0.12
2001-08-22,000981,21.37,21.05,21.4,20.91,1092,2256596.5,2.29,-1.59,-0.34,0.22
2001-08-23,000981,20.89,20.91,20.99,20.65,873,1789153.75,1.62,-0.67,-0.14,0.17
2001-08-24,000981,20.91,20.75,21.27,20.7,698,1433649.75,2.73,-0.77,-0.16,0.14
2001-08-27,000981,20.45,19.98,20.7,19.98,2189,4339419.5,3.47,-3.71,-0.77,0.44
2001-08-28,000981,19.9,20.17,20.2,19.66,1766,3439833.5,2.7,0.95,0.19,0.35
2001-08-29,000981,20.38,20.45,20.8,20.15,1715,3464133.5,3.22,1.39,0.28,0.34
2001-08-30,000981,20.3,20.28,20.4,20.17,569,1129121.5,1.12,-0.83,-0.17,0.11
2001-09-03,000981,21.08,20.25,21.08,20.13,622,1239945.5,4.68,-0.15,-0.03,0.12
2001-09-04,000981,20.2,20.81,20.82,20.2,1403,2845313.25,3.06,2.77,0.56,0.28
2001-09-05,000981,21.08,20.9,21.35,20.86,1909,3948028.0,2.35,0.43,0.09,0.38
2001-09-06,000981,20.95,20.71,21.0,20.61,772,1573630.5,1.87,-0.91,-0.19,0.15
2001-09-07,000981,20.61,19.91,20.71,19.91,1738,3442085.0,3.86,-3.86,-0.8,0.35
2001-09-10,000981,19.8,20.47,20.69,19.55,1846,3678126.25,5.73,2.81,0.56,0.37
2001-09-11,000981,20.59,20.5,20.75,20.3,1317,2656301.0,2.2,0.15,0.03,0.26
2001-09-12,000981,20.1,20.39,20.4,19.81,2896,5705632.0,2.88,-0.54,-0.11,0.58
2001-09-13,000981,20.39,20.42,20.75,20.39,1530,3085282.75,1.77,0.15,0.03,0.31
2001-09-14,000981,20.6,20.12,20.6,20.06,730,1447609.0,2.64,-1.47,-0.3,0.15
2001-09-17,000981,19.9,19.8,20.3,19.8,1244,2429711.25,2.49,-1.59,-0.32,0.25
2001-09-18,000981,19.66,20.0,20.11,19.66,876,1711619.5,2.27,1.01,0.2,0.18
2001-09-19,000981,20.0,20.48,20.53,19.8,1440,2865590.25,3.65,2.4,0.48,0.29
2001-09-20,000981,20.51,20.41,20.84,20.4,2461,4990957.5,2.15,-0.34,-0.07,0.49
2001-09-21,000981,20.3,20.11,20.39,20.1,777,1543931.0,1.42,-1.47,-0.3,0.16
2001-09-24,000981,20.15,20.14,20.3,20.0,450,891072.0,1.49,0.15,0.03,0.09
2001-09-25,000981,20.28,20.25,20.74,20.16,484,966114.5,2.88,0.55,0.11,0.1
2001-09-26,000981,20.25,19.94,20.25,19.84,945,1851469.0,2.02,-1.53,-0.31,0.19
2001-09-27,000981,19.94,19.9,20.19,19.78,1081,2116818.0,2.06,-0.2,-0.04,0.22
2001-09-28,000981,20.08,19.72,20.09,19.7,1121,2178199.0,1.96,-0.9,-0.18,0.22
2001-10-08,000981,19.8,17.79,19.8,17.79,3944,7046038.0,10.19,-9.79,-1.93,0.79
2001-10-09,000981,16.46,17.31,17.74,16.46,4890,8218518.5,7.2,-2.7,-0.48,0.98
2001-10-10,000981,17.21,16.6,17.21,16.5,2796,4577845.0,4.1,-4.1,-0.71,0.56
2001-10-11,000981,16.6,16.64,17.28,16.46,2858,4669626.0,4.94,0.24,0.04,0.57
2001-10-12,000981,16.78,17.63,17.88,16.48,6496,10995705.0,8.41,5.95,0.99,1.3
2001-10-15,000981,17.7,17.78,18.15,17.61,4608,8047960.0,3.06,0.85,0.15,0.92
2001-10-16,000981,16.85,16.85,17.2,16.4,2478,4088329.0,4.5,-5.23,-0.93,0.5
2001-10-17,000981,16.7,17.01,17.2,16.7,1187,1962621.5,2.97,0.95,0.16,0.24
2001-10-18,000981,16.9,16.62,17.05,16.61,1695,2770789.75,2.59,-2.29,-0.39,0.34
2001-10-19,000981,16.48,15.83,16.62,15.4,4899,7612026.0,7.34,-4.75,-0.79,0.98
2001-10-22,000981,15.6,15.06,15.88,14.9,2760,4162012.25,6.19,-4.86,-0.77,0.55
2001-10-23,000981,16.53,16.53,16.53,16.1,6834,10997748.0,2.86,9.76,1.47,1.37
2001-10-24,000981,17.6,17.88,18.14,17.05,14416,24941050.0,6.59,8.17,1.35,2.88
2001-10-25,000981,17.4,17.58,18.39,17.1,8105,14127723.0,7.21,-1.68,-0.3,1.62
2001-10-26,000981,17.4,17.4,17.68,16.9,4762,8036647.5,4.44,-1.02,-0.18,0.95
2001-10-29,000981,17.59,17.78,17.88,17.43,2442,4224848.0,2.59,2.18,0.38,0.49
2001-10-30,000981,17.8,17.41,17.9,17.4,1747,2997490.5,2.81,-2.08,-0.37,0.35
2001-10-31,000981,17.25,17.37,17.38,17.0,1181,1984330.88,2.18,-0.23,-0.04,0.24
2001-11-01,000981,17.45,17.61,17.8,17.2,1684,2893945.0,3.45,1.38,0.24,0.34
2001-11-02,000981,17.41,17.4,17.78,17.38,1566,2672598.75,2.27,-1.19,-0.21,0.31
2001-11-05,000981,17.15,17.1,17.3,17.05,1220,2042057.75,1.44,-1.72,-0.3,0.24
2001-11-06,000981,17.1,17.1,17.35,17.0,1048,1752019.25,2.05,0.0,0.0,0.21
2001-11-07,000981,17.1,15.9,17.1,15.89,3291,5221598.5,7.08,-7.02,-1.2,0.66
2001-11-08,000981,15.48,16.1,16.3,15.41,2252,3489125.5,5.6,1.26,0.2,0.45
2001-11-09,000981,16.14,16.28,16.4,15.8,1366,2146294.5,3.73,1.12,0.18,0.27
2001-11-12,000981,16.35,16.1,16.6,16.02,726,1151277.25,3.56,-1.11,-0.18,0.15
2001-11-13,000981,16.0,15.89,16.09,15.83,930,1445641.5,1.61,-1.3,-0.21,0.19
2001-11-14,000981,16.0,16.03,16.28,16.0,609,958225.31,1.76,0.88,0.14,0.12
2001-11-15,000981,16.15,16.16,16.16,15.93,467,733657.94,1.43,0.81,0.13,0.09
2001-11-16,000981,17.7,16.53,17.7,16.4,4410,7307404.0,8.04,2.29,0.37,0.88
2001-11-19,000981,16.55,16.85,16.86,16.5,4410,7307404.0,2.18,1.94,0.32,0.88
2001-11-20,000981,16.9,17.28,17.49,16.8,2106,3419271.0,4.09,2.55,0.43,0.42
2001-11-21,000981,17.4,17.28,17.4,17.1,2354,3964868.5,1.74,0.0,0.0,0.47
2001-11-22,000981,17.3,17.5,17.5,17.1,2884,4903609.0,2.31,1.27,0.22,0.58
2001-11-23,000981,17.41,17.26,17.48,17.2,1828,3094844.0,1.6,-1.37,-0.24,0.37
2001-11-26,000981,17.23,17.06,17.23,17.0,884,1476443.0,1.33,-1.16,-0.2,0.18
2001-11-27,000981,17.0,17.31,17.34,16.91,882,1483509.0,2.52,1.47,0.25,0.18
2001-11-28,000981,17.41,17.93,18.0,17.4,8387,14605004.0,3.47,3.58,0.62,1.68
2001-11-29,000981,17.9,17.9,18.04,17.81,3402,5954709.0,1.28,-0.17,-0.03,0.68
2001-11-30,000981,18.0,18.12,18.13,17.9,2999,5285442.5,1.28,1.23,0.22,0.6
2001-12-03,000981,18.11,18.13,18.3,17.99,3148,5602998.5,1.71,0.06,0.01,0.63
2001-12-04,000981,18.15,18.1,18.2,17.91,1909,3367412.75,1.6,-0.17,-0.03,0.38
2001-12-05,000981,17.98,17.71,18.28,17.7,3369,5914939.0,3.2,-2.15,-0.39,0.67
2001-12-06,000981,17.59,17.84,17.88,17.57,1896,3292767.25,1.75,0.73,0.13,0.38
2001-12-07,000981,18.0,17.98,18.08,17.91,1526,2686016.0,0.95,0.78,0.14,0.31
2001-12-10,000981,17.9,17.85,17.9,17.72,706,1227608.0,1.0,-0.72,-0.13,0.14
2001-12-11,000981,17.86,17.52,17.88,17.5,1250,2155758.0,2.13,-1.85,-0.33,0.25
2001-12-12,000981,17.56,17.24,17.56,17.21,1523,2589501.0,2.0,-1.6,-0.28,0.3
2001-12-13,000981,17.2,16.98,17.38,16.98,1611,2703553.25,2.32,-1.51,-0.26,0.32
2001-12-14,000981,16.98,16.89,17.14,16.75,1640,2711235.5,2.3,-0.53,-0.09,0.33
2001-12-17,000981,16.61,16.7,16.82,16.61,713,1165685.62,1.24,-1.12,-0.19,0.14
2001-12-18,000981,16.8,16.98,17.0,16.7,817,1343652.5,1.8,1.68,0.28,0.16
2001-12-19,000981,16.98,16.89,17.1,16.88,891,1475557.0,1.3,-0.53,-0.09,0.18
2001-12-20,000981,16.43,16.41,16.79,16.4,1619,2602681.0,2.31,-2.84,-0.48,0.32
2001-12-21,000981,16.4,16.45,16.55,16.33,698,1119365.75,1.34,0.24,0.04,0.14
2001-12-24,000981,16.4,16.21,16.48,16.17,905,1437280.5,1.88,-1.46,-0.24,0.18
2001-12-25,000981,16.21,16.33,16.38,16.11,440,699100.88,1.67,0.74,0.12,0.09
2001-12-26,000981,16.3,16.48,16.5,16.23,558,893325.31,1.65,0.92,0.15,0.11
2001-12-27,000981,16.55,16.51,16.84,16.5,781,1269322.0,2.06,0.18,0.03,0.16
2001-12-28,000981,16.42,16.69,16.78,16.42,777,1262077.62,2.18,1.09,0.18,0.16
2001-12-31,000981,16.57,16.73,16.9,16.56,573,939277.5,2.04,0.24,0.04,0.11
2002-01-04,000981,16.68,16.11,16.68,15.4,942,1500144.25,7.65,-3.71,-0.62,0.19
2002-01-07,000981,15.94,15.89,15.94,15.53,844,1294618.0,2.55,-1.37,-0.22,0.17
2002-01-08,000981,15.97,15.75,16.04,15.71,457,706913.0,2.08,-0.88,-0.14,0.09
2002-01-09,000981,15.7,15.6,15.99,15.5,1047,1600453.38,3.11,-0.95,-0.15,0.21
2002-01-10,000981,15.6,16.0,16.15,15.44,1629,2482328.25,4.55,2.56,0.4,0.33
2002-01-11,000981,16.0,15.55,16.0,15.5,825,1260469.0,3.13,-2.81,-0.45,0.17
2002-01-14,000981,15.44,14.71,15.44,14.7,2164,3174141.75,4.76,-5.4,-0.84,0.43
2002-01-15,000981,14.68,14.23,14.85,14.15,3368,4714375.5,4.76,-3.26,-0.48,0.67
2002-01-16,000981,14.29,14.51,14.6,14.01,1476,2058221.0,4.15,1.97,0.28,0.3
2002-01-17,000981,14.51,13.68,14.51,13.6,1659,2242931.75,6.27,-5.72,-0.83,0.33
2002-01-18,000981,13.4,13.62,14.0,13.0,3391,4457680.5,7.31,-0.44,-0.06,0.68
2002-01-21,000981,13.48,12.83,13.48,12.7,3045,3826402.5,5.73,-5.8,-0.79,0.61
2002-01-22,000981,12.73,13.14,13.68,12.7,4139,5332012.0,7.64,2.42,0.31,0.83
2002-01-23,000981,13.02,14.27,14.34,13.02,4413,5842228.0,10.05,8.6,1.13,0.88
2002-01-24,000981,14.18,14.25,14.73,13.68,4894,6812639.0,7.36,-0.14,-0.02,0.98
2002-01-25,000981,14.3,14.25,14.56,14.2,3065,4285469.0,2.53,0.0,0.0,0.61
2002-01-28,000981,14.26,13.23,14.45,13.05,4526,6009693.0,9.82,-7.16,-1.02,0.91
2002-01-29,000981,13.1,13.74,13.9,13.0,2650,3492359.75,6.8,3.85,0.51,0.53
2002-01-30,000981,13.62,13.78,13.85,13.5,1105,1468087.5,2.55,0.29,0.04,0.22
2002-01-31,000981,13.84,14.98,15.07,13.84,7998,11438504.0,8.93,8.71,1.2,1.6
2002-02-01,000981,15.2,15.6,15.89,15.11,17132,26075142.0,5.21,4.14,0.62,3.43
2002-02-04,000981,15.6,15.69,15.76,15.27,4854,7364862.0,3.14,0.58,0.09,0.97
2002-02-05,000981,15.68,15.55,15.72,15.4,3411,5171845.5,2.04,-0.89,-0.14,0.68
2002-02-06,000981,15.58,15.21,15.62,15.2,3147,4712563.0,2.7,-2.19,-0.34,0.63
2002-02-07,000981,15.16,15.67,15.96,15.15,4550,6979149.0,5.33,3.02,0.46,0.91
2002-02-08,000981,15.71,15.41,15.87,15.41,2766,4217863.0,2.94,-1.66,-0.26,0.55
2002-02-25,000981,15.38,14.67,15.38,14.61,10836,15569729.0,5.0,-4.8,-0.74,2.17
2002-02-26,000981,14.55,14.81,14.81,14.45,6106,8657010.0,2.45,0.95,0.14,1.22
2002-02-27,000981,14.72,14.8,14.88,14.62,3771,5421118.0,1.76,-0.07,-0.01,0.75
2002-02-28,000981,14.78,14.62,15.08,14.58,2319,3342300.0,3.38,-1.22,-0.18,0.46
2002-03-01,000981,14.58,14.81,15.05,14.55,3546,5102065.0,3.42,1.3,0.19,0.71
2002-03-04,000981,14.75,15.24,15.24,14.71,4265,6259213.0,3.58,2.9,0.43,0.85
2002-03-05,000981,15.39,15.47,15.6,15.12,6220,9306565.0,3.15,1.51,0.23,1.24
2002-03-06,000981,15.5,15.32,15.74,15.31,6783,10277062.0,2.78,-0.97,-0.15,1.36
2002-03-07,000981,15.33,15.9,15.93,15.33,6845,10390781.0,3.92,3.79,0.58,1.37
2002-03-08,000981,15.89,16.24,16.58,15.89,10384,16419478.0,4.34,2.14,0.34,2.08
2002-03-11,000981,16.24,16.31,16.38,16.0,6721,10598761.0,2.34,0.43,0.07,1.34
2002-03-12,000981,16.3,15.72,16.31,15.71,6331,9875485.0,3.68,-3.62,-0.59,1.27
2002-03-13,000981,15.6,15.62,15.99,15.55,4835,7425499.0,2.8,-0.64,-0.1,0.97
2002-03-14,000981,15.62,16.35,16.38,15.6,9166,14271795.0,4.99,4.67,0.73,1.83
2002-03-15,000981,16.4,15.76,16.66,15.74,9855,15717886.0,5.63,-3.61,-0.59,1.97
2002-03-18,000981,16.28,15.8,16.38,15.63,4361,6755778.0,4.76,0.25,0.04,0.87
2002-03-19,000981,15.81,16.53,16.6,15.78,8704,13892882.0,5.19,4.62,0.73,1.74
2002-03-20,000981,16.4,16.69,16.87,16.4,12935,21080234.0,2.84,0.97,0.16,2.59
2002-03-21,000981,16.9,17.1,17.67,16.9,21276,35940320.0,4.61,2.46,0.41,4.26
2002-03-22,000981,17.1,16.85,17.18,16.66,6743,11085768.0,3.04,-1.46,-0.25,1.35
2002-03-25,000981,16.85,16.88,16.97,16.72,4360,7175770.5,1.48,0.18,0.03,0.87
2002-03-26,000981,16.63,16.21,16.63,16.11,4450,7110843.0,3.08,-3.97,-0.67,0.89
2002-03-27,000981,16.1,16.33,16.39,16.06,3292,5206996.5,2.04,0.74,0.12,0.66
2002-03-28,000981,16.33,16.19,16.4,16.12,2960,4686676.0,1.71,-0.86,-0.14,0.59
2002-03-29,000981,16.08,15.59,16.15,15.56,4658,7164027.5,3.64,-3.71,-0.6,0.93
2002-04-01,000981,15.4,15.5,15.6,15.3,2932,4418633.5,1.92,-0.58,-0.09,0.59
2002-04-02,000981,15.5,15.29,15.61,15.28,3377,5076894.5,2.13,-1.35,-0.21,0.68
2002-04-03,000981,15.21,15.34,15.55,15.21,2257,3382671.0,2.22,0.33,0.05,0.45
2002-04-04,000981,15.34,16.01,16.07,15.34,3091,4757637.0,4.76,4.37,0.67,0.62
2002-04-05,000981,16.05,15.79,16.1,15.71,2452,3799396.75,2.44,-1.37,-0.22,0.49
2002-04-08,000981,15.75,16.0,16.02,15.71,2229,3459303.75,1.96,1.33,0.21,0.45
2002-04-09,000981,15.97,16.2,16.3,15.9,2331,3661090.0,2.5,1.25,0.2,0.47
2002-04-10,000981,16.21,16.26,16.49,16.1,2521,4008738.75,2.41,0.37,0.06,0.5
2002-04-11,000981,16.33,15.82,16.33,15.82,1478,2319245.25,3.14,-2.71,-0.44,0.3
2002-04-12,000981,15.82,15.9,16.1,15.82,1230,1913308.75,1.77,0.51,0.08,0.25
2002-04-15,000981,15.88,15.62,15.98,15.53,1639,2500430.75,2.83,-1.76,-0.28,0.33
2002-04-16,000981,15.62,15.77,16.2,15.57,1249,1930543.38,4.03,0.96,0.15,0.25
2002-04-17,000981,15.85,15.77,16.1,15.6,1088,1677292.62,3.17,0.0,0.0,0.22
2002-04-18,000981,15.61,15.64,15.78,15.6,942,1437548.0,1.14,-0.82,-0.13,0.19
2002-04-19,000981,15.59,15.69,15.76,15.4,1563,2364751.5,2.3,0.32,0.05,0.31
2002-04-22,000981,15.7,15.53,15.7,15.5,729,1107565.5,1.27,-1.02,-0.16,0.15
2002-04-23,000981,15.4,15.43,15.65,15.39,735,1109528.25,1.67,-0.64,-0.1,0.15
2002-04-24,000981,15.43,15.28,15.5,15.28,1315,1966336.62,1.43,-0.97,-0.15,0.26
2002-04-25,000981,15.38,15.32,15.38,15.25,864,1287987.25,0.85,0.26,0.04,0.17
2002-04-26,000981,15.32,15.56,15.66,15.32,1094,1656984.88,2.22,1.57,0.24,0.22
2002-04-30,000981,15.9,15.8,16.16,15.71,2369,3673432.75,2.89,1.54,0.24,0.47
2002-05-08,000981,15.8,15.79,15.98,15.7,908,1398218.0,1.77,-0.06,-0.01,0.18
2002-05-09,000981,15.72,15.77,16.05,15.72,1285,1993050.38,2.09,-0.13,-0.02,0.26
2002-05-10,000981,15.8,15.87,16.08,15.78,1261,1957143.88,1.9,0.63,0.1,0.25
2002-05-13,000981,15.87,15.55,15.87,15.5,1045,1590902.75,2.33,-2.02,-0.32,0.21
2002-05-14,000981,15.5,15.6,16.03,15.47,1232,1890780.88,3.6,0.32,0.05,0.25
2002-05-15,000981,15.63,15.46,15.65,15.46,691,1048282.56,1.22,-0.9,-0.14,0.14
2002-05-16,000981,15.41,14.71,15.41,14.7,2388,3487801.75,4.59,-4.85,-0.75,0.48
2002-05-17,000981,14.7,14.97,15.1,14.6,1843,2661364.5,3.4,1.77,0.26,0.37
2002-05-20,000981,14.95,14.8,14.95,14.64,1318,1891052.5,2.07,-1.14,-0.17,0.26
2002-05-21,000981,15.17,15.35,15.75,15.08,3527,5281704.5,4.53,3.72,0.55,0.71
2002-05-22,000981,15.33,15.35,15.4,15.22,1909,2850056.75,1.17,0.0,0.0,0.38
2002-05-23,000981,15.3,15.18,15.58,15.17,826,1233764.5,2.67,-1.11,-0.17,0.17
2002-05-24,000981,15.12,14.88,15.32,14.85,997,1455266.5,3.1,-1.98,-0.3,0.2
2002-05-27,000981,14.85,14.95,14.99,14.85,1113,1612941.75,0.94,0.47,0.07,0.22
2002-05-28,000981,15.15,15.0,15.2,14.95,1261,1846626.75,1.67,0.33,0.05,0.25
2002-05-29,000981,14.98,14.56,14.98,14.48,2136,3053573.75,3.33,-2.93,-0.44,0.43
2002-05-30,000981,14.54,14.45,14.6,14.25,1365,1917322.12,2.4,-0.76,-0.11,0.27
2002-05-31,000981,14.46,14.33,14.58,14.31,529,743919.19,1.87,-0.83,-0.12,0.11
2002-06-03,000981,14.2,14.03,14.3,14.0,1758,2417283.0,2.09,-2.09,-0.3,0.35
2002-06-04,000981,14.1,14.05,14.2,13.91,950,1296329.62,2.07,0.14,0.02,0.19
2002-06-05,000981,14.05,13.79,14.05,13.76,825,1110860.75,2.06,-1.85,-0.26,0.17
2002-06-06,000981,13.75,14.39,14.61,13.6,1895,2603840.0,7.32,4.35,0.6,0.38
2002-06-07,000981,14.6,14.44,14.65,14.21,1910,2691725.75,3.06,0.35,0.05,0.38
2002-06-10,000981,14.25,14.18,14.4,14.06,927,1283808.0,2.35,-1.8,-0.26,0.19
2002-06-11,000981,14.18,14.3,14.4,14.1,711,986499.0,2.12,0.85,0.12,0.14
2002-06-12,000981,14.31,14.28,14.35,14.15,602,834801.0,1.4,-0.14,-0.02,0.12
2002-06-13,000981,14.3,14.1,14.38,14.06,363,500310.0,2.24,-1.26,-0.18,0.07
2002-06-14,000981,14.07,13.92,14.22,13.9,617,840651.38,2.27,-1.28,-0.18,0.12
2002-06-17,000981,13.72,13.78,13.92,13.7,991,1325850.0,1.58,-1.01,-0.14,0.2
2002-06-18,000981,13.9,14.13,14.19,13.9,726,995560.69,2.1,2.54,0.35,0.15
2002-06-19,000981,14.13,13.97,14.16,13.95,405,553729.38,1.49,-1.13,-0.16,0.08
2002-06-20,000981,13.97,14.08,14.16,13.97,526,721912.38,1.36,0.79,0.11,0.11
2002-06-21,000981,14.1,14.67,14.7,14.1,2851,4039037.25,4.26,4.19,0.59,0.57
2002-06-24,000981,16.1,16.1,16.1,15.57,16571,25795572.0,3.61,9.75,1.43,3.31
2002-06-25,000981,16.2,15.77,16.29,15.7,7758,12129301.0,3.66,-2.05,-0.33,1.55
2002-06-26,000981,15.6,16.05,16.48,15.55,7393,11604746.0,5.9,1.78,0.28,1.48
2002-06-27,000981,16.18,15.93,16.18,15.88,2142,3339649.5,1.87,-0.75,-0.12,0.43
2002-06-28,000981,16.1,15.87,16.18,15.7,2937,4516618.5,3.01,-0.38,-0.06,0.59
2002-07-02,000981,15.8,15.83,15.83,15.5,2105,3192614.0,2.08,-0.25,-0.04,0.42
2002-07-03,000981,15.83,15.71,15.84,15.66,1445,2197568.0,1.14,-0.76,-0.12,0.29
2002-07-04,000981,15.71,15.51,15.73,15.5,1590,2402232.75,1.46,-1.27,-0.2,0.32
2002-07-05,000981,15.5,15.48,15.51,15.4,761,1137599.38,0.71,-0.19,-0.03,0.15
2002-07-08,000981,15.5,15.7,15.72,15.42,1334,2018499.25,1.94,1.42,0.22,0.27
2002-07-09,000981,15.7,15.57,15.7,15.55,657,993355.44,0.96,-0.83,-0.13,0.13
2002-07-10,000981,15.78,15.38,15.78,15.36,1453,2169725.5,2.7,-1.22,-0.19,0.29
2002-07-11,000981,15.31,15.48,15.6,15.31,849,1269088.12,1.89,0.65,0.1,0.17
2002-07-12,000981,15.45,15.35,15.45,15.28,745,1105331.75,1.1,-0.84,-0.13,0.15
2002-07-15,000981,15.17,15.14,15.3,15.13,793,1164885.62,1.11,-1.37,-0.21,0.16
2002-07-16,000981,15.2,15.18,15.31,15.18,482,709988.5,0.86,0.26,0.04,0.1
2002-07-17,000981,15.18,15.18,15.2,14.98,1028,1496675.62,1.45,0.0,0.0,0.21
2002-07-18,000981,15.18,15.12,15.24,15.08,811,1191296.88,1.05,-0.4,-0.06,0.16
2002-07-19,000981,15.47,15.24,15.47,15.19,714,1053433.38,1.85,0.79,0.12,0.14
2002-07-22,000981,15.4,15.1,15.4,15.1,820,1204015.0,1.97,-0.92,-0.14,0.16
2002-07-23,000981,15.1,14.96,15.11,14.95,909,1320823.88,1.06,-0.93,-0.14,0.18
2002-07-24,000981,15.1,14.86,15.26,14.78,933,1344189.12,3.21,-0.67,-0.1,0.19
2002-07-25,000981,14.9,14.87,15.02,14.82,638,917895.94,1.35,0.07,0.01,0.13
2002-07-26,000981,14.88,14.75,14.89,14.73,672,962014.0,1.08,-0.81,-0.12,0.13
2002-07-29,000981,14.75,14.79,14.79,14.66,764,1086003.5,0.88,0.27,0.04,0.15
2002-07-30,000981,14.74,14.88,15.0,14.5,1684,2399148.0,3.38,0.61,0.09,0.34
2002-07-31,000981,14.9,14.66,14.94,14.65,359,511902.38,1.95,-1.48,-0.22,0.07
2002-08-01,000981,14.7,14.64,14.7,14.55,390,551229.19,1.02,-0.14,-0.02,0.08
2002-08-02,000981,14.68,14.85,14.85,14.6,448,637243.38,1.71,1.43,0.21,0.09
2002-08-05,000981,14.69,14.95,14.96,14.69,590,847652.5,1.82,0.67,0.1,0.12
2002-08-06,000981,14.95,15.03,15.1,14.94,834,1211474.88,1.07,0.54,0.08,0.17
2002-08-07,000981,15.08,15.07,15.09,14.95,915,1330250.88,0.93,0.27,0.04,0.18
2002-08-08,000981,15.1,14.83,15.1,14.81,403,582705.0,1.92,-1.59,-0.24,0.08
2002-08-09,000981,14.84,14.69,14.88,14.64,439,624518.38,1.62,-0.94,-0.14,0.09
2002-08-12,000981,14.65,14.56,14.65,14.55,667,941147.75,0.68,-0.88,-0.13,0.13
2002-08-13,000981,14.58,14.6,14.72,14.56,223,314782.0,1.1,0.27,0.04,0.04
2002-08-14,000981,14.56,14.78,14.8,14.56,282,401210.0,1.64,1.23,0.18,0.06
2002-08-15,000981,14.6,14.64,14.8,14.6,201,285261.72,1.35,-0.95,-0.14,0.04
2002-08-16,000981,14.64,14.72,14.75,14.51,631,892089.5,1.64,0.55,0.08,0.13
2002-08-19,000981,14.61,14.39,14.7,14.1,1289,1799204.0,4.08,-2.24,-0.33,0.26
2002-08-20,000981,14.39,14.61,14.65,14.39,918,1288275.62,1.81,1.53,0.22,0.18
2002-08-21,000981,14.6,14.85,14.96,14.45,2043,2914263.25,3.49,1.64,0.24,0.41
2002-08-22,000981,15.05,15.73,16.2,14.89,26485,40290936.0,8.82,5.93,0.88,5.3
2002-08-23,000981,15.68,15.56,15.75,15.41,6537,9859306.0,2.16,-1.08,-0.17,1.31
2002-08-26,000981,15.5,15.66,15.75,15.5,5141,7781164.5,1.61,0.64,0.1,1.03
2002-08-27,000981,15.66,16.07,16.42,15.66,14261,22227948.0,4.85,2.62,0.41,2.85
2002-08-28,000981,16.07,15.72,16.16,15.71,4211,6460663.5,2.8,-2.18,-0.35,0.84
2002-08-29,000981,15.6,15.41,15.73,15.31,4568,6832673.5,2.67,-1.97,-0.31,0.91
2002-08-30,000981,15.56,15.4,15.57,15.37,1061,1588341.38,1.3,-0.06,-0.01,0.21
2002-09-02,000981,15.41,15.52,15.6,15.41,909,1363496.12,1.23,0.78,0.12,0.18
2002-09-03,000981,15.67,15.67,15.88,15.53,2983,4547168.0,2.26,0.97,0.15,0.6
2002-09-04,000981,15.72,15.58,15.79,15.53,1717,2599743.0,1.66,-0.57,-0.09,0.34
2002-09-05,000981,15.5,15.27,15.51,15.24,2460,3649250.75,1.73,-1.99,-0.31,0.49
2002-09-06,000981,15.35,15.25,15.48,15.23,1688,2497057.75,1.64,-0.13,-0.02,0.34
2002-09-09,000981,15.26,15.34,15.5,15.11,1009,1496676.5,2.56,0.59,0.09,0.2
2002-09-10,000981,15.35,15.44,15.46,15.25,1206,1794034.38,1.37,0.65,0.1,0.24
2002-09-11,000981,15.48,15.35,15.5,15.17,1099,1625230.88,2.14,-0.58,-0.09,0.22
2002-09-12,000981,15.25,15.62,15.7,15.25,2592,3902051.25,2.93,1.76,0.27,0.52
2002-09-13,000981,15.56,15.68,15.8,15.56,4189,6383508.5,1.54,0.38,0.06,0.84
2002-09-16,000981,15.68,15.8,15.89,15.53,5734,8748841.0,2.3,0.77,0.12,1.15
2002-09-17,000981,15.8,15.86,15.88,15.55,4372,6671231.5,2.09,0.38,0.06,0.87
2002-09-18,000981,15.86,15.4,15.88,15.36,3115,4715933.0,3.28,-2.9,-0.46,0.62
2002-09-19,000981,15.31,15.7,15.78,15.28,3497,5255858.5,3.25,1.95,0.3,0.7
2002-09-20,000981,15.58,15.46,15.67,15.44,1186,1782844.5,1.46,-1.53,-0.24,0.24
2002-09-23,000981,15.46,15.4,15.55,15.38,1237,1847992.38,1.1,-0.39,-0.06,0.25
2002-09-24,000981,15.5,15.51,15.63,15.42,1543,2322987.0,1.36,0.71,0.11,0.31
2002-09-25,000981,15.56,15.31,15.6,15.3,1874,2800041.0,1.93,-1.29,-0.2,0.37
2002-09-26,000981,15.31,14.93,15.4,14.92,3509,5123161.5,3.14,-2.48,-0.38,0.7
2002-09-27,000981,14.96,14.79,15.12,14.71,1535,2202884.5,2.75,-0.94,-0.14,0.31
2002-10-08,000981,14.7,14.65,14.74,14.58,1068,1512506.75,1.08,-0.95,-0.14,0.21
2002-10-09,000981,14.65,14.45,14.75,14.29,1321,1846560.75,3.14,-1.37,-0.2,0.26
2002-10-10,000981,14.45,14.48,14.58,14.38,957,1339581.38,1.38,0.21,0.03,0.19
2002-10-11,000981,14.5,14.45,14.54,14.45,808,1130304.88,0.62,-0.21,-0.03,0.16
2002-10-14,000981,14.4,14.39,14.5,14.08,1488,2052588.5,2.91,-0.42,-0.06,0.3
2002-10-15,000981,14.34,14.35,14.49,14.34,748,1040193.5,1.04,-0.28,-0.04,0.15
2002-10-16,000981,14.45,14.5,14.78,14.45,2580,3627443.25,2.3,1.05,0.15,0.52
2002-10-17,000981,14.4,14.2,14.48,14.15,1508,2077322.88,2.28,-2.07,-0.3,0.3
2002-10-18,000981,14.32,14.3,14.4,14.11,742,1018897.5,2.04,0.7,0.1,0.15
2002-10-21,000981,14.29,14.32,14.35,14.15,491,676301.38,1.4,0.14,0.02,0.1
2002-10-22,000981,14.38,14.54,14.64,14.38,1563,2195594.0,1.82,1.54,0.22,0.31
2002-10-23,000981,14.5,14.55,14.6,14.41,611,853529.69,1.31,0.07,0.01,0.12
2002-10-24,000981,14.55,14.46,14.59,14.42,622,870991.88,1.17,-0.62,-0.09,0.12
2002-10-25,000981,14.28,14.3,14.56,14.28,591,819321.75,1.94,-1.11,-0.16,0.12
2002-10-28,000981,14.26,13.8,14.26,13.75,2295,3081109.0,3.57,-3.5,-0.5,0.46
2002-10-29,000981,13.98,14.02,14.36,13.55,1457,1945432.0,5.87,1.59,0.22,0.29
2002-10-30,000981,14.1,13.87,14.1,13.83,599,804516.56,1.93,-1.07,-0.15,0.12
2002-10-31,000981,13.9,13.91,14.05,13.9,477,642995.0,1.08,0.29,0.04,0.1
2002-11-01,000981,13.92,13.93,13.95,13.76,463,617515.06,1.37,0.14,0.02,0.09
2002-11-04,000981,14.0,14.26,14.3,14.0,954,1304521.5,2.15,2.37,0.33,0.19
2002-11-05,000981,14.39,14.43,14.62,14.28,2850,3982276.75,2.38,1.19,0.17,0.57
2002-11-06,000981,14.38,14.32,14.5,14.3,1087,1507054.38,1.39,-0.76,-0.11,0.22
2002-11-07,000981,14.49,14.3,14.5,14.2,1073,1476566.0,2.09,-0.14,-0.02,0.21
2002-11-08,000981,14.4,13.9,14.6,13.9,1327,1803212.0,4.9,-2.8,-0.4,0.27
2002-11-11,000981,13.9,13.69,14.15,13.52,1359,1803107.88,4.53,-1.51,-0.21,0.27
2002-11-12,000981,13.63,13.29,13.75,13.26,2317,2998782.0,3.58,-2.92,-0.4,0.46
2002-11-13,000981,13.29,13.26,13.4,12.9,2186,2751284.5,3.76,-0.23,-0.03,0.44
2002-11-14,000981,13.26,12.9,13.27,12.9,1651,2072252.38,2.79,-2.71,-0.36,0.33
2002-11-15,000981,12.9,13.05,13.27,12.9,1527,1925412.88,2.87,1.16,0.15,0.31
2002-11-18,000981,13.1,13.08,13.18,12.9,574,719645.81,2.15,0.23,0.03,0.11
2002-11-19,000981,13.09,13.25,13.26,13.0,869,1097627.25,1.99,1.3,0.17,0.17
2002-11-20,000981,13.19,12.83,13.2,12.8,1181,1472240.0,3.02,-3.17,-0.42,0.24
2002-11-21,000981,12.7,12.35,12.7,12.35,2055,2467109.0,2.73,-3.74,-0.48,0.41
2002-11-22,000981,12.4,12.28,12.69,12.02,1331,1575558.38,5.43,-0.57,-0.07,0.27
2002-11-25,000981,12.2,12.29,12.4,12.2,666,787255.56,1.63,0.08,0.01,0.13
2002-11-26,000981,12.29,11.93,12.5,11.92,1264,1492402.25,4.72,-2.93,-0.36,0.25
2002-11-27,000981,11.71,11.81,12.0,11.63,1393,1575804.12,3.1,-1.01,-0.12,0.28
2002-11-28,000981,11.9,12.34,12.37,11.8,1899,2217494.5,4.83,4.49,0.53,0.38
2002-11-29,000981,12.36,12.58,12.86,12.3,5351,6474669.5,4.54,1.94,0.24,1.07
2002-12-02,000981,12.41,12.04,12.45,12.04,1641,1927923.75,3.26,-4.29,-0.54,0.33
2002-12-03,000981,11.86,12.24,12.32,11.86,840,977330.0,3.82,1.66,0.2,0.17
2002-12-04,000981,12.3,12.34,12.58,12.2,1765,2104794.25,3.1,0.82,0.1,0.35
2002-12-05,000981,12.34,12.13,12.34,12.08,694,809482.94,2.11,-1.7,-0.21,0.14
2002-12-06,000981,12.2,12.22,12.4,12.1,964,1129256.0,2.47,0.74,0.09,0.19
2002-12-09,000981,12.11,12.09,12.31,12.06,821,957400.62,2.05,-1.06,-0.13,0.16
2002-12-10,000981,12.08,12.0,12.28,12.0,860,994442.0,2.32,-0.74,-0.09,0.17
2002-12-11,000981,11.9,11.96,11.97,11.85,648,738647.0,1.0,-0.33,-0.04,0.13
2002-12-12,000981,12.02,12.06,12.38,11.97,1438,1664846.88,3.43,0.84,0.1,0.29
2002-12-13,000981,12.03,12.13,12.25,11.81,1183,1362430.5,3.65,0.58,0.07,0.24
2002-12-16,000981,12.3,12.27,12.35,12.1,1107,1300120.38,2.06,1.15,0.14,0.22
2002-12-17,000981,12.38,12.34,12.38,12.16,802,946635.12,1.79,0.57,0.07,0.16
2002-12-18,000981,12.34,12.34,12.5,12.28,1900,2262023.0,1.78,0.0,0.0,0.38
2002-12-19,000981,12.3,12.31,12.42,12.2,672,792904.0,1.78,-0.24,-0.03,0.13
2002-12-20,000981,12.31,12.62,12.8,12.3,2874,3486018.75,4.06,2.52,0.31,0.57
2002-12-23,000981,12.65,12.55,12.75,12.55,1735,2109006.0,1.58,-0.55,-0.07,0.35
2002-12-24,000981,12.35,12.53,12.54,12.35,920,1100084.5,1.51,-0.16,-0.02,0.18
2002-12-25,000981,12.53,12.4,12.57,12.4,704,842376.94,1.36,-1.04,-0.13,0.14
2002-12-26,000981,12.3,11.97,12.38,11.92,1670,1947687.0,3.71,-3.47,-0.43,0.33
2002-12-27,000981,11.95,11.98,12.16,11.86,1340,1538288.25,2.51,0.08,0.01,0.27
2002-12-30,000981,11.98,11.78,11.98,11.75,1382,1564084.38,1.92,-1.67,-0.2,0.28
2002-12-31,000981,11.82,11.69,11.94,11.66,811,915721.0,2.38,-0.76,-0.09,0.16
2003-01-02,000981,11.68,11.44,11.88,11.4,1613,1789855.5,4.11,-2.14,-0.25,0.32
2003-01-03,000981,11.39,11.42,11.55,11.35,708,776573.12,1.75,-0.17,-0.02,0.14
2003-01-06,000981,11.38,11.65,11.68,11.38,712,787943.5,2.63,2.01,0.23,0.14
2003-01-07,000981,11.66,11.65,11.92,11.5,1076,1210588.88,3.61,0.0,0.0,0.22
2003-01-08,000981,11.52,11.88,11.88,11.52,983,1106945.12,3.09,1.97,0.23,0.2
2003-01-09,000981,11.95,12.16,12.25,11.8,3408,3928763.75,3.79,2.36,0.28,0.68
2003-01-10,000981,12.25,12.02,12.25,12.0,2316,2699363.75,2.06,-1.15,-0.14,0.46
2003-01-13,000981,11.98,12.11,12.15,11.98,1420,1641440.88,1.41,0.75,0.09,0.28
2003-01-14,000981,12.1,12.6,12.8,12.04,5685,6826338.0,6.28,4.05,0.49,1.14
2003-01-15,000981,12.6,12.66,13.15,12.55,7624,9411373.0,4.76,0.48,0.06,1.52
2003-01-16,000981,12.7,12.92,13.0,12.7,3672,4524331.5,2.37,2.05,0.26,0.73
2003-01-17,000981,12.9,12.73,12.99,12.7,3052,3756529.75,2.24,-1.47,-0.19,0.61
2003-01-20,000981,11.73,13.21,13.48,11.73,8462,10654010.0,13.75,3.77,0.48,1.69
2003-01-21,000981,13.29,12.9,13.35,12.83,5475,6864391.5,3.94,-2.35,-0.31,1.1
2003-01-22,000981,13.2,13.29,13.85,13.06,16112,20871100.0,6.12,3.02,0.39,3.22
2003-01-23,000981,13.18,13.01,13.36,13.0,6011,7623249.5,2.71,-2.11,-0.28,1.2
2003-01-24,000981,13.0,13.12,13.18,12.89,3016,3775513.75,2.23,0.85,0.11,0.6
2003-01-27,000981,13.13,13.19,13.29,13.12,2308,2935033.25,1.3,0.53,0.07,0.46
2003-01-28,000981,13.25,13.2,13.33,13.1,2181,2767883.5,1.74,0.08,0.01,0.44
2003-01-29,000981,13.2,13.15,13.26,13.1,1738,2204395.0,1.21,-0.38,-0.05,0.35
2003-02-10,000981,12.88,12.84,13.05,12.8,1114,1384893.88,1.9,-2.36,-0.31,0.22
2003-02-11,000981,12.85,12.93,12.98,12.8,891,1103626.88,1.4,0.7,0.09,0.18
2003-02-12,000981,12.93,13.08,13.08,12.85,1751,2182057.5,1.78,1.16,0.15,0.35
2003-02-13,000981,13.2,13.1,13.38,13.07,2487,3162538.25,2.37,0.15,0.02,0.5
2003-02-14,000981,13.08,13.15,13.15,13.01,1071,1347243.12,1.07,0.38,0.05,0.21
2003-02-17,000981,13.15,12.91,13.16,12.88,1862,2326814.0,2.13,-1.83,-0.24,0.37
2003-02-18,000981,12.9,12.9,12.91,12.8,1354,1673134.75,0.85,-0.08,-0.01,0.27
2003-02-19,000981,13.15,13.02,13.15,12.9,861,1074596.75,1.94,0.93,0.12,0.17
2003-02-20,000981,13.08,12.98,13.11,12.98,1187,1487573.38,1.0,-0.31,-0.04,0.24
2003-02-21,000981,12.9,12.68,12.96,12.68,2158,2647078.0,2.16,-2.31,-0.3,0.43
2003-02-24,000981,12.6,12.71,12.9,12.58,1153,1410196.25,2.52,0.24,0.03,0.23
2003-02-25,000981,12.74,13.05,13.15,12.65,3210,4001835.5,3.93,2.68,0.34,0.64
2003-02-26,000981,13.18,13.05,13.18,12.96,975,1222250.75,1.69,0.0,0.0,0.2
2003-02-27,000981,12.91,13.07,13.12,12.85,1098,1375649.88,2.07,0.15,0.02,0.22
2003-02-28,000981,13.08,13.02,13.08,12.92,1030,1284432.5,1.22,-0.38,-0.05,0.21
2003-03-03,000981,13.02,13.18,13.2,12.95,2025,2555827.75,1.92,1.23,0.16,0.41
2003-03-04,000981,13.16,13.14,13.2,13.1,2171,2747980.25,0.76,-0.3,-0.04,0.43
2003-03-05,000981,13.14,12.99,13.14,12.9,1345,1682411.75,1.83,-1.14,-0.15,0.27
2003-03-06,000981,13.11,12.74,13.11,12.71,1203,1479971.75,3.08,-1.92,-0.25,0.24
2003-03-07,000981,12.74,12.73,12.86,12.71,1046,1282586.0,1.18,-0.08,-0.01,0.21
2003-03-10,000981,12.68,12.38,12.73,12.36,1616,1938202.0,2.91,-2.75,-0.35,0.32
2003-03-11,000981,12.41,12.34,12.47,12.32,1063,1260827.0,1.21,-0.32,-0.04,0.21
2003-03-12,000981,12.35,12.42,12.45,12.25,857,1014239.0,1.62,0.65,0.08,0.17
2003-03-13,000981,12.42,12.29,12.44,12.28,654,774640.62,1.29,-1.05,-0.13,0.13
2003-03-14,000981,12.3,12.26,12.32,12.25,893,1052578.38,0.57,-0.24,-0.03,0.18
2003-03-17,000981,12.17,12.15,12.43,11.89,1348,1560345.5,4.4,-0.9,-0.11,0.27
2003-03-18,000981,12.1,11.97,12.25,11.95,901,1048876.5,2.47,-1.48,-0.18,0.18
2003-03-19,000981,11.96,12.06,12.13,11.93,1205,1389689.25,1.67,0.75,0.09,0.24
2003-03-20,000981,12.25,12.1,12.26,12.03,687,798223.12,1.91,0.33,0.04,0.14
2003-03-21,000981,11.96,12.18,12.21,11.96,684,796841.0,2.07,0.66,0.08,0.14
2003-03-24,000981,12.2,12.11,12.24,12.02,413,479714.5,1.81,-0.57,-0.07,0.08
2003-03-25,000981,12.07,11.9,12.07,11.9,832,954255.81,1.4,-1.73,-0.21,0.17
2003-03-26,000981,11.85,11.8,11.97,11.8,924,1049379.38,1.43,-0.84,-0.1,0.18
2003-03-27,000981,11.7,12.16,12.22,11.68,1713,1941925.12,4.58,3.05,0.36,0.34
2003-03-28,000981,12.04,11.97,12.18,11.97,1384,1604162.62,1.73,-1.56,-0.19,0.28
2003-03-31,000981,12.09,12.16,12.16,11.97,953,1098971.88,1.59,1.59,0.19,0.19
2003-04-01,000981,12.12,12.25,12.35,12.12,1639,1921832.5,1.89,0.74,0.09,0.33
2003-04-02,000981,11.9,12.37,12.46,11.9,2879,3424897.75,4.57,0.98,0.12,0.58
2003-04-03,000981,12.37,12.33,12.4,12.25,1596,1890661.25,1.21,-0.32,-0.04,0.32
2003-04-04,000981,12.32,12.22,12.33,12.15,609,715191.81,1.46,-0.89,-0.11,0.12
2003-04-07,000981,12.23,11.99,12.23,11.99,1213,1407325.0,1.96,-1.88,-0.23,0.24
2003-04-08,000981,11.93,11.85,12.1,11.8,2070,2371501.75,2.5,-1.17,-0.14,0.41
2003-04-09,000981,11.9,12.01,12.01,11.8,2166,2462348.0,1.77,1.35,0.16,0.43
2003-04-10,000981,12.0,12.03,12.21,11.86,2964,3395524.75,2.91,0.17,0.02,0.59
2003-04-11,000981,12.15,12.16,12.17,12.0,2998,3470205.25,1.41,1.08,0.13,0.6
2003-04-14,000981,12.11,12.47,12.57,12.1,4557,5436308.0,3.87,2.55,0.31,0.91
2003-04-15,000981,12.56,12.61,12.68,12.5,3392,4099398.0,1.44,1.12,0.14,0.68
2003-04-16,000981,12.58,12.28,12.72,12.25,3466,4156043.0,3.73,-2.62,-0.33,0.69
2003-04-17,000981,12.28,12.52,12.53,12.14,3790,4484668.0,3.18,1.95,0.24,0.76
2003-04-18,000981,12.48,12.24,12.48,12.18,3286,3865858.25,2.4,-2.24,-0.28,0.66
2003-04-21,000981,12.23,11.95,12.23,11.9,2895,3328116.75,2.7,-2.37,-0.29,0.58
2003-04-22,000981,11.9,11.92,12.0,11.89,1355,1548302.88,0.92,-0.25,-0.03,0.27
2003-04-23,000981,11.88,11.76,11.96,11.68,2122,2402380.25,2.35,-1.34,-0.16,0.42
2003-04-24,000981,11.77,11.55,12.0,11.51,2629,2934251.25,4.17,-1.79,-0.21,0.53
2003-04-25,000981,11.5,11.1,11.6,10.91,3489,3776876.75,5.97,-3.9,-0.45,0.7
2003-04-28,000981,11.05,10.84,11.08,10.58,7067,7189072.0,4.5,-2.34,-0.26,1.41
2003-04-29,000981,10.67,10.22,10.67,10.21,7153,7014008.5,4.24,-5.72,-0.62,1.43
2003-04-30,000981,10.0,10.17,10.18,9.93,7618,7266892.5,2.45,-0.49,-0.05,1.52
2003-05-12,000981,10.15,9.46,10.26,9.42,5807,5343839.0,8.26,-6.98,-0.71,1.16
2003-05-13,000981,9.46,9.51,9.53,9.02,7552,6580187.0,5.39,0.53,0.05,1.51
2003-05-14,000981,9.43,9.86,9.88,9.36,6726,6222024.0,5.47,3.68,0.35,1.35
2003-05-15,000981,9.8,10.39,10.54,9.61,10850,10521260.0,9.43,5.38,0.53,2.17
2003-05-16,000981,10.31,10.19,10.31,10.04,4207,4062351.75,2.6,-1.92,-0.2,0.84
2003-05-19,000981,10.15,10.36,10.49,10.15,3548,3489622.5,3.34,1.67,0.17,0.71
2003-05-20,000981,10.29,10.05,10.31,10.03,2660,2563985.25,2.7,-2.99,-0.31,0.53
2003-05-21,000981,10.05,10.02,10.22,9.91,1270,1221636.62,3.08,-0.3,-0.03,0.25
2003-05-22,000981,10.04,10.12,10.16,10.01,1440,1380905.25,1.5,1.0,0.1,0.29
2003-05-26,000981,10.24,10.15,10.3,10.1,2685,2594993.0,1.98,0.3,0.03,0.54
2003-05-27,000981,10.15,10.47,10.54,10.15,6424,6379604.5,3.84,3.15,0.32,1.28
2003-05-28,000981,10.58,10.56,10.86,10.54,8587,8757443.0,3.06,0.86,0.09,1.72
2003-05-29,000981,10.55,10.78,10.86,10.55,5287,5415233.5,2.94,2.08,0.22,1.06
2003-05-30,000981,10.85,10.72,10.91,10.7,5362,5523822.5,1.95,-0.56,-0.06,1.07
2003-06-02,000981,10.81,10.74,10.86,10.68,3372,3465965.25,1.68,0.19,0.02,0.67
2003-06-03,000981,10.76,10.45,10.82,10.43,3025,3053683.25,3.63,-2.7,-0.29,0.61
2003-06-04,000981,10.4,10.25,10.45,10.18,4117,4036559.0,2.58,-1.91,-0.2,0.82
2003-06-05,000981,10.25,10.19,10.3,10.18,1852,1805277.62,1.17,-0.59,-0.06,0.37
2003-06-06,000981,10.16,10.06,10.24,10.05,2525,2436388.25,1.86,-1.28,-0.13,0.51
2003-06-09,000981,10.06,9.88,10.13,9.88,2107,1999416.0,2.49,-1.79,-0.18,0.42
2003-06-10,000981,9.94,9.94,9.97,9.87,1384,1304122.88,1.01,0.61,0.06,0.28
2003-06-11,000981,9.95,10.25,10.25,9.95,1962,1893683.5,3.02,3.12,0.31,0.39
2003-06-12,000981,10.26,10.22,10.3,10.16,1536,1496994.75,1.37,-0.29,-0.03,0.31
2003-06-13,000981,10.38,10.45,10.47,10.24,2415,2376345.75,2.25,2.25,0.23,0.48
2003-06-16,000981,10.43,10.3,10.43,10.24,1375,1349661.62,1.82,-1.44,-0.15,0.28
2003-06-17,000981,10.26,10.6,10.64,10.26,4574,4566924.5,3.69,2.91,0.3,0.91
2003-06-18,000981,10.5,10.6,10.64,10.45,3163,3170092.75,1.79,0.0,0.0,0.63
2003-06-19,000981,10.6,10.54,10.6,10.27,4548,4534264.0,3.11,-0.57,-0.06,0.91
2003-06-20,000981,10.48,10.55,10.71,10.46,5602,5668368.0,2.37,0.09,0.01,1.12
2003-06-23,000981,10.59,10.69,10.7,10.48,5979,6054390.0,2.09,1.33,0.14,1.2
2003-06-24,000981,10.66,10.67,10.96,10.52,14252,14565062.0,4.12,-0.19,-0.02,2.85
2003-06-25,000981,10.6,10.16,10.67,10.08,7672,7583940.0,5.53,-4.78,-0.51,1.53
2003-06-26,000981,10.1,10.17,10.32,9.88,5190,4973753.0,4.33,0.1,0.01,1.04
2003-06-27,000981,10.22,9.98,10.22,9.95,2126,2034142.75,2.65,-1.87,-0.19,0.43
2003-06-30,000981,9.95,9.97,10.07,9.88,1338,1267151.5,1.9,-0.1,-0.01,0.27
2003-07-01,000981,9.95,9.95,10.1,9.9,1271,1211650.25,2.01,-0.2,-0.02,0.25
2003-07-02,000981,9.95,9.8,9.99,9.74,1623,1510537.12,2.51,-1.51,-0.15,0.32
2003-07-03,000981,9.88,9.78,9.88,9.75,1519,1413288.0,1.33,-0.2,-0.02,0.3
2003-07-04,000981,9.78,9.84,9.9,9.78,1004,934085.38,1.23,0.61,0.06,0.2
2003-07-07,000981,9.84,9.91,9.92,9.74,1297,1197084.75,1.83,0.71,0.07,0.26
2003-07-08,000981,9.9,10.09,10.2,9.88,1503,1421993.25,3.23,1.82,0.18,0.3
2003-07-09,000981,10.18,10.0,10.18,9.99,676,638239.38,1.88,-0.89,-0.09,0.14
2003-07-10,000981,10.09,10.18,10.25,9.94,2416,2306478.0,3.1,1.8,0.18,0.48
2003-07-11,000981,10.1,10.09,10.26,10.03,1570,1498874.0,2.26,-0.88,-0.09,0.31
2003-07-14,000981,10.08,10.1,10.14,9.96,1396,1318355.38,1.78,0.1,0.01,0.28
2003-07-15,000981,10.1,10.17,10.18,10.1,1242,1184120.5,0.79,0.69,0.07,0.25
2003-07-16,000981,10.16,10.24,10.26,10.11,1403,1344444.88,1.47,0.69,0.07,0.28
2003-07-17,000981,10.24,10.17,10.24,10.06,1711,1629124.75,1.76,-0.68,-0.07,0.34
2003-07-18,000981,9.9,9.42,9.9,9.4,6690,6051080.0,4.92,-7.37,-0.75,1.34
2003-07-21,000981,9.4,9.56,9.56,9.13,7182,6294182.0,4.56,1.49,0.14,1.44
2003-07-22,000981,9.6,9.78,9.78,9.54,7259,6556703.5,2.51,2.3,0.22,1.45
2003-07-23,000981,9.75,9.66,9.75,9.56,2460,2223520.5,1.94,-1.23,-0.12,0.49
2003-07-24,000981,9.62,9.47,9.67,9.41,1770,1578950.5,2.69,-1.97,-0.19,0.35
2003-07-25,000981,9.35,9.54,9.69,9.35,1808,1619402.38,3.59,0.74,0.07,0.36
2003-07-28,000981,9.54,9.48,9.6,9.44,1131,1009523.69,1.68,-0.63,-0.06,0.23
2003-07-29,000981,9.45,9.54,9.57,9.45,1369,1221075.88,1.27,0.63,0.06,0.27
2003-07-30,000981,9.54,9.74,9.8,9.46,4750,4328414.5,3.56,2.1,0.2,0.95
2003-07-31,000981,9.74,9.71,9.78,9.68,1375,1254878.25,1.03,-0.31,-0.03,0.27
2003-08-01,000981,9.66,10.22,10.54,9.66,14640,13805020.0,9.06,5.25,0.51,2.93
2003-08-04,000981,10.2,10.38,10.46,10.07,10559,10263047.0,3.82,1.57,0.16,2.11
2003-08-05,000981,10.33,10.26,10.35,10.2,9333,9040492.0,1.45,-1.16,-0.12,1.87
2003-08-06,000981,10.23,10.45,10.73,10.1,17663,16994238.0,6.14,1.85,0.19,3.53
2003-08-07,000981,10.3,10.18,10.3,10.12,7453,7151350.5,1.72,-2.58,-0.27,1.49
2003-08-08,000981,10.2,9.96,10.2,9.88,3127,2944317.25,3.14,-2.16,-0.22,0.63
2003-08-11,000981,9.8,9.89,9.96,9.8,1173,1089156.12,1.61,-0.7,-0.07,0.23
2003-08-12,000981,9.99,10.05,10.12,9.92,1494,1406344.25,2.02,1.62,0.16,0.3
2003-08-13,000981,10.05,9.78,10.05,9.76,2015,1866086.38,2.89,-2.69,-0.27,0.4
2003-08-14,000981,9.75,9.88,10.1,9.67,2604,2435123.25,4.4,1.02,0.1,0.52
2003-08-15,000981,10.02,9.92,10.02,9.82,888,828085.25,2.02,0.4,0.04,0.18
2003-08-18,000981,9.91,9.87,10.04,9.81,614,570088.38,2.32,-0.5,-0.05,0.12
2003-08-19,000981,10.01,10.01,10.05,9.8,1475,1381992.38,2.53,1.42,0.14,0.29
2003-08-20,000981,10.08,10.16,10.2,9.97,2291,2168313.5,2.3,1.5,0.15,0.46
2003-08-21,000981,10.15,10.16,10.19,10.06,919,875489.0,1.28,0.0,0.0,0.18
2003-08-22,000981,10.08,10.1,10.2,10.06,1171,1114494.25,1.38,-0.59,-0.06,0.23
2003-08-25,000981,10.05,9.87,10.05,9.8,1435,1333265.75,2.48,-2.28,-0.23,0.29
2003-08-26,000981,9.92,9.87,9.95,9.76,922,853225.31,1.93,0.0,0.0,0.18
2003-08-27,000981,9.95,9.83,9.95,9.8,746,689093.0,1.52,-0.41,-0.04,0.15
2003-08-28,000981,9.94,9.78,9.94,9.75,1086,999637.31,1.93,-0.51,-0.05,0.22
2003-08-29,000981,9.78,9.82,9.92,9.7,889,814609.38,2.25,0.41,0.04,0.18
2003-09-01,000981,9.94,10.02,10.04,9.8,1286,1202797.38,2.44,2.04,0.2,0.26
2003-09-02,000981,10.08,10.08,10.25,9.91,2489,2371015.5,3.39,0.6,0.06,0.5
2003-09-03,000981,10.16,10.14,10.16,10.0,1236,1171922.0,1.59,0.6,0.06,0.25
2003-09-04,000981,10.2,10.28,10.45,10.05,6670,6473764.0,3.94,1.38,0.14,1.33
2003-09-05,000981,10.2,10.17,10.28,10.11,2064,1976820.38,1.65,-1.07,-0.11,0.41
2003-09-08,000981,10.19,10.07,10.2,10.03,1087,1032697.62,1.67,-0.98,-0.1,0.22
2003-09-09,000981,10.2,10.23,10.28,10.08,1757,1682006.88,1.99,1.59,0.16,0.35
2003-09-10,000981,10.25,10.36,10.43,10.18,4749,4626323.5,2.44,1.27,0.13,0.95
2003-09-11,000981,10.38,10.3,10.38,10.28,1592,1545965.88,0.97,-0.58,-0.06,0.32
2003-09-12,000981,10.3,10.09,10.3,10.08,2225,2133976.0,2.14,-2.04,-0.21,0.45
2003-09-15,000981,10.02,9.89,10.11,9.82,1629,1529462.12,2.87,-1.98,-0.2,0.33
2003-09-16,000981,9.9,10.04,10.09,9.81,1825,1704247.75,2.83,1.52,0.15,0.36
2003-09-17,000981,10.09,9.87,10.09,9.84,802,745312.69,2.49,-1.69,-0.17,0.16
2003-09-18,000981,9.77,9.86,9.9,9.77,870,803293.75,1.32,-0.1,-0.01,0.17
2003-09-19,000981,9.81,9.88,9.93,9.76,779,719581.5,1.72,0.2,0.02,0.16
2003-09-22,000981,9.68,9.87,9.97,9.68,696,639115.38,2.94,-0.1,-0.01,0.14
2003-09-23,000981,9.86,9.82,9.86,9.73,432,397044.0,1.32,-0.51,-0.05,0.09
2003-09-24,000981,9.89,9.9,9.96,9.78,746,690991.25,1.83,0.81,0.08,0.15
2003-09-25,000981,9.8,9.78,9.84,9.76,525,482182.16,0.81,-1.21,-0.12,0.11
2003-09-26,000981,9.79,9.78,9.84,9.68,719,657069.38,1.64,0.0,0.0,0.14
2003-09-29,000981,9.84,9.72,9.84,9.52,1970,1802393.12,3.27,-0.61,-0.06,0.39
2003-09-30,000981,9.72,10.29,10.35,9.72,17021,16306460.0,6.48,5.86,0.57,3.4
2003-10-08,000981,10.29,10.36,10.77,10.27,19183,18951106.0,4.86,0.68,0.07,3.84
2003-10-09,000981,10.58,10.39,11.0,10.12,39503,38786808.0,8.49,0.29,0.03,7.9
2003-10-10,000981,10.28,10.09,10.34,9.72,21942,20598906.0,5.97,-2.89,-0.3,4.39
2003-10-13,000981,10.04,9.92,10.05,9.84,9132,8487185.0,2.08,-1.68,-0.17,1.83
2003-10-14,000981,9.88,9.77,9.93,9.72,4050,3721858.75,2.12,-1.51,-0.15,0.81
2003-10-15,000981,9.77,9.74,9.88,9.7,3343,3064590.0,1.84,-0.31,-0.03,0.67
2003-10-16,000981,9.67,9.2,9.76,9.18,8336,7330124.5,5.95,-5.54,-0.54,1.67
2003-10-17,000981,9.14,9.22,9.42,9.14,3426,2969097.5,3.04,0.22,0.02,0.69
2003-10-20,000981,9.25,8.56,9.34,8.52,6987,5724550.0,8.89,-7.16,-0.66,1.4
2003-10-21,000981,8.55,8.5,8.6,8.2,3598,2809896.25,4.67,-0.7,-0.06,0.72
2003-10-22,000981,8.5,8.59,8.7,8.41,3626,2889708.25,3.41,1.06,0.09,0.73
2003-10-23,000981,8.6,8.49,8.68,8.46,1916,1530187.88,2.56,-1.16,-0.1,0.38
2003-10-24,000981,8.49,8.24,8.6,8.21,3037,2350245.5,4.59,-2.94,-0.25,0.61
2003-10-27,000981,8.28,7.9,8.3,7.76,3670,2681681.0,6.55,-4.13,-0.34,0.73
2003-10-28,000981,7.84,7.85,8.01,7.66,2017,1463482.38,4.43,-0.63,-0.05,0.4
2003-10-29,000981,7.85,8.08,8.15,7.83,3522,2608123.5,4.08,2.93,0.23,0.7
2003-10-30,000981,8.09,7.98,8.1,7.93,1771,1314300.38,2.1,-1.24,-0.1,0.35
2003-10-31,000981,7.96,8.11,8.26,7.96,2449,1845489.88,3.76,1.63,0.13,0.49
2003-11-03,000981,8.11,8.0,8.13,7.95,1177,874316.69,2.22,-1.36,-0.11,0.24
2003-11-04,000981,8.0,8.11,8.2,8.0,1851,1387950.38,2.5,1.38,0.11,0.37
2003-11-05,000981,8.13,7.87,8.13,7.8,1585,1168596.12,4.07,-2.96,-0.24,0.32
2003-11-06,000981,7.76,7.41,7.95,7.4,3577,2475905.25,6.99,-5.84,-0.46,0.72
2003-11-07,000981,7.41,7.57,7.94,7.16,3841,2640386.5,10.53,2.16,0.16,0.77
2003-11-10,000981,7.4,7.44,7.54,7.3,964,657962.25,3.17,-1.72,-0.13,0.19
2003-11-11,000981,7.41,7.4,7.5,7.34,807,550074.5,2.15,-0.54,-0.04,0.16
2003-11-12,000981,7.35,7.3,7.39,7.2,994,664588.38,2.57,-1.35,-0.1,0.2
2003-11-13,000981,7.28,7.4,7.56,7.26,1176,801208.19,4.11,1.37,0.1,0.24
2003-11-14,000981,7.4,7.43,7.48,7.38,845,576548.38,1.35,0.41,0.03,0.17
2003-11-17,000981,7.45,7.5,7.56,7.43,909,628053.44,1.75,0.94,0.07,0.18
2003-11-18,000981,7.5,7.48,7.51,7.4,888,606857.5,1.47,-0.27,-0.02,0.18
2003-11-19,000981,7.48,7.68,7.8,7.48,3179,2248361.5,4.28,2.67,0.2,0.64
2003-11-20,000981,7.7,8.14,8.2,7.7,5978,4449433.0,6.51,5.99,0.46,1.2
2003-11-21,000981,8.2,7.85,8.3,7.84,4427,3291504.0,5.65,-3.56,-0.29,0.89
2003-11-24,000981,7.85,8.02,8.09,7.8,3159,2321140.0,3.69,2.17,0.17,0.63
2003-11-25,000981,8.27,8.1,8.28,8.0,4606,3480365.25,3.49,1.0,0.08,0.92
2003-11-26,000981,8.1,8.26,8.29,8.08,3434,2606378.0,2.59,1.98,0.16,0.69
2003-11-27,000981,8.28,7.92,8.32,7.92,2592,1934056.25,4.84,-4.12,-0.34,0.52
2003-11-28,000981,7.92,7.91,8.05,7.78,1977,1442491.12,3.41,-0.13,-0.01,0.4
2003-12-01,000981,8.0,8.12,8.15,7.9,2440,1819283.5,3.16,2.65,0.21,0.49
2003-12-02,000981,8.13,8.18,8.3,8.09,3286,2495030.75,2.59,0.74,0.06,0.66
2003-12-03,000981,8.25,8.23,8.32,8.07,4661,3565033.75,3.06,0.61,0.05,0.93
2003-12-04,000981,8.28,8.28,8.3,8.12,2613,1987979.12,2.19,0.61,0.05,0.52
2003-12-05,000981,8.32,8.38,8.39,8.22,2643,2040248.0,2.05,1.21,0.1,0.53
2003-12-08,000981,8.38,8.39,8.42,8.19,2997,2296251.5,2.74,0.12,0.01,0.6
2003-12-09,000981,8.49,8.67,8.93,8.49,20112,16318334.0,5.24,3.34,0.28,4.02
2003-12-10,000981,8.58,8.65,8.67,8.51,5680,4535195.5,1.85,-0.23,-0.02,1.14
2003-12-11,000981,8.65,8.57,8.73,8.52,2690,2145332.75,2.43,-0.92,-0.08,0.54
2003-12-12,000981,8.57,8.44,8.57,8.4,2799,2192353.0,1.98,-1.52,-0.13,0.56
2003-12-15,000981,8.4,8.48,8.53,8.39,1570,1230690.12,1.66,0.47,0.04,0.31
2003-12-16,000981,8.32,8.17,8.35,8.1,3698,2804404.75,2.95,-3.66,-0.31,0.74
2003-12-17,000981,8.17,8.11,8.21,8.06,1661,1256123.0,1.84,-0.73,-0.06,0.33
2003-12-18,000981,8.1,7.93,8.15,7.85,3224,2380111.75,3.7,-2.22,-0.18,0.64
2003-12-19,000981,7.92,7.57,8.07,7.48,5037,3564381.75,7.44,-4.54,-0.36,1.01
2003-12-22,000981,7.45,7.78,7.82,7.38,3911,2722601.75,5.81,2.77,0.21,0.78
2003-12-23,000981,7.78,7.76,7.83,7.68,2448,1748951.38,1.93,-0.26,-0.02,0.49
2003-12-24,000981,7.75,7.66,7.75,7.5,2858,2007512.12,3.22,-1.29,-0.1,0.57
2003-12-25,000981,7.61,7.68,7.72,7.61,2237,1580596.0,1.44,0.26,0.02,0.45
2003-12-26,000981,7.68,7.79,7.84,7.62,2404,1714174.5,2.86,1.43,0.11,0.48
2003-12-29,000981,7.72,7.63,7.78,7.62,1955,1388008.5,2.05,-2.05,-0.16,0.39
2003-12-30,000981,7.6,7.48,7.63,7.48,2274,1575257.5,1.97,-1.97,-0.15,0.45
2003-12-31,000981,7.5,7.47,7.53,7.4,1714,1175934.12,1.74,-0.13,-0.01,0.34
2004-01-02,000981,7.4,7.55,7.65,7.4,1054,735129.94,3.35,1.07,0.08,0.21
2004-01-05,000981,7.56,7.6,7.68,7.53,2213,1553402.38,1.99,0.66,0.05,0.44
2004-01-06,000981,7.64,7.6,7.64,7.4,4012,2760487.0,3.16,0.0,0.0,0.8
2004-01-07,000981,7.6,7.66,7.69,7.51,4494,3135672.25,2.37,0.79,0.06,0.9
2004-01-08,000981,7.64,7.86,7.93,7.64,5037,3637974.0,3.79,2.61,0.2,1.01
2004-01-09,000981,7.86,7.79,7.92,7.76,4405,3186747.5,2.04,-0.89,-0.07,0.88
2004-01-12,000981,7.78,7.7,7.79,7.65,2681,1901282.25,1.8,-1.16,-0.09,0.54
2004-01-13,000981,7.66,7.84,7.84,7.66,3808,2727669.75,2.34,1.82,0.14,0.76
2004-01-14,000981,7.85,7.9,7.94,7.71,3519,2560285.5,2.93,0.77,0.06,0.7
2004-01-15,000981,7.9,7.81,7.95,7.8,1934,1401653.25,1.9,-1.14,-0.09,0.39
2004-01-16,000981,7.82,8.06,8.15,7.74,6197,4588021.0,5.25,3.2,0.25,1.24
2004-01-29,000981,8.1,8.49,8.49,8.08,6847,5318162.0,5.09,5.33,0.43,1.37
2004-01-30,000981,8.5,8.3,8.58,8.3,6379,4995601.5,3.3,-2.24,-0.19,1.28
2004-02-02,000981,8.3,8.8,8.83,8.3,8980,7151404.0,6.39,6.02,0.5,1.8
2004-02-03,000981,8.8,8.81,8.83,8.6,6416,5219436.0,2.61,0.11,0.01,1.28
2004-02-04,000981,8.8,8.9,8.93,8.77,7726,6385671.0,1.82,1.02,0.09,1.55
2004-02-05,000981,8.9,9.04,9.1,8.85,7339,6149332.5,2.81,1.57,0.14,1.47
2004-02-06,000981,9.04,8.71,9.09,8.71,7021,5812426.5,4.2,-3.65,-0.33,1.4
2004-02-09,000981,8.68,8.87,8.88,8.6,6228,5108528.0,3.21,1.84,0.16,1.25
2004-02-10,000981,8.88,9.01,9.2,8.81,10275,8626109.0,4.4,1.58,0.14,2.05
2004-02-11,000981,9.05,9.25,9.32,9.0,8889,7633153.5,3.55,2.66,0.24,1.78
2004-02-12,000981,9.25,9.22,9.43,9.1,7192,6223831.0,3.57,-0.32,-0.03,1.44
2004-02-13,000981,9.2,9.06,9.22,9.06,5852,4990015.5,1.74,-1.74,-0.16,1.17
2004-02-16,000981,9.02,9.43,9.47,9.02,9551,8355994.0,4.97,4.08,0.37,1.91
2004-02-17,000981,9.45,9.68,9.89,9.43,19657,17927388.0,4.88,2.65,0.25,3.93
2004-02-18,000981,9.68,9.68,9.9,9.61,11204,10227618.0,3.0,0.0,0.0,2.24
2004-02-19,000981,9.68,10.21,10.58,9.68,20739,19702458.0,9.3,5.48,0.53,4.15
2004-02-20,000981,10.19,10.21,10.23,9.99,9326,8852345.0,2.35,0.0,0.0,1.87
2004-02-23,000981,10.21,9.96,10.43,9.92,9174,8827169.0,5.0,-2.45,-0.25,1.83
2004-02-24,000981,9.98,9.59,10.08,9.26,11140,10013442.0,8.23,-3.71,-0.37,2.23
2004-02-25,000981,9.61,9.28,9.75,9.2,8330,7453428.5,5.74,-3.23,-0.31,1.67
2004-02-26,000981,9.19,9.06,9.32,8.93,8283,7027506.0,4.2,-2.37,-0.22,1.66
2004-02-27,000981,9.1,9.36,9.37,9.05,5179,4460623.0,3.53,3.31,0.3,1.04
2004-03-01,000981,9.35,9.48,9.56,9.14,5060,4456596.0,4.49,1.28,0.12,1.01
2004-03-02,000981,9.48,9.37,9.5,9.32,3228,2838129.75,1.9,-1.16,-0.11,0.65
2004-03-03,000981,9.3,9.16,9.39,9.1,3817,3282009.0,3.09,-2.24,-0.21,0.76
2004-03-04,000981,9.11,9.29,9.31,9.01,3198,2739282.75,3.28,1.42,0.13,0.64
2004-03-05,000981,9.3,9.26,9.44,9.2,3122,2724160.0,2.58,-0.32,-0.03,0.62
2004-03-08,000981,9.24,8.93,9.24,8.88,3346,2817421.25,3.89,-3.56,-0.33,0.67
2004-03-09,000981,8.9,8.81,9.05,8.81,1983,1653913.25,2.69,-1.34,-0.12,0.4
2004-03-10,000981,8.8,9.03,9.04,8.8,1828,1522508.12,2.72,2.5,0.22,0.37
2004-03-11,000981,9.03,9.07,9.19,8.96,2741,2321447.0,2.55,0.44,0.04,0.55
2004-03-12,000981,9.12,9.01,9.12,8.98,1730,1458619.0,1.54,-0.66,-0.06,0.35
2004-03-15,000981,8.98,9.2,9.38,8.96,3137,2684675.5,4.66,2.11,0.19,0.63
2004-03-16,000981,9.28,9.29,9.3,9.18,3063,2643712.5,1.3,0.98,0.09,0.61
2004-03-17,000981,9.38,9.28,9.38,9.2,2504,2168765.5,1.94,-0.11,-0.01,0.5
2004-03-18,000981,9.2,9.06,9.34,9.05,2389,2053130.25,3.13,-2.37,-0.22,0.48
2004-03-19,000981,8.98,9.12,9.15,8.98,2737,2311805.5,1.88,0.66,0.06,0.55
2004-03-22,000981,9.26,9.24,9.26,9.08,3212,2758593.25,1.97,1.32,0.12,0.64
2004-03-23,000981,9.26,9.29,9.34,9.1,4069,3507617.0,2.6,0.54,0.05,0.81
2004-03-24,000981,9.28,9.36,9.4,9.2,4175,3647096.5,2.15,0.75,0.07,0.84
2004-03-25,000981,9.38,9.32,9.43,9.22,2524,2200373.0,2.24,-0.43,-0.04,0.5
2004-03-26,000981,9.35,9.59,9.67,9.35,8210,7329562.0,3.43,2.9,0.27,1.64
2004-03-29,000981,9.75,9.5,9.79,9.45,6299,5716765.0,3.55,-0.94,-0.09,1.26
2004-03-30,000981,9.5,9.89,9.94,9.5,9474,8683457.0,4.63,4.11,0.39,1.89
2004-03-31,000981,9.9,10.1,10.18,9.83,14523,13726574.0,3.54,2.12,0.21,2.9
2004-04-01,000981,10.3,10.0,10.4,9.95,21723,20829278.0,4.46,-0.99,-0.1,4.34
2004-04-02,000981,10.05,10.4,10.4,10.01,18705,18026988.0,3.9,4.0,0.4,3.74
2004-04-05,000981,10.52,10.48,10.54,10.29,12119,11877463.0,2.4,0.77,0.08,2.42
2004-04-06,000981,10.48,10.25,10.48,10.16,10313,9978458.0,3.05,-2.19,-0.23,2.06
2004-04-07,000981,10.34,10.01,10.34,10.0,10671,10099648.0,3.32,-2.34,-0.24,2.13
2004-04-08,000981,10.05,9.98,10.08,9.84,6393,5991119.5,2.4,-0.3,-0.03,1.28
2004-04-09,000981,9.89,9.61,10.05,9.56,8059,7393059.5,4.91,-3.71,-0.37,1.61
2004-04-12,000981,9.51,9.74,9.78,9.48,3702,3363432.75,3.12,1.35,0.13,0.74
2004-04-13,000981,9.73,9.66,9.9,9.61,3758,3451302.25,2.98,-0.82,-0.08,0.75
2004-04-14,000981,9.6,9.39,9.65,9.35,4619,4096205.75,3.11,-2.8,-0.27,0.92
2004-04-15,000981,9.35,9.18,9.5,9.15,3633,3171292.0,3.73,-2.24,-0.21,0.73
2004-04-16,000981,9.18,9.27,9.29,8.95,3958,3380634.75,3.7,0.98,0.09,0.79
2004-04-19,000981,9.26,9.0,9.26,8.99,3192,2714200.5,2.91,-2.91,-0.27,0.64
2004-04-20,000981,9.02,9.15,9.3,9.02,3004,2575382.75,3.11,1.67,0.15,0.6
2004-04-21,000981,9.29,9.48,9.64,9.2,7036,6250429.5,4.81,3.61,0.33,1.41
2004-04-22,000981,9.59,9.61,9.62,9.38,3842,3431914.75,2.53,1.37,0.13,0.77
2004-04-23,000981,9.62,9.43,9.72,9.38,3969,3558508.5,3.54,-1.87,-0.18,0.79
2004-04-26,000981,9.74,9.64,9.75,9.51,3605,3250430.5,2.55,2.23,0.21,0.72
2004-04-27,000981,9.6,9.46,9.69,9.41,3680,3291037.5,2.9,-1.87,-0.18,0.74
2004-04-28,000981,9.46,9.4,9.55,9.22,2790,2454303.0,3.49,-0.63,-0.06,0.56
2004-04-29,000981,9.2,8.59,9.27,8.58,6617,5476201.5,7.34,-8.62,-0.81,1.32
2004-04-30,000981,8.58,8.61,8.7,8.5,3580,2867540.25,2.33,0.23,0.02,0.72
2004-05-10,000981,8.61,8.32,8.7,8.29,1579,1233366.25,4.76,-3.37,-0.29,0.32
2004-05-11,000981,8.32,8.46,8.53,8.32,1021,797639.0,2.52,1.68,0.14,0.2
2004-05-12,000981,8.46,8.69,8.71,8.45,2177,1740245.75,3.07,2.72,0.23,0.44
2004-05-13,000981,8.72,8.58,8.73,8.53,1529,1223534.75,2.3,-1.27,-0.11,0.31
2004-05-14,000981,8.61,8.42,8.61,8.4,1315,1036980.5,2.45,-1.86,-0.16,0.26
2004-05-17,000981,8.4,8.48,8.58,8.32,995,781380.25,3.09,0.71,0.06,0.2
2004-05-18,000981,8.58,8.81,8.81,8.58,2751,2240097.5,2.71,3.89,0.33,0.55
2004-05-19,000981,8.83,8.85,8.98,8.8,2632,2183532.75,2.04,0.45,0.04,0.53
2004-05-20,000981,8.88,8.68,8.9,8.64,1632,1331393.38,2.94,-1.92,-0.17,0.33
2004-05-21,000981,8.75,8.82,8.85,8.69,1329,1082314.62,1.84,1.61,0.14,0.27
2004-05-24,000981,8.88,8.67,8.88,8.66,923,749761.62,2.49,-1.7,-0.15,0.18
2004-05-25,000981,8.71,8.45,8.71,8.4,1213,959187.0,3.58,-2.54,-0.22,0.24
2004-05-26,000981,8.42,8.6,8.6,8.4,881,698846.44,2.37,1.78,0.15,0.18
2004-05-28,000981,8.96,8.77,9.07,8.76,4284,3560010.0,3.6,1.98,0.17,0.86
2004-05-31,000981,8.7,8.8,8.84,8.7,1219,997612.38,1.6,0.34,0.03,0.24
2004-06-01,000981,8.8,9.03,9.06,8.8,3264,2722958.25,2.95,2.61,0.23,0.65
2004-06-02,000981,8.95,9.13,9.15,8.95,4049,3430225.5,2.21,1.11,0.1,0.81
2004-06-03,000981,9.06,8.82,9.1,8.79,2810,2326705.0,3.4,-3.4,-0.31,0.56
2004-06-04,000981,8.76,8.91,9.02,8.75,1262,1047200.0,3.06,1.02,0.09,0.25
2004-06-07,000981,8.82,8.75,8.82,8.7,1168,950148.62,1.35,-1.8,-0.16,0.23
2004-06-08,000981,8.75,8.7,8.88,8.62,1355,1099063.25,2.97,-0.57,-0.05,0.27
2004-06-09,000981,8.68,8.41,8.77,8.25,1865,1488837.12,5.98,-3.33,-0.29,0.37
2004-06-10,000981,8.5,8.37,8.5,8.27,2191,1704411.0,2.73,-0.48,-0.04,0.44
2004-06-11,000981,8.42,8.41,8.62,8.4,1072,848243.94,2.63,0.48,0.04,0.21
2004-06-14,000981,8.4,8.08,8.4,8.01,1208,910441.0,4.64,-3.92,-0.33,0.24
2004-06-15,000981,8.05,8.2,8.24,8.02,1179,886934.0,2.72,1.49,0.12,0.24
2004-06-16,000981,8.2,8.18,8.32,8.1,868,657728.0,2.68,-0.24,-0.02,0.17
2004-06-17,000981,8.14,8.08,8.24,8.05,766,576805.62,2.32,-1.22,-0.1,0.15
2004-06-18,000981,8.0,8.15,8.27,7.95,673,504044.66,3.96,0.87,0.07,0.13
2004-06-21,000981,8.05,8.36,8.4,8.05,1623,1249633.38,4.29,2.58,0.21,0.32
2004-06-22,000981,8.43,8.45,8.63,8.3,1857,1468484.75,3.95,1.08,0.09,0.37
2004-06-23,000981,8.43,8.45,8.45,8.33,1135,884400.0,1.42,0.0,0.0,0.23
2004-06-24,000981,8.58,8.46,8.6,8.4,1114,880459.88,2.37,0.12,0.01,0.22
2004-06-25,000981,8.46,8.06,8.59,8.06,1560,1187524.0,6.26,-4.73,-0.4,0.31
2004-06-28,000981,7.98,7.71,8.01,7.7,2081,1507242.0,3.85,-4.34,-0.35,0.42
2004-06-29,000981,7.7,7.72,7.87,7.5,1576,1110772.75,4.8,0.13,0.01,0.32
2004-06-30,000981,7.68,7.53,7.77,7.5,903,634083.12,3.5,-2.46,-0.19,0.18
2004-07-01,000981,7.48,7.76,7.79,7.46,1498,1058572.0,4.38,3.05,0.23,0.3
2004-07-02,000981,7.78,7.7,7.81,7.6,984,700725.5,2.71,-0.77,-0.06,0.2
2004-07-05,000981,7.6,7.64,7.7,7.6,646,454925.0,1.3,-0.78,-0.06,0.13
2004-07-06,000981,7.64,7.67,7.76,7.63,996,707605.0,1.7,0.39,0.03,0.2
2004-07-07,000981,7.66,7.57,7.73,7.56,839,588241.06,2.22,-1.3,-0.1,0.17
2004-07-08,000981,7.51,7.66,7.7,7.51,679,476344.0,2.51,1.19,0.09,0.14
2004-07-09,000981,7.8,7.59,7.8,7.59,461,324854.0,2.74,-0.91,-0.07,0.09
2004-07-12,000981,7.52,7.28,7.52,7.25,1436,969149.75,3.56,-4.08,-0.31,0.29
2004-07-13,000981,7.28,7.32,7.4,7.28,659,442517.09,1.65,0.55,0.04,0.13
2004-07-14,000981,7.38,7.16,7.38,7.08,1144,752385.56,4.1,-2.19,-0.16,0.23
2004-07-15,000981,7.19,7.26,7.36,7.19,995,662278.12,2.37,1.4,0.1,0.2
2004-07-16,000981,7.32,7.5,7.52,7.2,1851,1263883.38,4.41,3.31,0.24,0.37
2004-07-19,000981,7.5,7.47,7.5,7.4,1028,704640.5,1.33,-0.4,-0.03,0.21
2004-07-20,000981,7.43,7.35,7.43,7.3,994,672457.81,1.74,-1.61,-0.12,0.2
2004-07-21,000981,7.37,7.35,7.42,7.34,603,408424.31,1.09,0.0,0.0,0.12
2004-07-22,000981,7.37,7.2,7.37,7.08,1328,875930.0,3.95,-2.04,-0.15,0.27
2004-07-23,000981,7.1,7.23,7.28,7.1,738,486422.34,2.5,0.42,0.03,0.15
2004-07-26,000981,7.2,7.06,7.23,7.03,1061,692208.0,2.77,-2.35,-0.17,0.21
2004-07-27,000981,7.03,7.1,7.14,7.0,1615,1045774.12,1.98,0.57,0.04,0.32
2004-07-28,000981,7.14,7.15,7.19,7.1,851,556744.5,1.27,0.7,0.05,0.17
2004-07-29,000981,7.2,7.3,7.36,7.01,1836,1224991.5,4.9,2.1,0.15,0.37
2004-07-30,000981,7.3,7.2,7.38,7.2,735,489848.0,2.47,-1.37,-0.1,0.15
2004-08-02,000981,7.1,7.2,7.28,7.1,463,305371.59,2.5,0.0,0.0,0.09
2004-08-03,000981,7.3,7.26,7.3,7.13,711,471145.56,2.36,0.83,0.06,0.14
2004-08-04,000981,7.28,7.41,7.48,7.26,2184,1484906.25,3.03,2.07,0.15,0.44
2004-08-05,000981,7.39,7.28,7.46,7.28,778,524604.56,2.43,-1.75,-0.13,0.16
2004-08-06,000981,7.16,7.29,7.35,7.16,629,419484.81,2.61,0.14,0.01,0.13
2004-08-09,000981,7.23,7.23,7.25,7.16,644,425701.0,1.23,-0.82,-0.06,0.13
2004-08-10,000981,7.23,7.31,7.33,7.13,1200,797213.94,2.77,1.11,0.08,0.24
2004-08-11,000981,7.3,7.18,7.31,7.16,857,567192.69,2.05,-1.78,-0.13,0.17
2004-08-12,000981,7.13,7.05,7.16,7.0,1336,862761.06,2.23,-1.81,-0.13,0.27
2004-08-13,000981,7.12,7.1,7.13,7.03,453,292835.66,1.42,0.71,0.05,0.09
2004-08-16,000981,7.08,6.81,7.08,6.72,1320,820595.81,5.07,-4.08,-0.29,0.26
2004-08-17,000981,6.75,6.81,6.9,6.74,754,468260.72,2.35,0.0,0.0,0.15
2004-08-18,000981,6.81,6.73,6.87,6.72,567,352353.0,2.2,-1.17,-0.08,0.11
2004-08-19,000981,6.73,6.5,6.74,6.47,1164,689344.19,4.01,-3.42,-0.23,0.23
2004-08-20,000981,6.5,6.58,6.59,6.43,839,494896.62,2.46,1.23,0.08,0.17
2004-08-23,000981,6.6,6.51,6.6,6.46,357,211551.09,2.13,-1.06,-0.07,0.07
2004-08-24,000981,6.55,6.71,6.73,6.52,1056,643307.0,3.23,3.07,0.2,0.21
2004-08-25,000981,6.71,6.58,6.72,6.58,662,399399.0,2.09,-1.94,-0.13,0.13
2004-08-26,000981,6.53,6.51,6.59,6.48,538,318522.0,1.67,-1.06,-0.07,0.11
2004-08-27,000981,6.5,6.5,6.56,6.39,1015,595737.38,2.61,-0.15,-0.01,0.2
2004-08-30,000981,6.36,6.48,6.55,6.36,496,292519.03,2.92,-0.31,-0.02,0.1
2004-08-31,000981,6.79,6.61,6.79,6.6,1191,719645.0,2.93,2.01,0.13,0.24
2004-09-01,000981,6.63,6.55,6.63,6.52,376,224431.0,1.66,-0.91,-0.06,0.08
2004-09-02,000981,6.64,6.62,6.68,6.43,582,348486.03,3.82,1.07,0.07,0.12
2004-09-03,000981,6.61,6.67,6.68,6.58,604,364503.0,1.51,0.76,0.05,0.12
2004-09-06,000981,6.65,6.62,6.65,6.54,266,159561.2,1.65,-0.75,-0.05,0.05
2004-09-07,000981,6.62,6.62,6.62,6.58,316,189827.0,0.6,0.0,0.0,0.06
2004-09-08,000981,6.6,6.56,6.62,6.55,581,347109.0,1.06,-0.91,-0.06,0.12
2004-09-09,000981,6.52,6.42,6.53,6.4,676,398849.19,1.98,-2.13,-0.14,0.14
2004-09-10,000981,6.4,6.47,6.55,6.39,663,386119.56,2.49,0.78,0.05,0.13
2004-09-13,000981,6.4,6.2,6.4,6.2,723,413020.0,3.09,-4.17,-0.27,0.14
2004-09-14,000981,6.2,6.46,6.48,6.2,1202,697118.0,4.52,4.19,0.26,0.24
2004-09-15,000981,6.61,7.05,7.05,6.61,6451,4082417.25,6.81,9.13,0.59,1.29
2004-09-16,000981,7.3,7.3,7.65,7.21,20061,13591035.0,6.24,3.55,0.25,4.01
2004-09-17,000981,7.3,7.46,7.5,7.21,9582,6501385.0,3.97,2.19,0.16,1.92
2004-09-20,000981,7.5,7.72,7.73,7.31,11723,8155983.0,5.63,3.49,0.26,2.34
2004-09-21,000981,7.69,7.58,7.76,7.4,9144,6375960.5,4.66,-1.81,-0.14,1.83
2004-09-22,000981,7.6,7.28,7.6,7.28,6600,4486160.0,4.22,-3.96,-0.3,1.32
2004-09-23,000981,7.29,7.56,7.58,7.29,5520,3785487.25,3.98,3.85,0.28,1.1
2004-09-24,000981,7.62,7.37,7.75,7.31,6825,4743966.5,5.82,-2.51,-0.19,1.36
2004-09-27,000981,7.3,7.18,7.48,7.1,2474,1656417.0,5.16,-2.58,-0.19,0.49
2004-09-28,000981,7.2,7.18,7.28,7.1,2084,1368004.38,2.51,0.0,0.0,0.42
2004-09-29,000981,7.18,7.1,7.26,7.05,1484,973041.5,2.92,-1.11,-0.08,0.3
2004-09-30,000981,7.1,6.91,7.15,6.87,1987,1273097.0,3.94,-2.68,-0.19,0.4
2004-10-08,000981,6.92,7.16,7.2,6.86,1558,993570.12,4.92,3.62,0.25,0.31
2004-10-11,000981,7.14,7.24,7.46,7.08,2640,1754255.88,5.31,1.12,0.08,0.53
2004-10-12,000981,7.24,7.15,7.25,7.1,1705,1119250.5,2.07,-1.24,-0.09,0.34
2004-10-13,000981,7.11,7.3,7.32,7.1,2253,1489690.75,3.08,2.1,0.15,0.45
2004-10-14,000981,7.27,6.71,7.32,6.7,2382,1511668.38,8.49,-8.08,-0.59,0.48
2004-10-15,000981,6.74,6.72,6.82,6.6,1882,1151029.62,3.28,0.15,0.01,0.38
2004-10-18,000981,6.78,6.83,6.89,6.7,1332,825741.12,2.83,1.64,0.11,0.27
2004-10-19,000981,6.76,6.68,6.94,6.66,1737,1076125.0,4.1,-2.2,-0.15,0.35
2004-10-20,000981,6.7,6.55,6.7,6.48,1753,1049349.0,3.29,-1.95,-0.13,0.35
2004-10-21,000981,6.55,6.45,6.68,6.45,2071,1229879.88,3.51,-1.53,-0.1,0.41
2004-10-22,000981,6.5,6.46,6.6,6.22,2054,1189550.0,5.89,0.16,0.01,0.41
2004-10-25,000981,6.53,6.35,6.65,6.32,1872,1102852.62,5.11,-1.7,-0.11,0.37
2004-10-26,000981,6.35,6.6,6.62,6.25,1992,1161563.38,5.83,3.94,0.25,0.4
2004-10-27,000981,6.6,6.76,6.76,6.48,2092,1257732.88,4.24,2.42,0.16,0.42
2004-10-28,000981,6.76,6.66,6.85,6.61,1852,1135008.62,3.55,-1.48,-0.1,0.37
2004-10-29,000981,6.49,6.6,6.65,6.41,1631,973297.12,3.6,-0.9,-0.06,0.33
2004-11-01,000981,6.6,6.53,6.61,6.5,1380,823830.0,1.67,-1.06,-0.07,0.28
2004-11-02,000981,6.5,6.59,6.61,6.43,1302,770169.5,2.76,0.92,0.06,0.26
2004-11-03,000981,6.59,6.7,6.74,6.45,3663,2199028.0,4.4,1.67,0.11,0.73
2004-11-04,000981,6.72,6.57,6.77,6.55,2441,1479876.62,3.28,-1.94,-0.13,0.49
2004-11-05,000981,6.65,6.59,6.65,6.52,774,462781.0,1.98,0.3,0.02,0.15
2004-11-08,000981,6.48,6.71,6.72,6.42,1071,641779.44,4.55,1.82,0.12,0.21
2004-11-09,000981,6.65,6.69,6.7,6.6,1138,686889.94,1.49,-0.3,-0.02,0.23
2004-11-10,000981,6.69,6.97,7.02,6.45,6058,3807798.75,8.52,4.19,0.28,1.21
2004-11-11,000981,6.93,6.95,7.28,6.92,6927,4516984.5,5.16,-0.29,-0.02,1.39
2004-11-12,000981,7.02,7.0,7.1,6.89,2565,1634177.62,3.02,0.72,0.05,0.51
2004-11-15,000981,7.1,7.05,7.13,6.92,2077,1331962.88,3.0,0.71,0.05,0.42
2004-11-16,000981,7.0,7.0,7.1,6.95,1083,693629.94,2.13,-0.71,-0.05,0.22
2004-11-17,000981,7.1,7.02,7.2,6.93,1647,1053362.12,3.86,0.29,0.02,0.33
2004-11-18,000981,7.08,7.11,7.15,7.0,1756,1136463.88,2.14,1.28,0.09,0.35
2004-11-19,000981,7.08,7.22,7.26,7.08,4591,3029326.25,2.53,1.55,0.11,0.92
2004-11-22,000981,7.32,7.44,7.56,7.32,9764,6670875.5,3.32,3.05,0.22,1.95
2004-11-23,000981,7.35,7.57,7.68,7.18,7663,5303137.5,6.72,1.75,0.13,1.53
2004-11-24,000981,7.5,7.26,7.56,7.24,3860,2613110.75,4.23,-4.1,-0.31,0.77
2004-11-25,000981,7.2,7.04,7.3,6.95,3389,2202683.5,4.82,-3.03,-0.22,0.68
2004-11-26,000981,7.02,7.06,7.11,7.02,2355,1526951.0,1.28,0.28,0.02,0.47
2004-11-29,000981,7.06,6.94,7.06,6.85,2600,1648131.75,2.97,-1.7,-0.12,0.52
2004-11-30,000981,7.0,6.97,7.0,6.9,1423,901067.5,1.44,0.43,0.03,0.28
2004-12-01,000981,6.96,7.01,7.05,6.95,1219,781471.44,1.43,0.57,0.04,0.24
2004-12-02,000981,7.01,7.13,7.14,6.96,1852,1193838.0,2.57,1.71,0.12,0.37
2004-12-03,000981,7.19,7.17,7.25,7.14,2171,1433522.25,1.54,0.56,0.04,0.43
2004-12-06,000981,7.16,7.19,7.2,7.09,1503,982162.0,1.53,0.28,0.02,0.3
2004-12-07,000981,7.19,7.02,7.2,6.98,1190,766318.5,3.06,-2.36,-0.17,0.24
2004-12-08,000981,7.09,6.98,7.1,6.96,794,509959.0,1.99,-0.57,-0.04,0.16
2004-12-09,000981,6.98,7.01,7.08,6.91,848,541928.0,2.44,0.43,0.03,0.17
2004-12-10,000981,6.95,6.81,7.05,6.8,1743,1092783.5,3.57,-2.85,-0.2,0.35
2004-12-13,000981,6.61,6.79,6.86,6.61,834,518232.0,3.67,-0.29,-0.02,0.17
2004-12-14,000981,6.82,6.76,6.88,6.75,698,434199.44,1.91,-0.44,-0.03,0.14
2004-12-15,000981,6.8,6.75,6.83,6.63,872,533233.38,2.96,-0.15,-0.01,0.17
2004-12-16,000981,6.65,6.72,6.76,6.65,934,571182.56,1.63,-0.44,-0.03,0.19
2004-12-17,000981,6.7,6.71,6.78,6.68,620,379920.31,1.49,-0.15,-0.01,0.12
2004-12-20,000981,6.65,6.71,6.84,6.65,632,388494.81,2.83,0.0,0.0,0.13
2004-12-21,000981,6.71,6.8,6.8,6.71,734,453062.31,1.34,1.34,0.09,0.15
2004-12-22,000981,6.85,7.0,7.0,6.77,2442,1531920.88,3.38,2.94,0.2,0.49
2004-12-23,000981,7.0,6.79,7.0,6.78,1476,918794.0,3.14,-3.0,-0.21,0.3
2004-12-24,000981,6.72,6.78,6.88,6.72,596,369903.59,2.36,-0.15,-0.01,0.12
2004-12-27,000981,6.78,6.77,6.85,6.75,447,276363.0,1.47,-0.15,-0.01,0.09
2004-12-28,000981,6.73,6.74,6.75,6.7,383,234768.0,0.74,-0.44,-0.03,0.08
2004-12-29,000981,6.7,6.74,6.81,6.68,753,461762.78,1.93,0.0,0.0,0.15
2004-12-30,000981,6.75,6.7,6.8,6.68,598,365274.31,1.78,-0.59,-0.04,0.12
2004-12-31,000981,6.68,6.46,6.75,6.45,1073,640834.0,4.48,-3.58,-0.24,0.21
2005-01-04,000981,6.46,6.45,6.54,6.43,536,314297.12,1.7,-0.15,-0.01,0.11
2005-01-05,000981,6.4,6.6,6.68,6.4,652,387932.03,4.34,2.33,0.15,0.13
2005-01-06,000981,6.51,6.49,6.55,6.48,453,267882.12,1.06,-1.67,-0.11,0.09
2005-01-07,000981,6.46,6.59,6.74,6.46,712,427965.12,4.31,1.54,0.1,0.14
2005-01-10,000981,6.57,6.62,6.65,6.53,661,396212.0,1.82,0.46,0.03,0.13
2005-01-11,000981,6.62,6.68,6.68,6.61,404,243452.0,1.06,0.91,0.06,0.08
2005-01-12,000981,6.68,6.65,6.68,6.5,368,220414.34,2.69,-0.45,-0.03,0.07
2005-01-13,000981,6.62,6.78,6.88,6.6,2170,1346409.25,4.21,1.95,0.13,0.43
2005-01-14,000981,6.82,6.75,7.07,6.74,4040,2563963.5,4.87,-0.44,-0.03,0.81
2005-01-17,000981,6.63,6.74,6.83,6.63,1466,897581.69,2.96,-0.15,-0.01,0.29
2005-01-18,000981,6.68,6.89,6.9,6.68,2088,1300951.62,3.26,2.23,0.15,0.42
2005-01-19,000981,6.89,6.87,7.05,6.87,2697,1716206.12,2.61,-0.29,-0.02,0.54
2005-01-20,000981,6.85,6.85,6.85,6.71,1346,832589.81,2.04,-0.29,-0.02,0.27
2005-01-21,000981,6.76,6.8,6.91,6.4,2151,1317228.38,7.45,-0.73,-0.05,0.43
2005-01-24,000981,6.9,7.0,7.04,6.9,2603,1660775.5,2.06,2.94,0.2,0.52
2005-01-25,000981,7.01,6.99,7.01,6.86,2251,1427131.62,2.14,-0.14,-0.01,0.45
2005-01-26,000981,6.88,6.79,6.93,6.78,1071,670270.0,2.15,-2.86,-0.2,0.21
2005-01-27,000981,6.88,6.69,6.88,6.67,889,545383.88,3.09,-1.47,-0.1,0.18
2005-01-28,000981,6.64,6.45,6.66,6.45,1768,1044720.56,3.14,-3.59,-0.24,0.35
2005-01-31,000981,6.43,6.19,6.43,6.12,2096,1168910.0,4.81,-4.03,-0.26,0.42
2005-02-01,000981,6.2,6.05,6.3,6.05,1063,591011.0,4.04,-2.26,-0.14,0.21
2005-02-02,000981,6.15,6.38,6.58,6.05,2241,1267676.38,8.76,5.45,0.33,0.45
2005-02-03,000981,6.36,6.22,6.45,6.22,1102,631608.75,3.61,-2.51,-0.16,0.22
2005-02-04,000981,6.25,6.33,6.36,6.21,1607,913017.12,2.41,1.77,0.11,0.32
2005-02-16,000981,6.42,6.38,6.46,6.28,1095,632111.19,2.84,0.79,0.05,0.22
2005-02-17,000981,6.3,6.43,6.44,6.28,1136,652130.5,2.51,0.78,0.05,0.23
2005-02-18,000981,6.43,6.31,6.43,6.3,449,258234.7,2.02,-1.87,-0.12,0.09
2005-02-21,000981,6.26,6.37,6.41,6.26,399,229549.0,2.38,0.95,0.06,0.08
2005-02-22,000981,6.39,6.53,6.56,6.39,1779,1046871.31,2.67,2.51,0.16,0.36
2005-02-23,000981,6.5,6.63,6.79,6.43,2420,1461242.0,5.51,1.53,0.1,0.48
2005-02-24,000981,6.6,6.65,6.67,6.56,1802,1082525.38,1.66,0.3,0.02,0.36
2005-02-25,000981,6.75,6.62,6.75,6.61,1600,972011.06,2.11,-0.45,-0.03,0.32
2005-02-28,000981,6.02,6.3,6.34,6.02,18396,10363424.0,4.83,-4.83,-0.32,3.68
2005-03-01,000981,6.28,6.25,6.31,6.16,8144,4578748.0,2.38,-0.79,-0.05,1.63
2005-03-02,000981,6.26,6.08,6.28,6.05,6502,3608372.25,3.68,-2.72,-0.17,1.3
2005-03-03,000981,6.08,6.19,6.23,6.04,5359,2984699.25,3.13,1.81,0.11,1.07
2005-03-04,000981,6.16,6.12,6.19,6.07,3762,2073727.5,1.94,-1.13,-0.07,0.75
2005-03-07,000981,6.12,5.8,6.16,5.75,8383,4455990.0,6.7,-5.23,-0.32,1.68
2005-03-08,000981,5.81,5.95,5.97,5.8,7539,3997326.0,2.93,2.59,0.15,1.51
2005-03-09,000981,6.01,5.98,6.04,5.95,5748,3092440.75,1.51,0.5,0.03,1.15
2005-03-10,000981,5.98,5.86,6.05,5.85,5098,2725028.25,3.34,-2.01,-0.12,1.02
2005-03-11,000981,5.86,5.94,5.97,5.82,3279,1740984.0,2.56,1.37,0.08,0.66
2005-03-14,000981,5.94,6.01,6.05,5.91,6209,3348395.75,2.36,1.18,0.07,1.24
2005-03-15,000981,6.01,5.82,6.06,5.75,4312,2286647.0,5.16,-3.16,-0.19,0.86
2005-03-16,000981,5.82,5.85,5.88,5.76,2245,1170572.75,2.06,0.52,0.03,0.45
2005-03-17,000981,5.88,5.56,5.88,5.51,5785,2904782.0,6.32,-4.96,-0.29,1.16
2005-03-18,000981,5.54,5.42,5.6,5.35,5530,2657656.75,4.5,-2.52,-0.14,1.11
2005-03-21,000981,5.42,5.28,5.42,5.23,3657,1716011.88,3.51,-2.58,-0.14,0.73
2005-03-22,000981,5.21,5.04,5.25,4.93,6864,3044819.25,6.06,-4.55,-0.24,1.37
2005-03-23,000981,5.0,5.07,5.18,4.93,3891,1740441.88,4.96,0.6,0.03,0.78
2005-03-24,000981,5.1,5.1,5.15,5.0,2107,944425.5,2.96,0.59,0.03,0.42
2005-03-25,000981,5.16,5.11,5.18,5.09,3522,1590389.0,1.76,0.2,0.01,0.7
2005-03-28,000981,5.1,4.95,5.1,4.85,2316,1002535.62,4.89,-3.13,-0.16,0.46
2005-03-29,000981,4.94,5.01,5.07,4.92,5255,2307853.75,3.03,1.21,0.06,1.05
2005-03-30,000981,4.99,4.95,4.99,4.82,3487,1502126.62,3.39,-1.2,-0.06,0.7
2005-03-31,000981,4.91,5.05,5.09,4.91,2858,1256553.88,3.64,2.02,0.1,0.57
2005-04-01,000981,5.04,5.17,5.25,4.94,3916,1758642.88,6.14,2.38,0.12,0.78
2005-04-04,000981,5.11,5.07,5.11,5.0,3384,1503629.12,2.13,-1.93,-0.1,0.68
2005-04-05,000981,5.09,4.92,5.09,4.91,1864,816471.62,3.55,-2.96,-0.15,0.37
2005-04-06,000981,4.91,4.85,4.93,4.73,3757,1585809.0,4.07,-1.42,-0.07,0.75
2005-04-07,000981,4.85,5.08,5.09,4.78,6613,2905717.5,6.39,4.74,0.23,1.32
2005-04-08,000981,5.1,5.01,5.25,4.85,7558,3401329.5,7.87,-1.38,-0.07,1.51
2005-04-11,000981,5.32,5.11,5.39,5.05,13580,6196973.5,6.79,2.0,0.1,2.72
2005-04-12,000981,5.05,4.94,5.09,4.94,4281,1888433.75,2.94,-3.33,-0.17,0.86
2005-04-13,000981,4.9,5.03,5.05,4.9,4470,1968273.75,3.04,1.82,0.09,0.89
2005-04-14,000981,5.05,4.84,5.09,4.78,4945,2148258.25,6.16,-3.78,-0.19,0.99
2005-04-15,000981,4.8,4.58,4.8,4.57,5935,2405166.0,4.75,-5.37,-0.26,1.19
2005-04-18,000981,4.55,4.55,4.55,4.45,3024,1178408.12,2.18,-0.66,-0.03,0.6
2005-04-19,000981,4.55,4.5,4.55,4.46,2778,1080144.25,1.98,-1.1,-0.05,0.56
2005-04-20,000981,4.4,4.37,4.45,4.23,4663,1744484.0,4.89,-2.89,-0.13,0.93
2005-04-21,000981,4.37,4.45,4.45,4.32,3744,1415790.12,2.97,1.83,0.08,0.75
2005-04-22,000981,4.43,4.4,4.63,4.38,8040,3136035.0,5.62,-1.12,-0.05,1.61
2005-04-25,000981,4.35,4.17,4.42,4.13,5566,2050230.38,6.59,-5.23,-0.23,1.11
2005-04-26,000981,4.19,4.36,4.39,4.11,4885,1815291.38,6.71,4.56,0.19,0.98
2005-04-27,000981,4.33,4.57,4.68,4.29,11350,4476624.5,8.94,4.82,0.21,2.27
2005-04-28,000981,4.55,4.59,4.62,4.17,11772,4482842.5,9.85,0.44,0.02,2.35
2005-04-29,000981,4.55,4.41,4.55,4.36,5181,2003311.62,4.14,-3.92,-0.18,1.04
2005-05-09,000981,4.5,4.19,4.59,4.15,4286,1580556.0,9.98,-4.99,-0.22,0.86
2005-05-10,000981,4.18,4.31,4.35,4.15,2982,1087458.75,4.77,2.86,0.12,0.6
2005-05-11,000981,4.28,4.44,4.49,4.24,5007,1909657.5,5.8,3.02,0.13,1.0
2005-05-12,000981,4.4,4.54,4.62,4.34,8850,3459676.0,6.31,2.25,0.1,1.77
2005-05-13,000981,4.58,4.6,4.65,4.46,5891,2326713.0,4.19,1.32,0.06,1.18
2005-05-16,000981,4.59,4.54,4.59,4.43,3352,1312905.75,3.48,-1.3,-0.06,0.67
2005-05-17,000981,4.54,4.6,4.62,4.51,3595,1428359.0,2.42,1.32,0.06,0.72
2005-05-18,000981,4.6,4.59,4.64,4.48,3452,1362451.0,3.48,-0.22,-0.01,0.69
2005-05-19,000981,4.59,4.56,4.64,4.55,5373,2147096.75,1.96,-0.65,-0.03,1.07
2005-05-23,000981,4.49,4.26,4.5,4.25,3820,1419179.88,5.48,-6.58,-0.3,0.76
2005-05-24,000981,4.27,4.45,4.46,4.27,3329,1263030.75,4.46,4.46,0.19,0.67
2005-05-25,000981,4.45,4.45,4.55,4.38,4429,1715282.88,3.82,0.0,0.0,0.89
2005-05-26,000981,4.41,4.59,4.64,4.38,8951,3530850.0,5.84,3.15,0.14,1.79
2005-05-27,000981,4.66,4.57,4.86,4.57,21282,8791523.0,6.32,-0.44,-0.02,4.26
2005-05-30,000981,4.48,4.62,4.67,4.41,5584,2206385.25,5.69,1.09,0.05,1.12
2005-05-31,000981,4.57,4.68,4.72,4.57,4122,1671177.25,3.25,1.3,0.06,0.82
2005-06-01,000981,4.68,4.58,4.68,4.5,3440,1364425.75,3.85,-2.14,-0.1,0.69
2005-06-02,000981,4.59,4.64,4.67,4.52,3436,1381003.5,3.28,1.31,0.06,0.69
2005-06-03,000981,4.68,4.71,4.82,4.63,10575,4382885.0,4.09,1.51,0.07,2.11
2005-06-06,000981,4.73,4.78,4.8,4.64,4949,2036468.62,3.4,1.49,0.07,0.99
2005-06-07,000981,4.79,4.78,4.9,4.72,6509,2732935.0,3.77,0.0,0.0,1.3
2005-06-08,000981,4.77,5.09,5.19,4.77,13945,6096595.5,8.79,6.49,0.31,2.79
2005-06-09,000981,5.05,5.12,5.14,4.92,12116,5377854.0,4.32,0.59,0.03,2.42
2005-06-10,000981,5.08,4.98,5.13,4.96,5547,2449720.0,3.32,-2.73,-0.14,1.11
2005-06-13,000981,4.93,4.95,5.02,4.88,3788,1649877.12,2.81,-0.6,-0.03,0.76
2005-06-14,000981,4.95,4.94,5.09,4.92,4337,1909123.75,3.43,-0.2,-0.01,0.87
2005-06-15,000981,4.94,4.67,4.94,4.67,5264,2179932.75,5.47,-5.47,-0.27,1.05
2005-06-16,000981,4.65,4.71,4.75,4.6,3095,1262546.62,3.21,0.86,0.04,0.62
2005-06-17,000981,4.73,4.65,4.74,4.63,1877,765493.38,2.34,-1.27,-0.06,0.38
2005-06-20,000981,4.62,4.76,4.76,4.5,3935,1600725.5,5.59,2.37,0.11,0.79
2005-06-21,000981,4.76,4.75,4.79,4.64,2989,1225437.38,3.15,-0.21,-0.01,0.6
2005-06-22,000981,4.68,4.75,4.76,4.63,1341,550044.69,2.74,0.0,0.0,0.27
2005-06-23,000981,4.67,4.68,4.76,4.65,2129,875896.5,2.32,-1.47,-0.07,0.43
2005-06-24,000981,4.65,4.68,4.69,4.62,1483,601435.56,1.5,0.0,0.0,0.3
2005-06-27,000981,4.65,4.82,4.87,4.65,4495,1884503.38,4.7,2.99,0.14,0.9
2005-06-28,000981,4.84,4.69,4.84,4.69,3021,1249551.38,3.11,-2.7,-0.13,0.6
2005-06-29,000981,4.73,4.88,4.89,4.7,9193,3895285.5,4.05,4.05,0.19,1.84
2005-06-30,000981,4.89,4.73,4.92,4.73,8878,3740993.0,3.89,-3.07,-0.15,1.78
2005-07-01,000981,4.71,4.33,4.73,4.32,6628,2555635.75,8.67,-8.46,-0.4,1.33
2005-07-04,000981,4.23,4.34,4.38,4.15,2483,909805.25,5.31,0.23,0.01,0.5
2005-07-05,000981,4.53,4.38,4.55,4.33,2048,776115.81,5.07,0.92,0.04,0.41
2005-07-06,000981,4.38,4.32,4.44,4.23,1832,679842.62,4.79,-1.37,-0.06,0.37
2005-07-07,000981,4.28,4.28,4.33,4.25,1511,557079.0,1.85,-0.93,-0.04,0.3
2005-07-08,000981,4.15,4.08,4.26,4.08,2645,940681.38,4.21,-4.67,-0.2,0.53
2005-07-11,000981,4.05,4.0,4.3,3.95,2358,825219.31,8.58,-1.96,-0.08,0.47
2005-07-12,000981,3.95,4.1,4.14,3.91,1866,639694.06,5.75,2.5,0.1,0.37
2005-07-13,000981,4.09,4.15,4.21,4.0,3251,1149018.0,5.12,1.22,0.05,0.65
2005-07-14,000981,4.1,4.12,4.19,4.09,1842,652176.5,2.41,-0.72,-0.03,0.37
2005-07-15,000981,4.1,3.9,4.18,3.85,2826,957372.5,8.01,-5.34,-0.22,0.57
2005-07-18,000981,3.86,3.83,3.94,3.78,1737,568584.88,4.1,-1.79,-0.07,0.35
2005-07-19,000981,3.81,3.85,3.91,3.79,1666,541783.06,3.13,0.52,0.02,0.33
2005-07-20,000981,3.88,3.86,3.93,3.84,855,280504.0,2.34,0.26,0.01,0.17
2005-07-21,000981,3.88,3.9,3.94,3.81,1277,417699.97,3.37,1.04,0.04,0.26
2005-07-22,000981,3.95,4.03,4.05,3.92,4334,1468840.75,3.33,3.33,0.13,0.87
2005-07-25,000981,3.95,3.97,4.01,3.94,1162,391806.59,1.74,-1.49,-0.06,0.23
2005-07-26,000981,4.03,4.09,4.09,3.98,3062,1057267.12,2.77,3.02,0.12,0.61
2005-07-27,000981,4.1,4.23,4.24,4.02,6901,2448522.0,5.38,3.42,0.14,1.38
2005-07-28,000981,4.47,4.33,4.59,4.33,25052,9657332.0,6.15,2.36,0.1,5.01
2005-07-29,000981,4.28,4.39,4.4,4.21,6587,2468048.75,4.39,1.39,0.06,1.32
2005-08-01,000981,4.44,4.35,4.48,4.3,3782,1421338.5,4.1,-0.91,-0.04,0.76
2005-08-02,000981,4.31,4.4,4.41,4.29,3535,1327530.38,2.76,1.15,0.05,0.71
2005-08-03,000981,4.4,4.43,4.47,4.4,8302,3187539.25,1.59,0.68,0.03,1.66
2005-08-04,000981,4.43,4.34,4.43,4.3,4084,1531941.62,2.93,-2.03,-0.09,0.82
2005-08-05,000981,4.33,4.49,4.5,4.32,9241,3550767.25,4.15,3.46,0.15,1.85
2005-08-08,000981,4.6,4.56,4.67,4.51,11408,4558111.5,3.56,1.56,0.07,2.28
2005-08-09,000981,4.6,4.73,4.75,4.52,12301,4996603.0,5.04,3.73,0.17,2.46
2005-08-10,000981,4.74,4.71,4.74,4.6,10487,4271367.0,2.96,-0.42,-0.02,2.1
2005-08-11,000981,4.7,4.73,4.75,4.65,7898,3239252.25,2.12,0.42,0.02,1.58
2005-08-12,000981,4.7,4.67,4.78,4.64,10916,4488057.5,2.96,-1.27,-0.06,2.18
2005-08-15,000981,4.6,4.77,4.78,4.6,6402,2639907.0,3.85,2.14,0.1,1.28
2005-08-16,000981,4.8,4.77,4.9,4.71,6819,2860922.5,3.98,0.0,0.0,1.36
2005-08-17,000981,4.74,4.9,4.9,4.66,8288,3484040.75,5.03,2.73,0.13,1.66
2005-08-18,000981,4.9,4.74,5.14,4.72,16410,7209107.5,8.57,-3.27,-0.16,3.28
2005-08-19,000981,4.74,4.76,4.86,4.61,8236,3404479.25,5.27,0.42,0.02,1.65
2005-08-22,000981,4.77,4.86,4.9,4.72,6555,2764163.75,3.78,2.1,0.1,1.31
2005-08-23,000981,4.82,4.72,4.85,4.65,4704,1938227.75,4.12,-2.88,-0.14,0.94
2005-08-24,000981,4.68,4.74,4.77,4.68,4221,1741481.38,1.91,0.42,0.02,0.84
2005-08-25,000981,4.71,4.81,4.82,4.71,3690,1535827.75,2.32,1.48,0.07,0.74
2005-08-26,000981,4.79,4.93,4.98,4.75,7964,3401677.0,4.78,2.49,0.12,1.59
2005-08-29,000981,4.92,4.81,4.95,4.73,4962,2095900.5,4.46,-2.43,-0.12,0.99
2005-08-30,000981,4.81,4.8,4.88,4.74,3787,1605849.38,2.91,-0.21,-0.01,0.76
2005-08-31,000981,4.76,4.9,4.93,4.76,4924,2099969.5,3.54,2.08,0.1,0.98
2005-09-01,000981,4.83,5.04,5.06,4.83,10517,4621584.0,4.69,2.86,0.14,2.1
2005-09-02,000981,5.01,5.21,5.35,4.98,15408,7024047.5,7.34,3.37,0.17,3.08
2005-09-05,000981,5.3,5.25,5.31,5.1,10618,4887277.0,4.03,0.77,0.04,2.12
2005-09-06,000981,5.25,5.07,5.36,5.02,13818,6387827.0,6.48,-3.43,-0.18,2.76
2005-09-07,000981,5.07,5.19,5.19,4.95,6867,3065873.5,4.73,2.37,0.12,1.37
2005-09-08,000981,5.17,5.29,5.63,5.17,12244,5771694.0,8.86,1.93,0.1,2.45
2005-09-09,000981,5.3,5.12,5.31,5.08,11895,5402101.5,4.35,-3.21,-0.17,2.38
2005-09-12,000981,5.1,5.18,5.19,5.06,4217,1910938.62,2.54,1.17,0.06,0.84
2005-09-13,000981,5.16,5.3,5.31,5.12,7638,3531641.25,3.67,2.32,0.12,1.53
2005-09-14,000981,5.32,5.4,5.42,5.25,10489,4988899.0,3.21,1.89,0.1,2.1
2005-09-15,000981,5.41,5.42,5.48,5.32,8994,4323203.0,2.96,0.37,0.02,1.8
2005-09-16,000981,5.43,5.41,5.48,5.33,7388,3550556.0,2.77,-0.18,-0.01,1.48
2005-09-19,000981,5.41,5.52,5.56,5.38,11139,5449335.0,3.33,2.03,0.11,2.23
2005-09-20,000981,5.54,5.45,5.54,5.37,8329,4026384.5,3.08,-1.27,-0.07,1.67
2005-09-21,000981,5.45,5.31,5.45,5.28,8643,4108944.5,3.12,-2.57,-0.14,1.73
2005-09-22,000981,5.3,5.07,5.3,4.93,10830,4889934.5,6.97,-4.52,-0.24,2.17
2005-09-23,000981,5.0,4.92,5.09,4.91,5413,2384920.0,3.55,-2.96,-0.15,1.08
2005-09-26,000981,4.85,5.18,5.2,4.85,10109,4509956.5,7.11,5.28,0.26,2.02
2005-09-27,000981,5.21,5.06,5.28,5.05,15395,7034087.5,4.44,-2.32,-0.12,3.08
2005-09-28,000981,4.94,4.98,5.13,4.94,3057,1361163.12,3.75,-1.58,-0.08,0.61
2005-09-29,000981,5.0,5.13,5.15,5.0,3802,1702411.12,3.01,3.01,0.15,0.76
2005-09-30,000981,5.05,5.07,5.15,5.05,2540,1141553.62,1.95,-1.17,-0.06,0.51
2005-10-10,000981,5.0,4.97,5.13,4.95,2604,1152376.25,3.55,-1.97,-0.1,0.52
2005-10-11,000981,4.96,5.08,5.09,4.86,3981,1748562.75,4.63,2.21,0.11,0.8
2005-10-12,000981,5.08,5.05,5.12,4.9,4872,2159339.0,4.33,-0.59,-0.03,0.97
2005-10-13,000981,5.01,4.99,5.06,4.93,5515,2424725.0,2.57,-1.19,-0.06,1.1
2005-10-14,000981,4.99,5.02,5.06,4.94,4382,1927907.5,2.4,0.6,0.03,0.88
2005-10-17,000981,5.02,5.15,5.15,5.0,6837,3066041.25,2.99,2.59,0.13,1.37
2005-10-18,000981,5.14,5.32,5.35,5.0,12402,5759057.0,6.8,3.3,0.17,2.48
2005-10-19,000981,5.39,5.24,5.47,5.22,19345,9247507.0,4.7,-1.5,-0.08,3.87
2005-10-20,000981,5.2,5.16,5.2,5.02,6329,2851361.0,3.44,-1.53,-0.08,1.27
2005-10-21,000981,5.13,5.23,5.28,5.1,4548,2092023.75,3.49,1.36,0.07,0.91
2005-10-24,000981,5.27,5.34,5.39,5.22,4960,2338341.0,3.25,2.1,0.11,0.99
2005-10-25,000981,5.32,5.12,5.32,5.11,4792,2188676.25,3.93,-4.12,-0.22,0.96
2005-10-26,000981,5.12,4.96,5.15,4.95,4085,1818614.88,3.91,-3.13,-0.16,0.82
2005-10-27,000981,4.9,4.97,4.98,4.88,3656,1582372.25,2.02,0.2,0.01,0.73
2005-10-28,000981,4.93,4.66,4.98,4.6,4879,2014815.0,7.65,-6.24,-0.31,0.98
2005-10-31,000981,4.62,4.75,4.77,4.62,3275,1349415.25,3.22,1.93,0.09,0.65
2005-11-01,000981,4.72,4.63,4.72,4.45,4133,1636723.88,5.68,-2.53,-0.12,0.83
2005-11-02,000981,4.61,4.79,4.83,4.61,4624,1920321.88,4.75,3.46,0.16,0.92
2005-11-03,000981,4.75,4.73,4.85,4.68,3965,1647174.5,3.55,-1.25,-0.06,0.79
2005-11-04,000981,4.78,4.76,4.78,4.64,2163,894363.94,2.96,0.63,0.03,0.43
2005-11-07,000981,4.79,4.81,4.83,4.75,2464,1032319.0,1.68,1.05,0.05,0.49
2005-11-08,000981,4.79,4.84,4.85,4.75,2774,1166218.75,2.08,0.62,0.03,0.55
2005-11-09,000981,4.82,5.22,5.26,4.75,32389,14906251.0,10.54,7.85,0.38,6.48
2005-11-10,000981,5.1,4.94,5.16,4.88,22035,9771039.0,5.36,-5.36,-0.28,4.41
2005-11-11,000981,4.8,4.86,4.96,4.7,6168,2614184.25,5.26,-1.62,-0.08,1.23
2005-11-14,000981,4.9,4.9,4.94,4.84,4448,1906259.88,2.06,0.82,0.04,0.89
2005-11-15,000981,4.9,4.84,4.95,4.78,3786,1621002.25,3.47,-1.22,-0.06,0.76
2005-11-16,000981,4.79,4.86,4.87,4.67,4237,1758531.25,4.13,0.41,0.02,0.85
2005-11-17,000981,4.86,4.87,4.89,4.77,3634,1539559.38,2.47,0.21,0.01,0.73
2005-11-18,000981,4.86,4.97,5.0,4.85,7778,3378451.0,3.08,2.05,0.1,1.56
2005-11-21,000981,4.96,5.0,5.03,4.91,4462,1960097.62,2.41,0.6,0.03,0.89
2005-11-22,000981,4.98,4.88,4.99,4.86,4536,1954716.5,2.6,-2.4,-0.12,0.91
2005-11-23,000981,4.88,4.95,4.99,4.87,2121,921443.31,2.46,1.43,0.07,0.42
2005-11-24,000981,4.94,4.98,4.99,4.92,3347,1460902.38,1.41,0.61,0.03,0.67
2005-11-25,000981,4.98,4.95,4.99,4.91,2878,1252652.0,1.61,-0.6,-0.03,0.58
2005-11-28,000981,4.98,4.99,5.03,4.96,2676,1174931.12,1.41,0.81,0.04,0.54
2005-11-29,000981,4.97,4.91,5.02,4.85,3575,1550409.62,3.41,-1.6,-0.08,0.71
2005-11-30,000981,4.85,4.9,4.97,4.85,2017,869679.81,2.44,-0.2,-0.01,0.4
2005-12-01,000981,5.03,4.91,5.03,4.89,1403,605051.62,2.86,0.2,0.01,0.28
2005-12-02,000981,4.9,4.78,4.91,4.75,3005,1263219.0,3.26,-2.65,-0.13,0.6
2005-12-05,000981,4.78,4.64,4.78,4.63,2514,1027557.38,3.14,-2.93,-0.14,0.5
2005-12-06,000981,4.62,4.66,4.69,4.6,2027,821292.81,1.94,0.43,0.02,0.41
2005-12-07,000981,4.62,4.71,4.72,4.62,1907,778147.0,2.15,1.07,0.05,0.38
2005-12-08,000981,4.68,4.64,4.71,4.6,2541,1026998.19,2.34,-1.49,-0.07,0.51
2005-12-09,000981,4.61,4.73,4.75,4.6,3340,1363726.75,3.23,1.94,0.09,0.67
2005-12-12,000981,4.73,4.77,4.81,4.71,3536,1471108.38,2.11,0.85,0.04,0.71
2005-12-13,000981,4.78,4.77,4.78,4.71,1472,609529.0,1.47,0.0,0.0,0.29
2005-12-14,000981,4.75,4.8,4.81,4.72,1983,828934.62,1.89,0.63,0.03,0.4
2005-12-15,000981,4.8,4.75,4.84,4.74,2242,940407.5,2.08,-1.04,-0.05,0.45
2005-12-16,000981,4.78,4.8,4.8,4.75,2064,862717.0,1.05,1.05,0.05,0.41
2005-12-19,000981,4.8,4.77,4.82,4.76,1541,644789.38,1.25,-0.63,-0.03,0.31
2005-12-20,000981,4.75,4.82,4.83,4.75,1592,670185.56,1.68,1.05,0.05,0.32
2005-12-21,000981,4.85,4.94,5.19,4.79,20472,9060636.0,8.3,2.49,0.12,4.09
2005-12-22,000981,4.87,4.9,4.98,4.83,5338,2297999.75,3.04,-0.81,-0.04,1.07
2005-12-23,000981,4.97,4.95,5.05,4.94,8805,3868334.75,2.24,1.02,0.05,1.76
2005-12-26,000981,4.92,4.95,4.99,4.92,5212,2270795.5,1.41,0.0,0.0,1.04
2005-12-27,000981,4.93,4.91,4.96,4.89,3377,1457761.25,1.41,-0.81,-0.04,0.68
2005-12-28,000981,4.98,4.97,4.98,4.9,2759,1197416.5,1.63,1.22,0.06,0.55
2005-12-29,000981,4.99,4.98,5.0,4.94,5779,2532478.0,1.21,0.2,0.01,1.16
2005-12-30,000981,5.0,4.98,5.05,4.96,4136,1821864.0,1.81,0.0,0.0,0.83
2006-01-05,000981,5.05,5.07,5.09,5.0,8679,3857380.25,1.81,1.81,0.09,1.74
2006-01-06,000981,5.07,5.12,5.18,5.04,10850,4882489.5,2.76,0.99,0.05,2.17
2006-01-09,000981,5.15,5.14,5.23,5.1,7787,3548953.75,2.54,0.39,0.02,1.56
2006-01-10,000981,5.18,5.18,5.19,5.05,6330,2856291.25,2.72,0.78,0.04,1.27
2006-01-11,000981,5.17,5.09,5.17,5.05,4653,2095825.75,2.32,-1.74,-0.09,0.93
2006-01-12,000981,5.08,5.23,5.27,5.06,10444,4790195.5,4.13,2.75,0.14,2.09
2006-01-13,000981,5.25,5.2,5.29,5.17,8413,3893385.25,2.29,-0.57,-0.03,1.68
2006-01-16,000981,5.2,5.08,5.21,5.07,4951,2253371.25,2.69,-2.31,-0.12,0.99
2006-01-17,000981,5.08,5.09,5.11,5.01,4722,2109984.0,1.97,0.2,0.01,0.94
2006-01-18,000981,5.06,5.23,5.29,5.06,10503,4853288.0,4.52,2.75,0.14,2.1
2006-01-19,000981,5.24,5.44,5.49,5.18,23510,11188626.0,5.93,4.02,0.21,4.7
2006-01-20,000981,5.46,5.42,5.55,5.4,24339,11845976.0,2.76,-0.37,-0.02,4.87
2006-01-23,000981,5.45,5.7,5.7,5.38,33355,16619696.0,5.9,5.17,0.28,6.67
2006-01-24,000981,5.73,5.69,5.86,5.61,22204,11377961.0,4.39,-0.18,-0.01,4.44
2006-01-25,000981,5.69,5.74,5.75,5.59,12823,6486852.0,2.81,0.88,0.05,2.56
2006-02-06,000981,5.73,5.76,5.78,5.61,9818,4984968.0,2.96,0.35,0.02,1.96
2006-02-07,000981,5.75,5.56,5.75,5.53,11981,6018414.0,3.82,-3.47,-0.2,2.4
2006-02-08,000981,5.57,5.77,5.79,5.47,15272,7731700.5,5.76,3.78,0.21,3.05
2006-02-09,000981,5.78,5.63,5.85,5.63,11025,5674409.5,3.81,-2.43,-0.14,2.2
2006-02-10,000981,5.64,5.64,5.72,5.63,6113,3091806.5,1.6,0.18,0.01,1.22
2006-02-13,000981,5.6,5.5,5.64,5.5,6476,3195907.5,2.48,-2.48,-0.14,1.3
2006-02-14,000981,5.5,5.54,5.59,5.48,3244,1603034.12,2.0,0.73,0.04,0.65
2006-02-15,000981,5.55,5.54,5.6,5.5,4062,2010651.25,1.81,0.0,0.0,0.81
2006-02-16,000981,5.51,5.34,5.52,5.31,5890,2826328.0,3.79,-3.61,-0.2,1.18
2006-02-17,000981,5.32,5.26,5.39,5.24,5582,2627952.5,2.81,-1.5,-0.08,1.12
2006-02-20,000981,5.25,5.25,5.28,5.21,4336,2013848.38,1.33,-0.19,-0.01,0.87
2006-02-21,000981,5.26,5.4,5.42,5.16,5128,2407564.5,4.95,2.86,0.15,1.03
2006-02-22,000981,5.37,5.34,5.41,5.32,3967,1893382.0,1.67,-1.11,-0.06,0.79
2006-02-23,000981,5.34,5.25,5.34,5.2,2711,1264414.5,2.62,-1.69,-0.09,0.54
2006-02-24,000981,5.26,5.29,5.33,5.25,2414,1131885.0,1.52,0.76,0.04,0.48
2006-02-27,000981,5.29,5.33,5.45,5.29,3444,1640013.62,3.02,0.76,0.04,0.69
2006-02-28,000981,5.3,5.28,5.3,5.16,3998,1855496.0,2.63,-0.94,-0.05,0.8
2006-03-01,000981,5.28,5.35,5.37,5.28,5550,2615239.0,1.7,1.33,0.07,1.11
2006-03-02,000981,5.31,5.2,5.35,5.17,4990,2324782.0,3.36,-2.8,-0.15,1.0
2006-03-03,000981,5.16,5.17,5.21,5.07,5035,2278997.5,2.69,-0.58,-0.03,1.01
2006-03-06,000981,5.12,5.11,5.19,5.1,1802,817703.88,1.74,-1.16,-0.06,0.36
2006-03-07,000981,5.1,5.01,5.14,4.98,2834,1253453.0,3.13,-1.96,-0.1,0.57
2006-03-08,000981,4.98,5.11,5.14,4.96,5618,2505648.0,3.59,2.0,0.1,1.12
2006-03-09,000981,5.1,5.14,5.19,5.01,5657,2557978.0,3.52,0.59,0.03,1.13
2006-03-10,000981,5.11,5.05,5.15,5.04,2835,1269769.12,2.14,-1.75,-0.09,0.57
2006-03-13,000981,5.05,5.06,5.09,5.02,1560,693723.0,1.39,0.2,0.01,0.31
2006-03-14,000981,5.03,5.05,5.06,5.01,1462,648561.0,0.99,-0.2,-0.01,0.29
2006-03-15,000981,5.01,5.07,5.09,5.01,2030,906367.19,1.58,0.4,0.02,0.41
2006-03-16,000981,5.07,5.13,5.17,5.04,2661,1198660.25,2.56,1.18,0.06,0.53
2006-03-17,000981,5.15,5.09,5.15,5.04,2899,1299072.12,2.14,-0.78,-0.04,0.58
2006-03-20,000981,5.02,5.16,5.17,5.02,3335,1509774.0,2.95,1.38,0.07,0.67
2006-03-21,000981,5.1,5.15,5.21,5.1,3676,1681906.25,2.13,-0.19,-0.01,0.74
2006-03-22,000981,5.13,5.2,5.21,5.13,3343,1525544.88,1.55,0.97,0.05,0.67
2006-03-23,000981,5.17,5.24,5.28,5.15,5301,2448591.75,2.5,0.77,0.04,1.06
2006-03-24,000981,5.2,5.15,5.24,5.14,3086,1412360.62,1.91,-1.72,-0.09,0.62
2006-03-27,000981,5.13,5.16,5.18,5.1,2575,1166806.5,1.55,0.19,0.01,0.52
2006-03-28,000981,5.16,5.21,5.24,5.14,3061,1408760.75,1.94,0.97,0.05,0.61
2006-03-29,000981,5.16,5.24,5.3,5.16,5558,2583318.0,2.69,0.58,0.03,1.11
2006-03-30,000981,5.18,5.15,5.25,5.12,3100,1420432.38,2.48,-1.72,-0.09,0.62
2006-03-31,000981,5.1,4.98,5.12,4.95,9193,4049017.0,3.3,-3.3,-0.17,1.84
2006-04-03,000981,4.96,5.03,5.09,4.96,5150,2265780.0,2.61,1.0,0.05,1.03
2006-04-04,000981,5.0,5.11,5.13,5.0,7100,3178883.5,2.58,1.59,0.08,1.42
2006-04-05,000981,5.12,5.13,5.18,5.11,5533,2517646.5,1.37,0.39,0.02,1.11
2006-04-06,000981,5.17,5.05,5.17,5.04,8841,3968781.5,2.53,-1.56,-0.08,1.77
2006-04-07,000981,5.05,5.2,5.25,5.03,10651,4829534.0,4.36,2.97,0.15,2.13
2006-04-10,000981,5.25,5.36,5.41,5.21,13543,6398065.5,3.85,3.08,0.16,2.71
2006-04-11,000981,5.36,5.34,5.42,5.26,8279,3912694.0,2.99,-0.37,-0.02,1.66
2006-04-12,000981,5.34,5.34,5.37,5.28,6034,2846112.25,1.69,0.0,0.0,1.21
2006-04-13,000981,5.36,5.31,5.46,5.28,13538,6471173.5,3.37,-0.56,-0.03,2.71
2006-04-14,000981,5.32,5.43,5.44,5.23,9223,4365309.0,3.95,2.26,0.12,1.84
2006-04-17,000981,5.36,5.44,5.48,5.33,10249,4949068.5,2.76,0.18,0.01,2.05
2006-04-18,000981,5.45,5.34,5.46,5.34,6028,2885614.5,2.21,-1.84,-0.1,1.21
2006-04-19,000981,5.32,5.21,5.39,5.19,7446,3460250.75,3.75,-2.43,-0.13,1.49
2006-04-20,000981,5.22,5.03,5.25,5.0,10939,4900812.5,4.8,-3.45,-0.18,2.19
2006-04-21,000981,5.01,5.1,5.14,4.99,5570,2495673.0,2.98,1.39,0.07,1.11
2006-04-24,000981,5.1,4.75,5.1,4.74,10513,4504414.5,7.06,-6.86,-0.35,2.1
2006-04-25,000981,4.68,4.8,4.82,4.65,6428,2655753.0,3.58,1.05,0.05,1.29
2006-04-26,000981,4.8,4.81,4.85,4.71,5364,2232448.5,2.92,0.21,0.01,1.07
2006-04-27,000981,4.8,4.84,4.86,4.75,4933,2067965.5,2.29,0.62,0.03,0.99
2006-04-28,000981,4.8,4.84,4.88,4.74,6387,2698289.0,2.89,0.0,0.0,1.28
2006-05-08,000981,4.84,4.95,4.96,4.84,7044,3034337.25,2.48,2.27,0.11,1.41
2006-05-09,000981,4.94,5.13,5.14,4.92,10917,4872809.5,4.44,3.64,0.18,2.18
2006-05-10,000981,5.11,5.23,5.28,5.04,10913,5023662.5,4.68,1.95,0.1,2.18
2006-05-11,000981,5.23,5.14,5.36,5.1,11256,5255540.0,4.97,-1.72,-0.09,2.25
2006-05-12,000981,5.11,5.48,5.5,5.1,17577,8373261.0,7.78,6.61,0.34,3.52
2006-05-15,000981,5.61,5.7,5.73,5.44,22600,11291536.0,5.29,4.01,0.22,4.52
2006-05-16,000981,5.72,5.42,5.8,5.38,17009,8520943.0,7.37,-4.91,-0.28,3.4
2006-05-17,000981,5.45,5.56,5.69,5.45,12450,6160070.0,4.43,2.58,0.14,2.49
2006-05-18,000981,5.59,6.0,6.02,5.5,23743,12342943.0,9.35,7.91,0.44,4.75
2006-05-19,000981,5.98,6.09,6.22,5.9,23483,12837986.0,5.33,1.5,0.09,4.7
2006-05-22,000981,6.05,6.5,6.64,6.0,36882,21781162.0,10.51,6.73,0.41,7.38
2006-05-23,000981,6.45,6.05,6.45,6.04,19692,11235685.0,6.31,-6.92,-0.45,3.94
2006-05-24,000981,6.0,5.97,6.29,5.76,15110,8112253.5,8.76,-1.32,-0.08,3.02
2006-05-25,000981,5.97,6.23,6.33,5.97,11484,6318001.0,6.03,4.36,0.26,2.3
2006-05-26,000981,6.25,6.5,6.72,6.25,22057,13103765.0,7.54,4.33,0.27,4.41
2006-05-29,000981,6.51,6.56,6.66,6.46,15313,9099659.0,3.08,0.92,0.06,3.06
2006-05-31,000981,6.65,6.55,6.75,6.45,16050,9559863.0,4.57,-0.15,-0.01,3.21
2006-06-01,000981,6.58,6.92,7.0,6.51,20621,12803389.0,7.48,5.65,0.37,4.12
2006-06-02,000981,6.92,6.95,7.17,6.83,18704,12022443.0,4.91,0.43,0.03,3.74
2006-06-05,000981,6.91,7.27,7.29,6.91,15466,10153295.0,5.47,4.6,0.32,3.09
2006-06-06,000981,7.57,7.62,7.94,7.43,23619,16742539.0,7.02,4.81,0.35,4.72
2006-06-07,000981,7.65,6.92,7.65,6.92,18185,12106640.0,9.58,-9.19,-0.7,3.64
2006-06-08,000981,6.85,6.73,6.85,6.4,18347,11068307.0,6.5,-2.75,-0.19,3.67
2006-06-09,000981,6.7,6.49,6.8,6.47,11105,6705811.0,4.9,-3.57,-0.24,2.22
2006-06-12,000981,6.45,6.43,6.45,6.3,6820,3949601.5,2.31,-0.92,-0.06,1.36
2006-06-13,000981,6.43,6.54,6.61,6.4,7025,4160124.0,3.27,1.71,0.11,1.41
2006-06-14,000981,6.48,6.46,6.52,6.35,4279,2494615.0,2.6,-1.22,-0.08,0.86
2006-06-15,000981,6.46,6.53,6.65,6.46,4859,2891123.75,2.94,1.08,0.07,0.97
2006-06-16,000981,6.51,6.69,6.7,6.51,7435,4486001.5,2.91,2.45,0.16,1.49
2006-06-19,000981,6.63,6.83,6.91,6.52,7074,4364218.0,5.83,2.09,0.14,1.41
2006-06-20,000981,6.86,6.79,6.88,6.7,6459,3989618.75,2.64,-0.59,-0.04,1.29
2006-06-21,000981,6.79,6.7,6.83,6.63,6489,3967427.75,2.95,-1.33,-0.09,1.3
2006-06-22,000981,6.65,6.7,6.75,6.59,5081,3079040.5,2.39,0.0,0.0,1.02
2006-06-23,000981,6.62,6.81,6.89,6.62,6292,3904644.25,4.03,1.64,0.11,1.26
2006-06-26,000981,6.8,7.08,7.1,6.8,8324,5338314.5,4.41,3.96,0.27,1.66
2006-06-27,000981,7.09,7.0,7.16,6.94,4355,2793944.25,3.11,-1.13,-0.08,0.87
2006-06-28,000981,7.08,7.0,7.08,6.92,4331,2764117.75,2.29,0.0,0.0,0.87
2006-06-29,000981,7.23,7.09,7.23,7.05,7250,4719940.0,2.57,1.29,0.09,1.45
2006-06-30,000981,7.12,6.99,7.16,6.91,8195,5243262.0,3.53,-1.41,-0.1,1.64
2006-07-03,000981,7.0,7.19,7.3,7.0,11918,7816520.5,4.29,2.86,0.2,2.38
2006-07-04,000981,7.15,7.3,7.56,7.15,15590,10578384.0,5.7,1.53,0.11,3.12
2006-07-05,000981,7.3,7.35,7.42,7.16,8793,5871476.0,3.56,0.68,0.05,1.76
2006-07-06,000981,7.35,7.63,7.7,7.26,15812,11057105.0,5.99,3.81,0.28,3.16
2006-07-07,000981,7.75,7.58,7.91,7.58,14434,10346660.0,4.33,-0.66,-0.05,2.89
2006-07-10,000981,7.57,7.78,7.79,7.52,7919,5590512.5,3.56,2.64,0.2,1.58
2006-07-11,000981,7.77,7.76,7.85,7.65,5688,4074059.25,2.57,-0.26,-0.02,1.14
2006-07-12,000981,7.76,7.43,7.78,7.43,10212,7141117.5,4.51,-4.25,-0.33,2.04
2006-07-13,000981,7.4,6.98,7.62,6.98,16186,10786538.0,8.61,-6.06,-0.45,3.24
2006-07-14,000981,6.4,6.63,6.75,6.4,20387,12219911.0,5.01,-5.01,-0.35,4.08
2006-07-17,000981,6.63,6.95,6.98,6.48,13847,8341767.5,7.54,4.83,0.32,2.77
2006-07-18,000981,6.95,6.83,6.95,6.74,6310,3938742.5,3.02,-1.73,-0.12,1.26
2006-07-19,000981,6.83,6.7,6.85,6.59,5822,3562626.0,3.81,-1.9,-0.13,1.16
2006-07-20,000981,6.69,6.78,6.9,6.62,6613,4064536.0,4.18,1.19,0.08,1.32
2006-07-21,000981,6.78,6.85,7.04,6.67,4972,3126173.5,5.46,1.03,0.07,0.99
2006-07-24,000981,6.66,6.83,6.89,6.66,4154,2577419.5,3.36,-0.29,-0.02,0.83
2006-07-25,000981,6.7,6.45,6.7,6.3,30757,18104570.0,5.86,-5.56,-0.38,6.15
2006-07-26,000981,6.43,6.54,6.56,6.4,11766,6931501.5,2.48,1.4,0.09,2.35
2006-07-27,000981,6.5,6.5,6.56,6.42,5662,3326131.5,2.14,-0.61,-0.04,1.13
2006-07-28,000981,6.49,6.44,6.54,6.36,4910,2870429.75,2.77,-0.92,-0.06,0.98
2006-07-31,000981,6.44,6.11,6.44,6.08,7221,4032477.0,5.59,-5.12,-0.33,1.44
2006-08-01,000981,6.1,6.02,6.2,5.86,5884,3187852.0,5.56,-1.47,-0.09,1.18
2006-08-02,000981,6.0,6.04,6.06,5.92,3275,1768026.38,2.33,0.33,0.02,0.65
2006-08-03,000981,6.0,6.01,6.06,5.91,2029,1091740.38,2.48,-0.5,-0.03,0.41
2006-08-04,000981,6.03,5.74,6.03,5.74,3315,1752567.25,4.83,-4.49,-0.27,0.66
2006-08-07,000981,5.7,5.23,5.7,5.23,8257,3977063.25,8.19,-8.89,-0.51,1.65
2006-08-08,000981,5.11,5.39,5.45,5.11,8936,4201867.0,6.5,3.06,0.16,1.79
2006-08-09,000981,5.28,5.35,5.39,5.27,5921,2791885.75,2.23,-0.74,-0.04,1.18
2006-08-10,000981,5.34,5.43,5.45,5.21,4906,2346991.0,4.49,1.5,0.08,0.98
2006-08-11,000981,5.44,5.59,5.7,5.36,10670,5258442.0,6.26,2.95,0.16,2.13
2006-08-14,000981,5.55,5.37,5.57,5.3,6121,2942380.25,4.83,-3.94,-0.22,1.22
2006-08-15,000981,5.34,5.38,5.39,5.28,3441,1632682.0,2.05,0.19,0.01,0.69
2006-08-16,000981,5.36,5.44,5.45,5.31,4052,1938439.25,2.6,1.12,0.06,0.81
2006-08-17,000981,5.41,5.38,5.42,5.34,2925,1394050.75,1.47,-1.1,-0.06,0.58
2006-08-18,000981,5.38,5.34,5.43,5.34,3107,1482458.12,1.67,-0.74,-0.04,0.62
2006-08-21,000981,5.13,5.25,5.25,5.05,6350,2917041.0,3.75,-1.69,-0.09,1.27
2006-08-22,000981,5.21,5.29,5.34,5.21,6290,2950800.5,2.48,0.76,0.04,1.26
2006-08-23,000981,5.73,5.76,5.76,5.6,9341,4804730.0,3.02,8.88,0.47,1.87
2006-08-24,000981,5.88,5.72,5.97,5.65,27551,14347467.0,5.56,-0.69,-0.04,5.51
2006-08-25,000981,5.71,5.61,5.71,5.45,11667,5804336.0,4.55,-1.92,-0.11,2.33
2006-08-28,000981,5.59,5.7,5.74,5.53,8769,4428096.5,3.74,1.6,0.09,1.75
2006-08-29,000981,5.7,5.77,5.83,5.65,13222,6820127.5,3.16,1.23,0.07,2.64
2006-08-30,000981,5.8,5.88,5.9,5.72,7568,3936928.0,3.12,1.91,0.11,1.51
2006-08-31,000981,5.86,5.78,5.86,5.75,4185,2177579.25,1.87,-1.7,-0.1,0.84
2006-09-01,000981,5.72,5.58,5.76,5.58,7588,3820887.0,3.11,-3.46,-0.2,1.52
2006-09-04,000981,5.57,5.7,5.78,5.56,6682,3393779.0,3.94,2.15,0.12,1.34
2006-09-05,000981,5.69,5.72,5.8,5.68,7545,3883618.0,2.11,0.35,0.02,1.51
2006-09-06,000981,5.72,5.76,5.79,5.7,5681,2923579.75,1.57,0.7,0.04,1.14
2006-09-07,000981,5.77,5.69,5.77,5.61,4034,2048427.5,2.78,-1.22,-0.07,0.81
2006-09-08,000981,5.64,5.81,5.94,5.64,9583,5020439.5,5.27,2.11,0.12,1.92
2006-09-11,000981,5.76,5.83,5.87,5.73,2902,1503024.12,2.41,0.34,0.02,0.58
2006-09-12,000981,5.85,5.77,5.85,5.76,4853,2520777.25,1.54,-1.03,-0.06,0.97
2006-09-13,000981,5.78,5.67,5.81,5.67,4091,2101389.0,2.43,-1.73,-0.1,0.82
2006-09-14,000981,5.65,5.64,5.73,5.58,5337,2689233.5,2.65,-0.53,-0.03,1.07
2006-09-15,000981,5.68,5.73,5.77,5.63,5688,2899699.25,2.48,1.6,0.09,1.14
2006-09-18,000981,5.73,5.88,5.92,5.71,10163,5319564.5,3.66,2.62,0.15,2.03
2006-09-19,000981,5.9,5.84,5.92,5.8,5870,3084336.0,2.04,-0.68,-0.04,1.17
2006-09-20,000981,5.84,5.98,6.07,5.83,15946,8589171.0,4.11,2.4,0.14,3.19
2006-09-21,000981,5.94,6.07,6.1,5.7,12483,6792813.5,6.69,1.51,0.09,2.5
2006-09-22,000981,6.0,5.92,6.06,5.9,8536,4581816.0,2.64,-2.47,-0.15,1.71
2006-09-25,000981,5.92,6.03,6.13,5.92,9610,5232066.0,3.55,1.86,0.11,1.92
2006-09-26,000981,6.06,6.38,6.53,6.0,26451,15156263.0,8.79,5.8,0.35,5.29
2006-09-27,000981,6.34,6.48,6.53,6.23,17415,10130185.0,4.7,1.57,0.1,3.48
2006-09-28,000981,6.43,6.37,6.5,6.29,11785,6794484.0,3.24,-1.7,-0.11,2.36
2006-09-29,000981,6.38,6.51,6.62,6.38,16346,9670846.0,3.77,2.2,0.14,3.27
2006-10-09,000981,6.6,6.52,6.68,6.42,7925,4678464.5,3.99,0.15,0.01,1.59
2006-10-10,000981,6.51,6.35,6.51,6.33,9104,5259782.5,2.76,-2.61,-0.17,1.82
2006-10-11,000981,6.34,6.43,6.53,6.29,7672,4459692.5,3.78,1.26,0.08,1.53
2006-10-12,000981,6.38,6.65,6.71,6.33,15734,9394215.0,5.91,3.42,0.22,3.15
2006-10-13,000981,6.59,6.59,6.71,6.5,8629,5176205.0,3.16,-0.9,-0.06,1.73
2006-10-16,000981,6.45,6.34,6.52,6.28,11935,6867089.0,3.64,-3.79,-0.25,2.39
2006-10-17,000981,6.43,6.55,6.78,6.35,14230,8456237.0,6.78,3.31,0.21,2.85
2006-10-18,000981,6.5,6.46,6.58,6.37,9880,5783185.5,3.21,-1.37,-0.09,1.98
2006-10-19,000981,6.46,6.39,6.53,6.37,5587,3254586.0,2.48,-1.08,-0.07,1.12
2006-10-20,000981,6.37,6.25,6.45,6.2,6543,3760441.25,3.91,-2.19,-0.14,1.31
2006-10-23,000981,6.23,6.0,6.33,5.9,7637,4186722.0,6.88,-4.0,-0.25,1.53
2006-10-24,000981,6.0,6.23,6.29,6.0,6154,3416372.75,4.83,3.83,0.23,1.23
2006-10-25,000981,6.22,6.05,6.28,6.05,6469,3584551.25,3.69,-2.89,-0.18,1.29
2006-10-27,000981,6.03,6.1,6.24,6.03,5868,3232481.25,3.47,0.83,0.05,1.17
2006-10-30,000981,6.1,6.03,6.12,5.83,5912,3174183.0,4.75,-1.15,-0.07,1.18
2006-10-31,000981,6.0,6.01,6.05,5.96,4136,2236737.25,1.49,-0.33,-0.02,0.83
2006-11-01,000981,5.95,6.07,6.09,5.9,4460,2408834.5,3.16,1.0,0.06,0.89
2006-11-02,000981,6.05,6.15,6.15,5.97,4935,2685474.0,2.97,1.32,0.08,0.99
2006-11-03,000981,6.02,6.18,6.21,6.01,5587,3100542.75,3.25,0.49,0.03,1.12
2006-11-06,000981,6.2,6.2,6.2,6.08,5171,2870496.0,1.94,0.32,0.02,1.03
2006-11-07,000981,6.18,6.04,6.18,5.9,3122,1684848.25,4.52,-2.58,-0.16,0.62
2006-11-08,000981,6.04,6.18,6.2,5.92,11623,6366860.0,4.64,2.32,0.14,2.32
2006-11-09,000981,6.22,6.25,6.52,6.2,24028,13864374.0,5.18,1.13,0.07,4.81
2006-11-10,000981,6.2,6.06,6.24,5.98,10919,5981802.5,4.16,-3.04,-0.19,2.18
2006-11-13,000981,6.0,5.69,6.0,5.67,7093,3719135.25,5.45,-6.11,-0.37,1.42
2006-11-14,000981,5.69,5.73,5.73,5.51,4142,2087629.0,3.87,0.7,0.04,0.83
2006-11-15,000981,5.68,5.74,5.81,5.62,4828,2481134.5,3.32,0.17,0.01,0.97
2006-11-16,000981,5.74,5.65,5.8,5.64,3711,1885765.62,2.79,-1.57,-0.09,0.74
2006-11-17,000981,5.65,5.8,5.83,5.58,8378,4281655.0,4.42,2.65,0.15,1.68
2006-11-20,000981,5.72,5.67,5.74,5.59,5434,2737972.25,2.59,-2.24,-0.13,1.09
2006-11-21,000981,5.65,5.51,5.66,5.45,7529,3692426.75,3.7,-2.82,-0.16,1.51
2006-11-22,000981,5.5,5.54,5.59,5.42,7038,3446998.5,3.09,0.54,0.03,1.41
2006-11-23,000981,5.5,5.51,5.54,5.45,8721,4265185.5,1.62,-0.54,-0.03,1.74
2006-11-24,000981,5.52,5.6,5.64,5.49,9005,4471252.5,2.72,1.63,0.09,1.8
2006-11-28,000981,5.65,5.7,5.7,5.6,8174,4131466.0,1.79,1.79,0.1,1.63
2006-11-29,000981,5.66,5.64,5.66,5.52,13533,6748097.0,2.46,-1.05,-0.06,2.71
2006-11-30,000981,5.64,5.7,5.76,5.61,9286,4732480.0,2.66,1.06,0.06,1.86
2006-12-01,000981,5.7,5.66,5.72,5.62,12336,6231500.5,1.75,-0.7,-0.04,2.47
2006-12-04,000981,5.68,5.87,5.96,5.58,20803,10816922.0,6.71,3.71,0.21,4.16
2006-12-05,000981,5.84,5.97,5.98,5.76,14192,7517062.5,3.75,1.7,0.1,2.84
2006-12-06,000981,5.88,5.98,6.0,5.78,11523,6133290.5,3.69,0.17,0.01,2.3
2006-12-07,000981,5.98,6.09,6.32,5.98,15445,8624486.0,5.69,1.84,0.11,3.09
2006-12-08,000981,6.06,6.03,6.3,6.01,8692,4805244.0,4.76,-0.99,-0.06,1.74
2006-12-11,000981,5.97,6.19,6.25,5.91,6705,3742618.5,5.64,2.65,0.16,1.34
2006-12-12,000981,6.2,6.06,6.22,5.99,4627,2537836.5,3.72,-2.1,-0.13,0.93
2006-12-13,000981,6.05,5.95,6.14,5.92,4686,2523745.75,3.63,-1.82,-0.11,0.94
2006-12-14,000981,5.96,6.19,6.26,5.92,8078,4496608.0,5.71,4.03,0.24,1.62
2006-12-15,000981,6.19,6.35,6.48,6.19,16156,9372597.0,4.68,2.58,0.16,3.23
2006-12-18,000981,6.3,6.24,6.39,6.18,8137,4598973.5,3.31,-1.73,-0.11,1.63
2006-12-19,000981,6.22,6.16,6.25,6.1,10541,5844528.5,2.4,-1.28,-0.08,2.11
2006-12-20,000981,6.16,6.37,6.47,6.12,8443,4838962.5,5.68,3.41,0.21,1.69
2006-12-21,000981,6.36,6.62,6.74,6.35,20820,12435421.0,6.12,3.92,0.25,4.16
2006-12-22,000981,6.55,6.7,7.1,6.38,29846,18516370.0,10.88,1.21,0.08,5.97
2006-12-25,000981,6.7,6.8,7.09,6.7,17304,10954461.0,5.82,1.49,0.1,3.46
2006-12-26,000981,6.8,6.79,6.88,6.61,12289,7523304.5,3.97,-0.15,-0.01,2.46
2006-12-27,000981,6.8,7.04,7.05,6.68,16457,10419465.0,5.45,3.68,0.25,3.29
2006-12-28,000981,7.06,7.68,7.68,7.06,33721,23114740.0,8.81,9.09,0.64,6.74
2006-12-29,000981,7.4,6.97,7.59,6.97,41566,27408424.0,8.07,-9.24,-0.71,8.31
2007-01-04,000981,6.68,6.33,6.88,6.33,26553,15382297.0,7.89,-9.18,-0.64,5.31
2007-01-05,000981,6.3,6.32,6.54,6.11,14265,8165754.5,6.79,-0.16,-0.01,2.85
2007-01-08,000981,6.27,6.43,6.43,6.2,13983,7974725.5,3.64,1.74,0.11,2.8
2007-01-09,000981,6.43,6.62,6.72,6.32,21738,12970411.0,6.22,2.95,0.19,4.35
2007-01-10,000981,6.92,6.8,6.92,6.62,11608,7108849.5,4.53,2.72,0.18,2.32
2007-01-11,000981,6.8,7.1,7.11,6.71,27169,17444632.0,5.88,4.41,0.3,5.43
2007-01-12,000981,7.09,7.09,7.43,7.06,21245,14272398.0,5.21,-0.14,-0.01,4.25
2007-01-15,000981,7.11,7.01,7.2,6.82,20237,12823782.0,5.36,-1.13,-0.08,4.05
2007-01-16,000981,7.07,7.04,7.1,6.85,15681,9956229.0,3.57,0.43,0.03,3.14
2007-01-17,000981,7.02,6.94,7.02,6.86,13365,8459976.0,2.27,-1.42,-0.1,2.67
2007-01-18,000981,6.9,7.03,7.03,6.81,12071,7657564.0,3.17,1.3,0.09,2.41
2007-01-19,000981,6.99,7.15,7.32,6.99,13537,8858560.0,4.69,1.71,0.12,2.71
2007-01-22,000981,7.15,7.48,7.48,7.04,21349,14187469.0,6.15,4.62,0.33,4.27
2007-01-23,000981,7.48,7.62,7.68,7.31,22587,15624683.0,4.95,1.87,0.14,4.52
2007-01-24,000981,7.63,7.83,7.97,7.45,17618,12545933.0,6.82,2.76,0.21,3.52
2007-01-25,000981,7.82,7.55,7.82,7.54,14069,9889428.0,3.58,-3.58,-0.28,2.81
2007-01-26,000981,7.35,7.5,7.55,7.3,10120,6909985.5,3.31,-0.66,-0.05,2.02
2007-01-29,000981,7.5,7.85,7.85,7.5,17366,12583957.0,4.67,4.67,0.35,3.47
2007-01-30,000981,8.2,8.21,8.21,8.2,4300,3271289.5,0.13,4.59,0.36,0.86
2007-01-31,000981,8.59,8.59,8.59,8.59,4809,3842710.5,0.0,4.63,0.38,0.96
2007-02-01,000981,8.99,8.99,8.99,8.81,82197,68915312.0,2.1,4.66,0.4,16.44
2007-03-13,000981,8.96,9.41,9.41,8.85,30678,26634704.0,6.23,4.67,0.42,6.14
2007-03-14,000981,9.85,9.85,9.85,9.85,3397,3142437.75,0.0,4.68,0.44,0.68
2007-03-15,000981,10.31,10.31,10.31,10.31,921,894582.31,0.0,4.67,0.46,0.18
2007-03-16,000981,10.8,10.69,10.8,9.82,105449,103672992.0,9.51,3.69,0.38,21.09
2007-03-19,000981,10.19,10.6,10.9,10.19,54593,54308792.0,6.64,-0.84,-0.09,10.92
2007-03-20,000981,10.59,10.36,10.6,10.2,25070,24534858.0,3.77,-2.26,-0.24,5.01
2007-03-21,000981,10.4,10.85,10.85,10.17,50717,50764940.0,6.56,4.73,0.49,10.14
2007-03-22,000981,11.1,11.19,11.36,11.05,38268,40901420.0,2.86,3.13,0.34,7.65
2007-03-23,000981,10.68,10.72,11.58,10.66,48873,50020160.0,8.22,-4.2,-0.47,9.77
2007-03-26,000981,10.51,10.21,10.55,10.21,14440,13932604.0,3.17,-4.76,-0.51,2.89
2007-03-27,000981,9.75,10.09,10.31,9.73,35110,32808622.0,5.68,-1.18,-0.12,7.02
2007-03-28,000981,10.1,9.81,10.17,9.67,28033,26014572.0,4.96,-2.78,-0.28,5.61
2007-03-29,000981,9.74,10.27,10.27,9.7,37286,35672428.0,5.81,4.69,0.46,7.46
2007-03-30,000981,10.08,10.16,10.4,9.79,14860,14105236.0,5.94,-1.07,-0.11,2.97
2007-04-02,000981,10.08,10.1,10.24,9.86,17542,16651074.0,3.74,-0.59,-0.06,3.51
2007-04-03,000981,10.16,10.58,10.58,10.11,33450,33066082.0,4.65,4.75,0.48,6.69
2007-04-04,000981,10.65,10.7,11.07,10.5,27736,27896752.0,5.39,1.13,0.12,5.55
2007-04-05,000981,10.69,10.52,10.69,10.27,20342,20000606.0,3.93,-1.68,-0.18,4.07
2007-04-06,000981,10.46,10.31,10.5,10.21,18297,17809814.0,2.76,-2.0,-0.21,3.66
2007-04-09,000981,9.82,9.9,10.31,9.82,36681,34273844.0,4.75,-3.98,-0.41,7.34
2007-04-10,000981,9.89,9.59,9.89,9.44,51885,46343652.0,4.55,-3.13,-0.31,10.38
2007-04-11,000981,9.58,9.71,9.77,9.44,35709,32333404.0,3.44,1.25,0.12,7.14
2007-04-12,000981,9.68,9.86,9.86,9.6,28063,25593910.0,2.68,1.54,0.15,5.61
2007-04-13,000981,9.9,9.91,10.22,9.7,42653,39985664.0,5.27,0.51,0.05,8.53
2007-04-16,000981,9.9,10.38,10.38,9.9,33673,32666374.0,4.84,4.74,0.47,6.73
2007-04-17,000981,10.8,10.87,10.87,10.6,51507,52684792.0,2.6,4.72,0.49,10.3
2007-04-18,000981,11.05,10.88,11.37,10.88,45848,48417664.0,4.51,0.09,0.01,9.17
2007-04-19,000981,10.84,11.06,11.25,10.65,58217,60612980.0,5.51,1.65,0.18,11.64
2007-04-20,000981,11.45,11.58,11.58,11.3,21323,23372272.0,2.53,4.7,0.52,4.26
2007-04-23,000981,12.13,12.13,12.13,12.13,4944,5700432.0,0.0,4.75,0.55,0.99
2007-04-24,000981,12.71,12.7,12.71,11.55,64618,77098856.0,9.56,4.7,0.57,12.92
2007-06-06,000981,12.1,12.1,12.1,12.1,3563,4097450.0,0.0,-4.72,-0.6,0.71
2007-06-07,000981,11.53,11.53,11.53,11.53,377,412061.0,0.0,-4.71,-0.57,0.08
2007-06-08,000981,10.98,10.98,10.98,10.98,2691,2793258.0,0.0,-4.77,-0.55,0.54
2007-06-11,000981,10.46,10.46,11.0,10.46,93569,92441928.0,4.92,-4.74,-0.52,18.71
2007-06-12,000981,10.18,9.97,10.25,9.97,39726,37369912.0,2.68,-4.68,-0.49,7.95
2007-06-13,000981,9.97,10.25,10.25,9.62,76372,71577088.0,6.32,2.81,0.28,15.27
2007-06-14,000981,10.15,9.77,10.25,9.77,53677,50049620.0,4.68,-4.68,-0.48,10.74
2007-06-15,000981,9.48,9.31,9.75,9.31,46579,40898556.0,4.5,-4.71,-0.46,9.32
2007-06-18,000981,9.35,9.44,9.59,9.2,32563,28716712.0,4.19,1.4,0.13,6.51
2007-06-19,000981,9.37,9.72,9.77,9.34,29710,26758444.0,4.56,2.97,0.28,5.94
2007-06-20,000981,9.76,9.46,9.91,9.3,30774,28167004.0,6.28,-2.67,-0.26,6.15
2007-06-21,000981,9.45,9.05,9.67,9.02,26665,23071988.0,6.87,-4.33,-0.41,5.33
2007-06-22,000981,9.08,8.65,9.18,8.63,29725,24515218.0,6.08,-4.42,-0.4,5.95
2007-06-25,000981,8.6,8.26,8.65,8.25,33906,26068586.0,4.62,-4.51,-0.39,6.78
2007-06-26,000981,8.09,8.64,8.64,7.89,37125,29279476.0,9.08,4.6,0.38,7.42
2007-06-27,000981,8.66,9.04,9.04,8.65,28953,24248992.0,4.51,4.63,0.4,5.79
2007-08-01,000981,9.46,9.46,9.46,9.46,197,174958.42,0.0,4.65,0.42,0.04
2007-08-02,000981,9.9,9.9,9.9,9.9,346,321780.0,0.0,4.65,0.44,0.07
2007-08-03,000981,10.37,10.37,10.37,10.37,546,532953.5,0.0,4.75,0.47,0.11
2007-08-06,000981,10.86,10.86,10.86,10.86,612,627563.19,0.0,4.73,0.49,0.12
2007-08-07,000981,11.37,11.37,11.37,11.37,689,742053.0,0.0,4.7,0.51,0.14
2007-08-08,000981,11.91,11.91,11.91,11.91,899,1016373.12,0.0,4.75,0.54,0.18
2007-08-09,000981,12.48,12.48,12.48,12.48,1462,1736974.75,0.0,4.79,0.57,0.29
2007-08-10,000981,13.07,13.07,13.07,12.61,43867,54639648.0,3.69,4.73,0.59,8.77
2007-08-13,000981,13.2,13.69,13.69,12.86,60030,77522976.0,6.35,4.74,0.62,12.01
2007-08-14,000981,14.06,14.34,14.34,13.8,16100,21805788.0,3.94,4.75,0.65,3.22
2007-08-15,000981,15.03,15.03,15.03,14.55,8793,12648085.0,3.35,4.81,0.69,1.76
2007-08-16,000981,15.7,15.75,15.75,15.4,10885,16407203.0,2.33,4.79,0.72,2.18
2007-08-17,000981,16.49,14.99,16.51,14.99,36350,55871468.0,9.65,-4.83,-0.76,7.27
2007-08-20,000981,15.28,14.61,15.55,14.27,53689,76257160.0,8.54,-2.54,-0.38,10.74
2007-08-21,000981,14.71,14.61,14.97,14.52,27353,38542768.0,3.08,0.0,0.0,5.47
2007-08-22,000981,14.8,15.31,15.31,14.5,11297,16505536.0,5.54,4.79,0.7,2.26
2007-08-23,000981,15.79,15.24,15.99,15.18,28939,43250568.0,5.29,-0.46,-0.07,5.79
2007-08-24,000981,15.24,15.24,15.59,15.02,18088,26593262.0,3.74,0.0,0.0,3.62
2007-08-27,000981,15.1,15.16,15.95,14.93,22444,33193786.0,6.69,-0.52,-0.08,4.49
2007-08-28,000981,15.5,14.7,15.5,14.43,27663,39050876.0,7.06,-3.03,-0.46,5.53
2007-08-29,000981,14.59,14.55,14.95,14.3,11628,16239743.0,4.42,-1.02,-0.15,2.33
2007-08-30,000981,14.58,14.91,15.17,14.58,15711,22497970.0,4.05,2.47,0.36,3.14
2007-08-31,000981,15.14,15.63,15.63,14.75,20919,30857508.0,5.9,4.83,0.72,4.18
2007-09-03,000981,15.8,15.39,15.8,15.33,17708,26439128.0,3.01,-1.54,-0.24,3.54
2007-09-04,000981,15.34,15.03,15.38,14.92,14424,20905422.0,2.99,-2.34,-0.36,2.88
2007-09-05,000981,15.3,15.74,15.75,14.91,28792,43211568.0,5.59,4.72,0.71,5.76
2007-09-06,000981,15.93,15.63,15.93,15.46,15192,22923174.0,2.99,-0.7,-0.11,3.04
2007-09-07,000981,15.67,16.38,16.38,15.49,33328,52220660.0,5.69,4.8,0.75,6.67
2007-09-10,000981,16.31,16.13,16.31,15.59,28108,42678128.0,4.4,-1.53,-0.25,5.62
2007-09-11,000981,16.13,15.93,16.91,15.81,41912,67739384.0,6.82,-1.24,-0.2,8.38
2007-09-12,000981,16.04,16.03,16.48,15.16,32220,48815920.0,8.29,0.63,0.1,6.44
2007-09-13,000981,16.05,16.31,16.5,15.62,14264,22137586.0,5.49,1.75,0.28,2.85
2007-09-14,000981,16.39,17.1,17.1,16.28,38359,62891692.0,5.03,4.84,0.79,7.67
2007-09-17,000981,16.78,17.01,17.85,16.68,19772,32941634.0,6.84,-0.53,-0.09,3.95
2007-09-18,000981,17.1,17.83,17.83,16.75,24212,40612940.0,6.35,4.82,0.82,4.84
2007-09-19,000981,17.92,18.69,18.69,17.92,15823,28260950.0,4.32,4.82,0.86,3.16
2007-09-20,000981,19.28,19.59,19.59,18.8,15876,29754328.0,4.23,4.82,0.9,3.18
2007-09-21,000981,19.78,18.64,20.48,18.64,32865,61553304.0,9.39,-4.85,-0.95,6.57
2007-09-24,000981,18.25,18.05,18.6,17.74,24280,42068956.0,4.61,-3.17,-0.59,4.86
2007-09-26,000981,18.1,18.48,18.58,17.37,16548,28696702.0,6.7,2.38,0.43,3.31
2007-09-27,000981,18.15,18.85,19.37,18.15,12296,22524718.0,6.6,2.0,0.37,2.46
2007-09-28,000981,18.98,18.97,19.57,18.62,10611,19568738.0,5.04,0.64,0.12,2.12
2007-10-08,000981,19.0,18.05,19.0,18.05,15687,27554858.0,5.01,-4.85,-0.92,3.14
2007-10-09,000981,17.69,17.5,17.76,17.18,18424,30864016.0,3.21,-3.05,-0.55,3.68
2007-10-10,000981,17.5,17.36,18.03,17.3,8413,14287823.0,4.17,-0.8,-0.14,1.68
2007-10-11,000981,17.31,16.52,17.7,16.52,13534,21938514.0,6.8,-4.84,-0.84,2.71
2007-10-12,000981,16.2,16.06,16.81,15.72,16763,25790912.0,6.6,-2.78,-0.46,3.35
2007-10-15,000981,16.01,15.4,16.01,15.29,15970,23714040.0,4.48,-4.11,-0.66,3.19
2007-10-16,000981,15.47,16.14,16.14,15.47,10851,16798194.0,4.35,4.81,0.74,2.17
2007-10-17,000981,16.4,16.92,16.92,16.2,15636,25199360.0,4.46,4.83,0.78,3.13
2007-10-18,000981,17.09,16.74,17.1,16.2,7571,12090411.0,5.32,-1.06,-0.18,1.51
2007-10-19,000981,16.95,16.48,17.09,16.35,4737,7579432.5,4.42,-1.55,-0.26,0.95
2007-10-22,000981,15.98,15.69,16.3,15.69,6103,9238032.0,3.7,-4.79,-0.79,1.22
2007-10-23,000981,15.16,14.94,15.69,14.94,11137,16035271.0,4.78,-4.78,-0.75,2.23
2007-10-24,000981,14.22,14.22,15.24,14.22,9917,13653460.0,6.83,-4.82,-0.72,1.98
2007-10-25,000981,13.86,13.54,13.86,13.54,7691,9991260.0,2.25,-4.78,-0.68,1.54
2007-10-26,000981,12.9,12.89,13.08,12.89,4699,5780111.0,1.4,-4.8,-0.65,0.94
2007-10-29,000981,12.46,13.5,13.5,12.28,11900,14566042.0,9.46,4.73,0.61,2.38
2007-10-30,000981,14.15,14.15,14.15,13.79,5791,7843909.0,2.67,4.81,0.65,1.16
2007-10-31,000981,14.59,14.83,14.83,14.16,14495,20376822.0,4.73,4.81,0.68,2.9
2007-11-01,000981,15.38,15.54,15.54,15.0,9291,13753321.0,3.64,4.79,0.71,1.86
2007-11-02,000981,15.6,15.9,16.29,14.8,17563,26954598.0,9.59,2.32,0.36,3.51
2007-11-05,000981,15.9,15.56,16.44,15.31,8915,13590539.0,7.11,-2.14,-0.34,1.78
2007-11-06,000981,15.6,16.31,16.31,15.59,10747,16756328.0,4.63,4.82,0.75,2.15
2007-11-07,000981,16.57,17.1,17.1,16.57,12611,20776424.0,3.25,4.84,0.79,2.52
2007-11-08,000981,17.08,16.28,17.91,16.28,15337,24870082.0,9.53,-4.8,-0.82,3.07
2007-11-09,000981,15.6,15.5,16.1,15.5,10102,15108229.0,3.69,-4.79,-0.78,2.02
2007-11-12,000981,14.81,14.76,15.78,14.76,6623,9405183.0,6.58,-4.77,-0.74,1.32
2007-11-13,000981,15.1,15.47,15.47,14.78,4815,7072633.5,4.67,4.81,0.71,0.96
2007-11-14,000981,15.77,15.61,16.21,15.19,9908,15166955.0,6.59,0.9,0.14,1.98
2007-11-15,000981,15.25,15.08,15.9,14.89,5532,8149569.5,6.47,-3.4,-0.53,1.11
2007-11-16,000981,15.0,15.8,15.8,14.36,12419,18351730.0,9.55,4.77,0.72,2.48
2008-02-25,000981,15.04,15.04,16.08,15.04,23076,33835116.0,6.58,-4.81,-0.76,4.62
2008-02-26,000981,14.61,14.32,14.89,14.32,4678,6483210.0,3.79,-4.79,-0.72,0.94
2008-02-27,000981,13.63,15.01,15.01,13.63,32648,44454288.0,9.64,4.82,0.69,6.53
2008-02-28,000981,15.02,14.8,15.45,14.61,14951,21549322.0,5.6,-1.4,-0.21,2.99
2008-02-29,000981,14.9,14.49,15.03,14.1,10589,14821878.0,6.28,-2.09,-0.31,2.12
2008-03-03,000981,14.4,14.32,14.6,13.83,9505,12955278.0,5.31,-1.17,-0.17,1.9
2008-03-04,000981,14.44,15.01,15.01,14.22,14919,21309154.0,5.52,4.82,0.69,2.98
2008-03-05,000981,15.03,15.73,15.73,14.8,21593,32296412.0,6.2,4.8,0.72,4.32
2008-03-06,000981,15.89,15.66,16.3,15.46,14550,22289082.0,5.34,-0.45,-0.07,2.91
2008-03-07,000981,15.41,15.86,16.27,15.41,9120,13960806.0,5.49,1.28,0.2,1.82
2008-03-10,000981,15.6,15.1,15.85,15.1,9754,14345044.0,4.73,-4.79,-0.76,1.95
2008-03-11,000981,14.7,14.75,15.05,14.38,13041,18204460.0,4.44,-2.32,-0.35,2.61
2008-03-12,000981,14.85,14.79,15.15,14.63,6482,9247891.0,3.53,0.27,0.04,1.3
2008-03-13,000981,14.8,14.68,14.88,14.11,6962,9738562.0,5.21,-0.74,-0.11,1.39
2008-03-14,000981,14.78,14.55,14.78,14.19,5643,7869621.5,4.02,-0.89,-0.13,1.13
2008-03-17,000981,14.68,14.12,14.68,14.11,6429,8853833.0,3.92,-2.96,-0.43,1.29
2008-03-18,000981,13.9,13.44,14.25,13.44,8356,10844324.0,5.74,-4.82,-0.68,1.67
2008-03-19,000981,13.49,13.16,13.9,12.9,8044,10155693.0,7.44,-2.08,-0.28,1.61
2008-03-20,000981,13.08,13.16,13.39,12.53,11093,13519827.0,6.53,0.0,0.0,2.22
2008-03-21,000981,13.05,13.39,13.53,13.05,7059,8929697.0,3.65,1.75,0.23,1.41
2008-03-24,000981,13.5,13.42,13.8,13.1,4766,6133521.5,5.23,0.22,0.03,0.95
2008-03-25,000981,13.13,13.38,13.66,13.02,3761,4807857.0,4.77,-0.3,-0.04,0.75
2008-03-26,000981,13.65,13.15,13.65,12.98,5093,6451277.5,5.01,-1.72,-0.23,1.02
2008-03-27,000981,12.91,12.52,12.98,12.52,7716,9254969.0,3.5,-4.79,-0.63,1.54
2008-03-28,000981,12.39,12.4,12.51,11.92,5685,6546275.5,4.71,-0.96,-0.12,1.14
2008-03-31,000981,12.21,11.83,12.25,11.81,6699,7604526.0,3.55,-4.6,-0.57,1.34
2008-04-01,000981,11.78,11.27,11.83,11.27,6745,7255413.0,4.73,-4.73,-0.56,1.35
2008-04-02,000981,11.05,10.74,11.05,10.74,8165,8301210.5,2.75,-4.7,-0.53,1.63
2008-04-03,000981,10.23,10.26,10.39,10.23,9693,9348272.0,1.49,-4.47,-0.48,1.94
2008-04-07,000981,10.1,10.74,10.74,9.78,7838,7681902.0,9.36,4.68,0.48,1.57
2008-04-08,000981,10.89,10.93,11.17,10.65,6330,6550145.5,4.84,1.77,0.19,1.27
2008-04-09,000981,11.0,11.44,11.45,10.7,10230,10898552.0,6.86,4.67,0.51,2.05
2008-04-10,000981,11.03,11.39,11.68,11.03,5628,6091509.5,5.68,-0.44,-0.05,1.13
2008-04-11,000981,11.16,11.49,11.71,11.15,3818,4142973.75,4.92,0.88,0.1,0.76
2008-04-14,000981,11.49,10.95,11.49,10.95,5397,5603596.5,4.7,-4.7,-0.54,1.08
2008-04-15,000981,10.78,10.64,10.78,10.43,6310,6247767.0,3.2,-2.83,-0.31,1.26
2008-04-17,000981,10.14,10.14,10.14,10.14,1199,1143846.0,0.0,-4.7,-0.5,0.24
2008-04-18,000981,9.66,9.66,9.66,9.66,348,315288.0,0.0,-4.73,-0.48,0.07
2008-04-21,000981,9.25,9.21,9.95,9.21,9255,8085668.5,7.66,-4.66,-0.45,1.85
2008-04-22,000981,8.78,8.78,8.78,8.78,554,453172.0,0.0,-4.67,-0.43,0.11
2008-04-23,000981,8.4,8.91,9.19,8.4,10231,8398813.0,9.0,1.48,0.13,2.05
2008-04-24,000981,9.33,9.33,9.33,9.21,6280,5478977.5,1.35,4.71,0.42,1.26
2008-04-25,000981,9.58,9.6,9.77,9.24,8414,7549299.5,5.68,2.89,0.27,1.68
2008-04-28,000981,9.59,10.05,10.05,9.59,7811,7283170.5,4.79,4.69,0.45,1.56
2008-04-29,000981,10.05,10.08,10.32,9.8,4734,4472210.5,5.17,0.3,0.03,0.95
2008-04-30,000981,10.1,10.3,10.48,10.08,7044,6817287.5,3.97,2.18,0.22,1.41
2008-05-05,000981,10.29,10.44,10.53,10.11,6994,6793346.5,4.08,1.36,0.14,1.4
2008-05-06,000981,10.3,10.86,10.93,10.26,6623,6695612.0,6.42,4.02,0.42,1.32
2008-05-07,000981,10.81,11.3,11.37,10.51,12344,13159344.0,7.92,4.05,0.44,2.47
2008-05-08,000981,10.98,11.15,11.54,10.96,6587,6983953.0,5.13,-1.33,-0.15,1.32
2008-05-09,000981,11.1,11.55,11.68,11.0,8930,9744165.0,6.1,3.59,0.4,1.79
2008-05-12,000981,11.55,11.45,11.99,11.3,6549,7299678.5,5.97,-0.87,-0.1,1.31
2008-05-13,000981,11.0,10.91,11.22,10.91,6758,6985402.5,2.71,-4.72,-0.54,1.35
2008-05-14,000981,10.4,10.68,10.98,10.39,10334,10364256.0,5.41,-2.11,-0.23,2.07
2008-05-15,000981,10.75,11.18,11.18,10.61,9324,9710945.0,5.34,4.68,0.5,1.86
2008-05-16,000981,11.33,11.71,11.71,11.29,12402,13730991.0,3.76,4.74,0.53,2.48
2008-05-19,000981,11.6,12.12,12.27,11.41,13175,15225286.0,7.34,3.5,0.41,2.64
2008-05-20,000981,12.18,11.54,12.35,11.54,8522,9602310.0,6.68,-4.79,-0.58,1.7
2008-05-21,000981,11.2,11.9,12.0,11.01,7240,7894009.0,8.58,3.12,0.36,1.45
2008-05-22,000981,11.92,12.47,12.47,11.65,8734,10334085.0,6.89,4.79,0.57,1.75
2008-05-23,000981,12.47,13.06,13.06,12.47,10364,12843638.0,4.73,4.73,0.59,2.07
2008-05-26,000981,13.26,12.44,13.68,12.44,26862,34340888.0,9.49,-4.75,-0.62,5.37
2008-05-27,000981,12.3,13.03,13.03,12.18,11820,14518075.0,6.83,4.74,0.59,2.36
2008-05-28,000981,12.41,12.48,13.15,12.41,22107,26547754.0,5.68,-4.22,-0.55,4.42
2008-05-29,000981,12.51,11.89,12.99,11.89,13847,16235856.0,8.81,-4.73,-0.59,2.77
2008-06-02,000981,11.65,11.33,11.65,11.33,12594,13542831.0,2.69,-4.71,-0.56,2.52
2008-06-03,000981,11.12,11.58,11.75,11.12,6945,7520774.5,5.56,2.21,0.25,1.39
2008-06-04,000981,11.6,11.7,11.88,11.04,5314,5817229.5,7.25,1.04,0.12,1.06
2008-06-05,000981,11.46,12.1,12.2,11.38,9004,10226870.0,7.01,3.42,0.4,1.8
2008-06-06,000981,12.08,11.54,12.15,11.54,5152,5814759.5,5.04,-4.63,-0.56,1.03
2008-06-10,000981,10.99,10.99,11.27,10.99,2066,2147071.0,2.43,-4.77,-0.55,0.41
2008-06-11,000981,10.47,10.47,10.47,10.47,1551,1530837.0,0.0,-4.73,-0.52,0.31
2008-06-12,000981,9.98,9.98,10.38,9.98,7656,7207021.5,3.82,-4.68,-0.49,1.53
2008-06-13,000981,10.11,9.51,10.11,9.51,4757,4288763.0,6.01,-4.71,-0.47,0.95
2008-06-16,000981,9.5,9.96,9.96,9.5,8137,7483519.5,4.84,4.73,0.45,1.63
2008-07-21,000981,9.49,9.49,9.49,9.49,4247,3775583.0,0.0,-4.72,-0.47,0.85
2008-07-22,000981,9.05,9.05,9.05,9.05,3327,2811315.0,0.0,-4.64,-0.44,0.67
2008-07-23,000981,8.63,9.47,9.47,8.63,52917,44426268.0,9.28,4.64,0.42,10.58
2008-07-24,000981,9.25,9.32,9.45,9.1,27165,23533816.0,3.7,-1.58,-0.15,5.43
2008-07-25,000981,9.29,9.13,9.38,8.91,18572,15963991.0,5.04,-2.04,-0.19,3.71
2008-07-28,000981,9.08,9.09,9.19,8.91,16191,13692220.0,3.07,-0.44,-0.04,3.24
2008-07-29,000981,9.0,9.51,9.51,8.98,25022,21946652.0,5.83,4.62,0.42,5.0
2008-07-30,000981,9.55,9.24,9.78,9.2,22019,19644630.0,6.1,-2.84,-0.27,4.4
2008-07-31,000981,9.19,8.81,9.3,8.81,16899,13986500.0,5.3,-4.65,-0.43,3.38
2008-08-01,000981,8.66,8.5,8.75,8.4,17256,13606193.0,3.97,-3.52,-0.31,3.45
2008-08-04,000981,8.38,8.11,8.38,8.11,15362,11565682.0,3.18,-4.59,-0.39,3.07
2008-08-05,000981,8.09,7.73,8.09,7.73,13281,9568480.0,4.44,-4.69,-0.38,2.66
2008-08-06,000981,7.69,7.57,7.79,7.48,6644,4667674.0,4.01,-2.07,-0.16,1.33
2008-08-07,000981,7.58,7.86,7.88,7.57,12590,9015395.0,4.1,3.83,0.29,2.52
2008-08-08,000981,7.87,7.5,7.88,7.5,6916,4902351.5,4.83,-4.58,-0.36,1.38
2008-08-11,000981,7.2,7.16,7.3,7.16,8747,5741572.0,1.87,-4.53,-0.34,1.75
2008-08-12,000981,6.83,6.83,7.19,6.83,13668,8563727.0,5.03,-4.61,-0.33,2.73
2008-08-13,000981,6.7,6.52,6.7,6.52,4718,2805827.0,2.64,-4.54,-0.31,0.94
2008-08-14,000981,6.46,6.56,6.67,6.46,3536,2112969.25,3.22,0.61,0.04,0.71
2008-08-15,000981,6.62,6.51,6.62,6.48,4559,2714994.0,2.13,-0.76,-0.05,0.91
2008-08-18,000981,6.51,6.21,6.52,6.21,4768,2681392.0,4.76,-4.61,-0.3,0.95
2008-08-19,000981,5.93,5.93,6.04,5.93,7046,3760820.0,1.77,-4.51,-0.28,1.41
2008-08-20,000981,5.81,6.2,6.2,5.66,18266,9897546.0,9.11,4.55,0.27,3.65
2008-08-21,000981,6.06,5.92,6.16,5.92,8751,4768344.5,3.87,-4.52,-0.28,1.75
2008-08-22,000981,5.73,5.71,5.79,5.65,9941,5044352.0,2.36,-3.55,-0.21,1.99
2008-08-25,000981,5.68,5.97,5.97,5.67,8418,4428525.5,5.25,4.55,0.26,1.68
2008-08-26,000981,5.96,5.7,5.96,5.7,5679,2943412.5,4.36,-4.52,-0.27,1.14
2008-08-27,000981,5.7,5.6,5.75,5.46,4653,2328828.25,5.09,-1.75,-0.1,0.93
2008-08-28,000981,5.6,5.48,5.7,5.41,2914,1455571.38,5.18,-2.14,-0.12,0.58
2008-08-29,000981,5.52,5.65,5.72,5.5,6606,3313740.5,4.01,3.1,0.17,1.32
2008-09-01,000981,5.58,5.45,5.65,5.43,3477,1711720.0,3.89,-3.54,-0.2,0.7
2008-09-02,000981,5.45,5.48,5.5,5.25,5227,2513904.25,4.59,0.55,0.03,1.05
2008-09-03,000981,5.44,5.46,5.5,5.35,3362,1627632.88,2.74,-0.36,-0.02,0.67
2008-09-04,000981,5.48,5.61,5.63,5.46,3714,1838393.75,3.11,2.75,0.15,0.74
2008-09-05,000981,5.51,5.36,5.55,5.36,4302,2096496.0,3.39,-4.46,-0.25,0.86
2008-09-08,000981,5.32,5.12,5.4,5.12,4988,2277255.0,5.22,-4.48,-0.24,1.0
2008-09-09,000981,4.93,4.89,5.09,4.89,6773,2921954.5,3.91,-4.49,-0.23,1.35
2008-09-10,000981,4.75,4.69,4.92,4.68,8999,3770596.75,4.91,-4.09,-0.2,1.8
2008-09-11,000981,4.5,4.49,4.59,4.49,7747,3023470.0,2.13,-4.26,-0.2,1.55
2008-09-12,000981,4.31,4.3,4.38,4.3,17358,6430746.0,1.78,-4.23,-0.19,3.47
2008-09-16,000981,4.32,4.22,4.35,4.12,7551,2732920.75,5.35,-1.86,-0.08,1.51
2008-09-17,000981,4.25,4.3,4.4,4.16,16799,6328650.5,5.69,1.9,0.08,3.36
2008-09-18,000981,4.25,4.12,4.25,4.12,15621,5506704.0,3.02,-4.19,-0.18,3.12
2008-09-19,000981,4.3,4.3,4.3,4.2,9789,3621376.75,2.43,4.37,0.18,1.96
2008-09-22,000981,4.49,4.47,4.49,4.4,21472,8299447.0,2.09,3.95,0.17,4.29
2008-09-23,000981,4.34,4.28,4.34,4.28,8548,3152864.5,1.34,-4.25,-0.19,1.71
2008-09-24,000981,4.1,4.15,4.19,4.1,10130,3549680.5,2.1,-3.04,-0.13,2.03
2008-09-25,000981,4.12,4.21,4.31,4.12,8753,3190740.25,4.58,1.45,0.06,1.75
2008-09-26,000981,4.21,4.39,4.39,4.21,12998,4863754.5,4.28,4.28,0.18,2.6
2008-10-06,000981,4.3,4.2,4.31,4.2,7751,2820207.25,2.51,-4.33,-0.19,1.55
2008-10-07,000981,4.02,4.11,4.16,4.02,6064,2092166.38,3.33,-2.14,-0.09,1.21
2008-10-08,000981,4.0,4.06,4.12,4.0,3940,1366081.5,2.92,-1.22,-0.05,0.79
2008-10-09,000981,4.12,4.14,4.18,4.07,4639,1641544.62,2.71,1.97,0.08,0.93
2008-10-10,000981,4.07,3.96,4.07,3.96,5666,1908231.0,2.66,-4.35,-0.18,1.13
2008-10-13,000981,3.8,3.95,3.98,3.8,4131,1358858.0,4.55,-0.25,-0.01,0.83
2008-10-14,000981,4.0,3.95,4.08,3.94,6100,2088013.88,3.54,0.0,0.0,1.22
2008-10-15,000981,3.85,3.98,3.98,3.84,3436,1131033.75,3.54,0.76,0.03,0.69
2008-10-16,000981,3.89,3.81,3.89,3.81,4831,1559266.0,2.01,-4.27,-0.17,0.97
2008-10-17,000981,3.8,3.83,3.88,3.8,5400,1751097.12,2.1,0.52,0.02,1.08
2008-10-20,000981,3.81,3.88,3.9,3.74,4484,1448638.12,4.18,1.31,0.05,0.9
2008-10-21,000981,3.92,3.88,3.97,3.88,3048,1013026.0,2.32,0.0,0.0,0.61
2008-10-22,000981,3.86,3.88,3.95,3.84,1795,592013.56,2.84,0.0,0.0,0.36
2008-10-23,000981,3.82,3.9,3.92,3.81,1815,593176.12,2.84,0.52,0.02,0.36
2008-10-24,000981,3.9,3.96,4.07,3.88,5136,1750019.0,4.87,1.54,0.06,1.03
2008-10-27,000981,3.9,3.79,3.95,3.79,3143,1011918.0,4.04,-4.29,-0.17,0.63
2008-10-28,000981,3.63,3.63,3.63,3.63,2558,775074.0,0.0,-4.22,-0.16,0.51
2008-10-29,000981,3.58,3.48,3.68,3.48,9029,2680950.0,5.51,-4.13,-0.15,1.81
2008-10-30,000981,3.34,3.34,3.51,3.34,9024,2481961.5,4.89,-4.02,-0.14,1.8
2008-10-31,000981,3.22,3.2,3.3,3.2,9381,2464250.75,2.99,-4.19,-0.14,1.88
2008-11-03,000981,3.14,3.07,3.15,3.07,9354,2326524.0,2.5,-4.06,-0.13,1.87
2008-11-04,000981,3.04,3.1,3.11,2.97,6977,1701652.62,4.56,0.98,0.03,1.4
2008-11-05,000981,3.07,3.12,3.19,3.06,5741,1456556.88,4.19,0.65,0.02,1.15
2008-11-06,000981,3.05,2.99,3.05,2.99,7270,1740563.38,1.92,-4.17,-0.13,1.45
2008-11-07,000981,2.88,3.02,3.06,2.88,3292,786812.81,6.02,1.0,0.03,0.66
2008-11-10,000981,3.05,3.14,3.14,3.05,7155,1813049.12,2.98,3.97,0.12,1.43
2008-11-11,000981,3.14,3.26,3.27,3.14,9219,2447129.25,4.14,3.82,0.12,1.84
2008-11-12,000981,3.25,3.39,3.39,3.18,5458,1491925.5,6.44,3.99,0.13,1.09
2008-11-13,000981,3.43,3.53,3.53,3.43,11656,3411330.0,2.95,4.13,0.14,2.33
2008-11-14,000981,3.58,3.68,3.68,3.58,4097,1259632.12,2.83,4.25,0.15,0.82
2008-11-17,000981,3.82,3.83,3.83,3.72,10199,3271167.5,2.99,4.08,0.15,2.04
2008-11-18,000981,3.88,3.67,3.99,3.67,12875,4115563.0,8.36,-4.18,-0.16,2.58
2008-11-19,000981,3.6,3.81,3.82,3.52,10905,3329045.0,8.17,3.81,0.14,2.18
2008-11-20,000981,3.72,3.8,3.85,3.71,7204,2298430.0,3.67,-0.26,-0.01,1.44
2008-11-21,000981,3.71,3.96,3.96,3.64,11349,3747241.5,8.42,4.21,0.16,2.27
2008-11-24,000981,3.92,3.86,4.12,3.79,15289,5192106.5,8.33,-2.53,-0.1,3.06
2008-11-25,000981,3.83,3.87,3.94,3.78,9103,2980176.5,4.15,0.26,0.01,1.82
2008-11-26,000981,3.83,4.03,4.03,3.82,5197,1764088.5,5.43,4.13,0.16,1.04
2008-11-27,000981,4.2,4.01,4.2,3.99,12669,4515987.5,5.21,-0.5,-0.02,2.53
2008-11-28,000981,3.99,3.96,4.05,3.87,5886,1984703.25,4.49,-1.25,-0.05,1.18
2008-12-01,000981,3.91,4.02,4.06,3.9,5379,1816855.25,4.04,1.52,0.06,1.08
2008-12-02,000981,4.0,3.95,4.05,3.89,9695,3245245.75,3.98,-1.74,-0.07,1.94
2008-12-03,000981,3.96,4.04,4.05,3.95,9050,3078835.25,2.53,2.28,0.09,1.81
2008-12-04,000981,4.04,4.12,4.2,3.99,11743,4142476.25,5.2,1.98,0.08,2.35
2008-12-05,000981,4.11,4.3,4.3,4.06,12308,4422241.5,5.83,4.37,0.18,2.46
2008-12-08,000981,4.37,4.49,4.49,4.31,8567,3311767.25,4.19,4.42,0.19,1.71
2008-12-09,000981,4.6,4.65,4.68,4.55,16328,6636238.0,2.9,3.56,0.16,3.27
2008-12-10,000981,4.54,4.65,4.81,4.54,14514,5919158.5,5.81,0.0,0.0,2.9
2008-12-11,000981,4.64,4.85,4.85,4.64,14906,6311610.5,4.52,4.3,0.2,2.98
2008-12-12,000981,4.95,4.64,4.95,4.64,12845,5277852.5,6.39,-4.33,-0.21,2.57
2008-12-15,000981,4.5,4.46,4.63,4.44,12581,4888364.0,4.09,-3.88,-0.18,2.52
2008-12-16,000981,4.31,4.43,4.5,4.27,9619,3588927.0,5.16,-0.67,-0.03,1.92
2008-12-17,000981,4.45,4.62,4.62,4.45,10779,4310240.0,3.84,4.29,0.19,2.16
2008-12-18,000981,4.65,4.65,4.67,4.57,7985,3208176.5,2.16,0.65,0.03,1.6
2008-12-19,000981,4.45,4.57,4.81,4.45,32761,12901547.0,7.74,-1.72,-0.08,6.55
2008-12-22,000981,4.46,4.6,4.64,4.41,19805,7768308.5,5.03,0.66,0.03,3.96
2008-12-23,000981,4.52,4.4,4.68,4.4,12596,4909272.0,6.09,-4.35,-0.2,2.52
2008-12-24,000981,4.26,4.21,4.34,4.21,15113,5477984.0,2.95,-4.32,-0.19,3.02
2008-12-25,000981,4.11,4.39,4.39,4.11,14400,5352658.5,6.65,4.28,0.18,2.88
2008-12-26,000981,4.44,4.4,4.5,4.23,9771,3658527.5,6.15,0.23,0.01,1.95
2008-12-29,000981,4.33,4.21,4.39,4.21,11613,4217301.5,4.09,-4.32,-0.19,2.32
2008-12-30,000981,4.2,4.03,4.25,4.03,13209,4599343.0,5.23,-4.28,-0.18,2.64
2008-12-31,000981,4.0,4.0,4.07,3.93,10448,3534908.25,3.47,-0.74,-0.03,2.09
2009-01-05,000981,4.07,4.01,4.08,3.9,9725,3301532.75,4.5,0.25,0.01,1.95
2009-01-06,000981,4.0,4.18,4.18,3.96,10667,3739669.75,5.49,4.24,0.17,2.13
2009-01-07,000981,4.18,4.2,4.3,4.13,7871,2861790.25,4.07,0.48,0.02,1.57
2009-01-08,000981,4.21,4.09,4.21,4.02,7184,2505944.0,4.52,-2.62,-0.11,1.44
2009-01-09,000981,4.09,4.18,4.26,4.04,6677,2386378.5,5.38,2.2,0.09,1.34
2009-01-12,000981,4.21,4.32,4.36,4.15,8958,3338391.5,5.02,3.35,0.14,1.79
2009-01-13,000981,4.31,4.21,4.34,4.17,5235,1902587.12,3.94,-2.55,-0.11,1.05
2009-01-14,000981,4.18,4.27,4.29,4.18,5270,1918046.38,2.61,1.43,0.06,1.05
2009-01-15,000981,4.24,4.36,4.44,4.24,8813,3300747.75,4.68,2.11,0.09,1.76
2009-01-16,000981,4.35,4.5,4.55,4.34,11055,4315161.5,4.82,3.21,0.14,2.21
2009-01-19,000981,4.57,4.6,4.63,4.5,12567,4990139.0,2.89,2.22,0.1,2.51
2009-01-21,000981,4.59,4.69,4.8,4.45,13472,5495064.5,7.61,1.96,0.09,2.69
2009-01-22,000981,4.65,4.68,4.76,4.61,8124,3322916.0,3.2,-0.21,-0.01,1.62
2009-01-23,000981,4.61,4.64,4.65,4.48,13957,5561746.5,3.63,-0.85,-0.04,2.79
2009-02-02,000981,4.64,4.72,4.8,4.63,8804,3628462.25,3.66,1.72,0.08,1.76
2009-02-03,000981,4.71,4.74,4.77,4.68,10960,4517839.0,1.91,0.42,0.02,2.19
2009-02-04,000981,4.73,4.86,4.89,4.72,14405,6095820.5,3.59,2.53,0.12,2.88
2009-02-05,000981,4.9,4.87,5.02,4.8,13994,5979816.0,4.53,0.21,0.01,2.8
2009-02-06,000981,4.82,5.08,5.08,4.82,16819,7449406.0,5.34,4.31,0.21,3.36
2009-02-09,000981,5.12,5.2,5.3,5.03,13837,6309229.0,5.31,2.36,0.12,2.77
2009-02-10,000981,5.15,5.18,5.25,5.0,11240,5067935.5,4.81,-0.38,-0.02,2.25
2009-02-11,000981,5.1,5.39,5.41,5.05,21869,10323236.0,6.95,4.05,0.21,4.37
2009-02-12,000981,5.4,5.45,5.58,5.15,13526,6468597.5,7.98,1.11,0.06,2.71
2009-02-13,000981,5.45,5.69,5.69,5.26,43698,21843094.0,7.89,4.4,0.24,8.74
2009-02-16,000981,5.75,5.9,5.94,5.71,30957,16293548.0,4.04,3.69,0.21,6.19
2009-02-17,000981,5.85,5.64,5.88,5.64,39342,19978444.0,4.07,-4.41,-0.26,7.87
2009-02-18,000981,5.59,5.89,5.89,5.55,48382,25166544.0,6.03,4.43,0.25,9.68
2009-02-19,000981,5.99,6.15,6.15,5.9,36331,20110276.0,4.24,4.41,0.26,7.27
2011-08-26,000981,15.6,13.59,15.9,13.55,269765,377784384.0,38.21,120.98,7.44,41.5
2011-08-29,000981,13.25,12.94,13.45,12.94,106526,132334472.0,3.75,-4.78,-0.65,16.39
2011-08-30,000981,12.62,12.33,12.79,12.33,105962,126374616.0,3.55,-4.71,-0.61,16.3
2011-08-31,000981,12.3,11.75,12.45,11.74,96652,109363288.0,5.76,-4.7,-0.58,14.87
2011-09-01,000981,11.99,11.93,12.31,11.85,79136,91175112.0,3.91,1.53,0.18,12.17
2011-09-02,000981,11.77,11.36,11.79,11.36,55679,60420488.0,3.6,-4.78,-0.57,8.57
2011-09-05,000981,11.0,11.2,11.48,10.88,35573,37511292.0,5.28,-1.41,-0.16,5.47
2011-09-06,000981,11.03,10.74,11.27,10.68,37579,38781364.0,5.27,-4.11,-0.46,5.78
2011-09-07,000981,10.79,10.9,10.95,10.7,31702,32460638.0,2.33,1.49,0.16,4.88
2011-09-08,000981,10.9,10.61,10.93,10.61,41878,42494328.0,2.94,-2.66,-0.29,6.44
2011-09-09,000981,10.6,10.26,10.67,10.24,34351,33848208.0,4.05,-3.3,-0.35,5.28
2011-09-13,000981,10.0,10.01,10.13,9.9,28853,27180776.0,2.24,-2.44,-0.25,4.44
2011-09-14,000981,10.03,10.48,10.48,10.03,58874,57989744.0,4.5,4.7,0.47,9.06
2011-09-15,000981,10.49,10.67,10.94,10.48,54971,55464544.0,4.39,1.81,0.19,8.46
2011-09-16,000981,10.59,11.17,11.17,10.2,80517,81824320.0,9.09,4.69,0.5,12.39
2011-09-19,000981,11.1,11.37,11.68,10.87,96218,103610288.0,7.25,1.79,0.2,14.8
2011-09-20,000981,11.15,11.91,11.91,11.15,86830,97048976.0,6.68,4.75,0.54,13.36
2011-09-21,000981,12.48,12.48,12.48,12.15,68408,81234424.0,2.77,4.79,0.57,10.52
2011-09-22,000981,12.95,13.07,13.07,12.8,22817,28284156.0,2.16,4.73,0.59,3.51
2011-09-23,000981,13.61,13.35,13.69,12.45,203517,255374416.0,9.49,2.14,0.28,31.31
2011-09-26,000981,12.81,12.71,13.04,12.71,41480,50409388.0,2.47,-4.79,-0.64,6.38
2011-09-27,000981,12.1,12.1,12.32,12.1,23568,27128540.0,1.73,-4.8,-0.61,3.63
2011-09-28,000981,11.54,11.53,12.25,11.53,99509,110322704.0,5.95,-4.71,-0.57,15.31
2011-09-29,000981,10.98,10.98,11.2,10.98,41739,43360344.0,1.91,-4.77,-0.55,6.42
2011-09-30,000981,10.71,10.46,10.8,10.46,53046,52671352.0,3.1,-4.74,-0.52,8.16
2011-10-10,000981,10.33,10.49,10.84,10.33,30356,30236956.0,4.88,0.29,0.03,4.67
2011-10-11,000981,10.7,10.0,10.79,10.0,43370,42076416.0,7.53,-4.67,-0.49,6.67
2011-10-12,000981,9.88,10.15,10.27,9.54,39158,36607400.0,7.3,1.5,0.15,6.02
2011-10-13,000981,10.12,10.63,10.63,10.06,19194,18967996.0,5.62,4.73,0.48,2.95
2011-10-14,000981,10.8,10.76,10.94,10.53,46771,47263440.0,3.86,1.22,0.13,7.2
2011-10-17,000981,10.69,10.41,10.78,10.41,31905,31718456.0,3.44,-3.25,-0.35,4.91
2011-10-19,000981,9.95,9.92,10.14,9.92,32021,29961752.0,2.11,-4.71,-0.49,4.93
2011-10-20,000981,10.04,10.39,10.39,9.96,31838,31001468.0,4.33,4.74,0.47,4.9
2011-10-21,000981,10.6,10.44,10.88,10.43,73158,73674192.0,4.33,0.48,0.05,11.26
2011-10-24,000981,10.01,10.1,10.15,9.95,42250,39701280.0,1.92,-3.26,-0.34,6.5
2011-10-25,000981,9.93,10.35,10.43,9.92,37950,36529968.0,5.05,2.48,0.25,5.84
2011-10-26,000981,10.31,10.19,10.45,10.16,40231,38828160.0,2.8,-1.55,-0.16,6.19
2011-10-27,000981,10.14,10.08,10.21,10.03,21131,20106146.0,1.77,-1.08,-0.11,3.25
2011-10-28,000981,10.2,10.27,10.45,10.16,32319,31260642.0,2.88,1.88,0.19,4.97
2011-10-31,000981,10.26,10.5,10.58,10.25,27864,27390762.0,3.21,2.24,0.23,4.29
2011-11-01,000981,10.45,11.0,11.0,10.39,36281,37343660.0,5.81,4.76,0.5,5.58
2011-11-02,000981,11.0,11.49,11.51,10.91,97068,104236952.0,5.45,4.45,0.49,14.93
2011-11-03,000981,11.4,11.25,11.53,11.01,62711,67244152.0,4.53,-2.09,-0.24,9.65
2011-11-04,000981,11.22,11.33,11.42,11.18,29685,31765780.0,2.13,0.71,0.08,4.57
2011-11-07,000981,11.33,10.91,11.33,10.9,31533,32924886.0,3.8,-3.71,-0.42,4.85
2011-11-08,000981,10.97,10.67,11.02,10.6,32056,32516430.0,3.85,-2.2,-0.24,4.93
2011-11-09,000981,10.82,11.17,11.17,10.71,36729,38002484.0,4.31,4.69,0.5,5.65
2011-11-10,000981,11.09,11.15,11.46,11.07,41277,44144416.0,3.49,-0.18,-0.02,6.35
2011-11-11,000981,11.01,11.26,11.58,10.92,37137,39556736.0,5.92,0.99,0.11,5.71
2011-11-14,000981,11.39,11.47,11.57,11.32,31687,34350692.0,2.22,1.87,0.21,4.88
2011-11-15,000981,11.4,12.01,12.01,11.37,45105,50653872.0,5.58,4.71,0.54,6.94
2011-11-16,000981,12.16,11.55,12.24,11.51,65711,73902528.0,6.08,-3.83,-0.46,10.11
2011-11-17,000981,11.61,11.73,11.85,11.55,32939,36587572.0,2.6,1.56,0.18,5.07
2011-11-18,000981,11.64,11.2,11.69,11.17,34616,37145416.0,4.43,-4.52,-0.53,5.33
2011-11-21,000981,11.29,11.21,11.38,11.08,18471,19546458.0,2.68,0.09,0.01,2.84
2011-11-22,000981,11.16,11.58,11.7,11.02,28775,31173570.0,6.07,3.3,0.37,4.43
2011-11-23,000981,11.53,11.72,11.98,11.52,35070,39223288.0,3.97,1.21,0.14,5.4
2011-11-24,000981,11.64,11.54,11.66,11.41,18396,20124388.0,2.13,-1.54,-0.18,2.83
2011-11-25,000981,11.53,11.25,11.72,11.24,17702,19258084.0,4.16,-2.51,-0.29,2.72
2011-11-28,000981,11.15,10.86,11.35,10.83,21253,22212436.0,4.62,-3.47,-0.39,3.27
2011-11-29,000981,10.9,10.97,10.98,10.61,15833,16206908.0,3.41,1.01,0.11,2.44
2011-11-30,000981,10.9,10.45,10.93,10.45,26985,26909572.0,4.38,-4.74,-0.52,4.15
2011-12-01,000981,10.62,10.66,10.86,10.62,16785,17006254.0,2.3,2.01,0.21,2.58
2011-12-02,000981,10.64,10.23,10.68,10.17,15137,14673532.0,4.78,-4.03,-0.43,2.33
2011-12-05,000981,10.19,9.87,10.25,9.82,10598,9945851.0,4.2,-3.52,-0.36,1.63
2011-12-06,000981,9.88,10.12,10.12,9.88,8606,8088390.0,2.43,2.53,0.25,1.32
2011-12-07,000981,10.06,10.24,10.35,10.01,7958,7671340.0,3.36,1.19,0.12,1.22
2011-12-08,000981,10.08,10.19,10.35,10.05,7176,6869514.5,2.93,-0.49,-0.05,1.1
2011-12-09,000981,10.18,10.24,10.36,10.13,6691,6462003.0,2.26,0.49,0.05,1.03
2011-12-12,000981,10.27,9.93,10.3,9.93,7213,6844435.5,3.61,-3.03,-0.31,1.11
2011-12-13,000981,9.85,9.55,9.91,9.52,10651,9574860.0,3.93,-3.83,-0.38,1.64
2011-12-14,000981,9.54,9.3,9.55,9.28,6397,5618660.5,2.83,-2.62,-0.25,0.98
2011-12-15,000981,9.33,8.98,9.33,8.98,8115,6925482.0,3.76,-3.44,-0.32,1.25
2011-12-16,000981,8.91,9.16,9.17,8.91,5588,4711610.0,2.9,2.0,0.18,0.86
2011-12-19,000981,9.16,9.08,9.16,8.92,5150,4338148.0,2.62,-0.87,-0.08,0.79
2011-12-20,000981,9.1,9.22,9.34,9.04,6634,5732104.0,3.3,1.54,0.14,1.02
2011-12-21,000981,9.11,9.05,9.38,9.03,7855,6751985.5,3.8,-1.84,-0.17,1.21
2011-12-22,000981,8.94,8.66,8.99,8.63,10939,8878014.0,3.98,-4.31,-0.39,1.68
2011-12-23,000981,8.66,8.72,8.88,8.6,6250,5100621.0,3.23,0.69,0.06,0.96
2011-12-26,000981,8.69,8.72,8.77,8.67,4274,3475044.25,1.15,0.0,0.0,0.66
2011-12-27,000981,8.69,8.55,8.7,8.52,4528,3624011.75,2.06,-1.95,-0.17,0.7
2011-12-28,000981,8.42,8.45,8.52,8.3,5060,3961596.5,2.57,-1.17,-0.1,0.78
2011-12-29,000981,8.39,8.45,8.56,8.39,2443,1926750.5,2.01,0.0,0.0,0.38
2011-12-30,000981,8.46,8.59,8.64,8.46,6191,4934592.0,2.13,1.66,0.14,0.95
2012-01-04,000981,8.6,8.65,8.8,8.6,6364,5149196.0,2.33,0.7,0.06,0.98
2012-01-05,000981,8.62,8.38,8.7,8.37,5080,4031922.25,3.82,-3.12,-0.27,0.78
2012-01-06,000981,8.42,8.58,8.58,8.34,4341,3394283.25,2.86,2.39,0.2,0.67
2012-01-09,000981,8.52,8.98,8.98,8.51,10699,8903401.0,5.48,4.66,0.4,1.65
2012-01-10,000981,9.0,9.38,9.38,8.95,10848,9285238.0,4.79,4.45,0.4,1.67
2012-01-11,000981,9.39,9.34,9.51,9.23,9409,8235449.5,2.99,-0.43,-0.04,1.45
2012-01-12,000981,9.34,9.33,9.56,9.3,5841,5132284.0,2.78,-0.11,-0.01,0.9
2012-01-13,000981,9.26,9.03,9.44,8.97,6545,5640535.5,5.04,-3.22,-0.3,1.01
2012-01-16,000981,8.93,9.01,9.19,8.93,3405,2889610.75,2.88,-0.22,-0.02,0.52
2012-01-17,000981,9.1,9.38,9.4,8.99,8451,7297707.0,4.55,4.11,0.37,1.3
2012-01-18,000981,9.37,9.2,9.49,9.2,7121,6230216.5,3.09,-1.92,-0.18,1.1
2012-01-19,000981,9.18,9.2,9.35,9.13,4935,4264649.5,2.39,0.0,0.0,0.76
2012-01-20,000981,9.28,9.5,9.55,9.25,4302,3811606.0,3.26,3.26,0.3,0.66
2012-01-30,000981,9.52,9.64,9.77,9.41,9177,8311995.5,3.79,1.47,0.14,1.41
2012-01-31,000981,9.58,9.74,9.75,9.55,5526,5018164.5,2.07,1.04,0.1,0.85
2012-02-01,000981,9.74,9.59,9.96,9.56,7807,7143560.5,4.11,-1.54,-0.15,1.2
2012-02-02,000981,9.65,9.75,9.75,9.56,7104,6431336.5,1.98,1.67,0.16,1.09
2012-02-03,000981,9.79,9.86,9.89,9.68,7653,7064043.5,2.15,1.13,0.11,1.18
2012-02-06,000981,9.78,9.89,9.94,9.78,7726,7161579.0,1.62,0.3,0.03,1.19
2012-02-07,000981,9.88,9.69,9.88,9.61,8549,7791711.0,2.73,-2.02,-0.2,1.32
2012-02-08,000981,9.7,9.82,9.85,9.65,7155,6557814.0,2.06,1.34,0.13,1.1
2012-02-09,000981,9.85,9.92,10.0,9.76,12876,11973107.0,2.44,1.02,0.1,1.98
2012-02-10,000981,9.92,10.08,10.1,9.86,14174,13385304.0,2.42,1.61,0.16,2.18
2012-02-13,000981,9.97,10.55,10.55,9.86,31478,30763604.0,6.85,4.66,0.47,4.84
2012-02-14,000981,10.6,10.7,10.96,10.5,30160,30657666.0,4.36,1.42,0.15,4.64
2012-02-15,000981,10.61,10.75,10.79,10.56,18229,18372290.0,2.15,0.47,0.05,2.81
2012-02-16,000981,10.75,10.6,10.77,10.45,17047,17059106.0,2.98,-1.4,-0.15,2.62
2012-02-17,000981,10.7,11.1,11.1,10.53,27927,28964440.0,5.38,4.72,0.5,4.3
2012-02-20,000981,11.41,11.63,11.63,11.29,24725,27107882.0,3.06,4.77,0.53,3.81
2012-02-21,000981,11.8,11.67,11.92,11.25,54526,59738788.0,5.76,0.34,0.04,8.39
2012-02-22,000981,11.56,11.76,11.99,11.47,40048,44555384.0,4.46,0.77,0.09,6.16
2012-02-23,000981,11.65,11.66,11.7,11.45,23227,25531508.0,2.13,-0.85,-0.1,3.57
2012-02-24,000981,11.61,12.21,12.21,11.57,53766,61520812.0,5.49,4.72,0.55,8.28
2012-02-27,000981,12.13,11.98,12.44,11.96,40061,46322808.0,3.93,-1.88,-0.23,6.17
2012-02-28,000981,11.93,11.81,12.05,11.76,20635,23283776.0,2.42,-1.42,-0.17,3.18
2012-02-29,000981,11.78,11.69,11.92,11.67,16153,18011874.0,2.12,-1.02,-0.12,2.49
2012-03-01,000981,11.69,11.69,11.79,11.6,11245,12496645.0,1.63,0.0,0.0,1.73
2012-03-02,000981,11.69,11.86,11.97,11.69,14977,16823234.0,2.4,1.45,0.17,2.31
2012-03-05,000981,11.87,11.92,12.19,11.78,17689,20183168.0,3.46,0.51,0.06,2.72
2012-03-06,000981,11.92,11.74,11.95,11.61,17704,19713118.0,2.85,-1.51,-0.18,2.72
2012-03-07,000981,11.65,11.46,11.72,11.45,18208,19968156.0,2.3,-2.39,-0.28,2.8
2012-03-08,000981,11.58,11.72,11.77,11.52,15006,16616081.0,2.18,2.27,0.26,2.31
2012-03-09,000981,11.76,11.98,12.1,11.68,19521,22095986.0,3.58,2.22,0.26,3.0
2012-03-12,000981,12.08,12.55,12.55,12.06,16877,20041052.0,4.09,4.76,0.57,2.6
2012-03-13,000981,12.74,12.88,13.01,12.45,47404,57745176.0,4.46,2.63,0.33,7.3
2012-03-14,000981,12.93,12.27,12.93,12.27,41557,49931756.0,5.12,-4.74,-0.61,6.4
2012-03-15,000981,12.02,11.69,12.2,11.69,30918,34480376.0,4.16,-4.73,-0.58,4.76
2012-03-16,000981,11.48,11.51,11.76,11.19,27260,29691704.0,4.88,-1.54,-0.18,4.2
2012-03-19,000981,11.52,11.55,11.59,11.35,19619,21286312.0,2.09,0.35,0.04,3.02
2012-03-20,000981,11.48,11.4,11.63,11.4,13678,14918771.0,1.99,-1.3,-0.15,2.11
2012-03-21,000981,11.41,10.86,11.48,10.86,24379,25382116.0,5.44,-4.74,-0.54,3.75
2012-03-22,000981,10.85,10.94,11.16,10.77,12412,12923639.0,3.59,0.74,0.08,1.91
2012-03-23,000981,10.88,10.97,11.06,10.88,7832,8109341.0,1.65,0.27,0.03,1.21
2012-03-26,000981,10.95,11.17,11.3,10.9,10085,10668542.0,3.65,1.82,0.2,1.55
2012-03-27,000981,11.18,11.02,11.33,10.98,7128,7514050.0,3.13,-1.34,-0.15,1.1
2012-03-28,000981,10.92,10.5,11.02,10.5,11937,11960196.0,4.72,-4.72,-0.52,1.84
2012-03-29,000981,10.36,10.11,10.56,10.1,15047,14561357.0,4.38,-3.71,-0.39,2.32
2012-03-30,000981,10.17,10.15,10.17,10.03,8592,8161858.0,1.38,0.4,0.04,1.32
2012-04-05,000981,10.18,10.53,10.58,10.11,10750,10503102.0,4.63,3.74,0.38,1.65
2012-04-09,000981,11.52,11.52,11.52,11.52,11926,13023465.0,0.0,9.4,0.99,1.84
2012-04-10,000981,11.99,11.36,11.99,11.05,59752,65445550.0,8.16,-1.39,-0.16,9.2
2012-04-11,000981,10.75,11.96,12.1,10.75,66658,73619685.0,11.88,5.28,0.6,10.26
2012-04-12,000981,11.73,11.94,12.04,11.66,42871,48250157.0,3.18,-0.17,-0.02,6.6
2012-04-13,000981,11.76,11.67,11.99,11.51,37901,42320247.0,4.02,-2.26,-0.27,5.83
2012-04-16,000981,11.48,11.34,11.51,11.19,26829,28807722.0,2.74,-2.83,-0.33,4.13
2012-04-17,000981,11.42,11.0,11.42,10.96,15835,16620222.0,4.06,-3.0,-0.34,2.44
2012-04-18,000981,11.07,11.2,11.34,10.9,14027,14756096.0,4.0,1.82,0.2,2.16
2012-04-19,000981,11.2,11.04,11.27,11.0,16111,16940712.0,2.41,-1.43,-0.16,2.48
2012-04-20,000981,11.09,11.06,11.14,10.98,14659,15332891.0,1.45,0.18,0.02,2.26
2012-04-23,000981,11.02,10.69,11.08,10.57,16178,16508944.0,4.61,-3.35,-0.37,2.49
2012-04-24,000981,10.6,10.64,10.87,10.31,10088,10059360.0,5.24,-0.47,-0.05,1.55
2012-04-25,000981,10.64,10.93,11.08,10.56,14796,15215271.0,4.89,2.73,0.29,2.28
2012-04-26,000981,10.92,10.69,11.08,10.69,10147,10434392.0,3.57,-2.2,-0.24,1.56
2012-04-27,000981,10.6,10.53,10.79,10.49,7492,7486077.0,2.81,-1.5,-0.16,1.15
2012-05-02,000981,10.53,10.64,10.78,10.53,8168,8199613.0,2.37,1.04,0.11,1.26
2012-05-03,000981,10.6,10.62,10.68,10.52,6891,6875040.0,1.5,-0.19,-0.02,1.06
2012-05-04,000981,10.57,10.5,10.59,10.26,7733,7610570.0,3.11,-1.13,-0.12,1.19
2012-05-07,000981,10.5,10.64,10.69,10.35,10466,10397411.0,3.24,1.33,0.14,1.61
2012-05-08,000981,10.71,10.65,10.71,10.56,5903,5915180.0,1.41,0.09,0.01,0.91
2012-05-09,000981,10.61,10.5,10.65,10.45,5366,5319475.0,1.88,-1.41,-0.15,0.83
2012-05-10,000981,10.48,10.47,10.54,10.42,5774,5696760.0,1.14,-0.29,-0.03,0.89
2012-05-11,000981,10.47,10.4,10.56,10.36,4552,4490944.0,1.91,-0.67,-0.07,0.7
2012-05-14,000981,10.41,10.29,10.5,10.28,5483,5358238.0,2.12,-1.06,-0.11,0.84
2012-05-15,000981,10.2,10.06,10.28,9.93,7487,7081952.0,3.4,-2.24,-0.23,1.15
2012-05-16,000981,10.03,9.92,10.05,9.91,5197,4870341.0,1.39,-1.39,-0.14,0.8
2012-05-17,000981,10.05,10.0,10.06,9.9,4258,3998510.0,1.61,0.81,0.08,0.66
2012-05-18,000981,10.02,10.43,10.43,9.71,12612,11962863.0,7.2,4.3,0.43,1.94
2012-05-21,000981,10.43,10.42,10.57,10.29,14697,14441124.0,2.68,-0.1,-0.01,2.26
2012-05-22,000981,10.23,10.37,10.5,10.23,9210,9007809.0,2.59,-0.48,-0.05,1.42
2012-05-23,000981,10.36,10.33,10.37,10.25,3998,3885445.0,1.16,-0.39,-0.04,0.62
2012-05-24,000981,10.33,10.05,10.37,9.96,7089,6760123.0,3.97,-2.71,-0.28,1.09
2012-05-25,000981,10.08,10.11,10.17,9.11,7022,6639360.0,10.55,0.6,0.06,1.08
2012-05-28,000981,10.01,10.12,10.17,9.88,6661,6293289.0,2.87,0.1,0.01,1.03
2012-05-29,000981,10.12,10.17,10.25,10.02,7774,7441142.0,2.27,0.49,0.05,1.2
2012-05-30,000981,10.18,10.22,10.28,10.14,5969,5744791.0,1.38,0.49,0.05,0.92
2012-05-31,000981,10.11,10.11,10.25,9.99,3638,3458432.0,2.54,-1.08,-0.11,0.56
2012-06-01,000981,10.05,10.1,10.18,10.03,3637,3445015.0,1.48,-0.1,-0.01,0.56
2012-06-04,000981,9.95,9.73,9.97,9.72,4765,4404052.0,2.48,-3.66,-0.37,0.73
2012-06-05,000981,9.85,9.74,9.96,9.73,4815,4438326.0,2.36,0.1,0.01,0.74
2012-06-06,000981,9.73,9.65,9.83,9.4,5182,4671723.0,4.41,-0.92,-0.09,0.8
2012-06-07,000981,9.71,9.58,9.73,9.53,2756,2495291.0,2.07,-0.73,-0.07,0.42
2012-06-08,000981,9.81,9.56,9.81,9.56,4364,3949018.0,2.61,-0.21,-0.02,0.67
2012-06-11,000981,9.57,9.56,9.65,9.4,2949,2640878.0,2.62,0.0,0.0,0.45
2012-06-12,000981,9.5,9.61,9.77,9.48,4522,4085020.0,3.03,0.52,0.05,0.7
2012-06-13,000981,9.61,9.69,9.7,9.58,4058,3669372.0,1.25,0.83,0.08,0.62
2012-06-14,000981,9.65,9.68,9.77,9.65,5160,4698059.0,1.24,-0.1,-0.01,0.79
2012-06-15,000981,9.72,9.63,9.72,9.56,3457,3122372.0,1.65,-0.52,-0.05,0.53
2012-06-18,000981,9.7,9.63,9.7,9.63,2957,2681005.0,0.73,0.0,0.0,0.46
2012-06-19,000981,9.61,9.54,9.61,9.5,2834,2534144.0,1.14,-0.93,-0.09,0.44
2012-06-20,000981,9.55,9.56,9.7,9.5,2993,2690119.0,2.1,0.21,0.02,0.46
2012-06-21,000981,9.56,9.51,9.56,9.4,2082,1843114.0,1.67,-0.52,-0.05,0.32
2012-06-25,000981,9.36,9.26,9.52,9.25,2161,1890688.0,2.84,-2.63,-0.25,0.33
2012-06-26,000981,9.2,9.27,9.32,9.09,1816,1559413.0,2.48,0.11,0.01,0.28
2012-06-27,000981,9.35,9.36,9.38,9.24,2632,2291943.0,1.51,0.97,0.09,0.41
2012-06-28,000981,9.3,9.15,9.35,9.15,2143,1848743.0,2.14,-2.24,-0.21,0.33
2012-06-29,000981,9.14,9.17,9.18,9.05,2910,2479168.0,1.42,0.22,0.02,0.45
2012-07-02,000981,9.2,9.21,9.22,9.15,2112,1812349.0,0.76,0.44,0.04,0.32
2012-07-03,000981,9.13,9.2,9.24,9.13,1989,1709648.0,1.19,-0.11,-0.01,0.31
2012-07-04,000981,9.27,9.17,9.27,9.15,1706,1466655.0,1.3,-0.33,-0.03,0.26
2012-07-05,000981,9.21,8.85,9.21,8.78,3254,2724726.0,4.69,-3.49,-0.32,0.5
2012-07-06,000981,8.91,9.05,9.1,8.87,4476,3742188.0,2.6,2.26,0.2,0.69
2012-07-09,000981,8.99,8.73,9.0,8.7,4304,3539722.0,3.31,-3.54,-0.32,0.66
2012-07-10,000981,8.73,8.73,8.8,8.62,2287,1854591.0,2.06,0.0,0.0,0.35
2012-07-11,000981,8.73,8.71,8.74,8.58,4907,3955349.0,1.83,-0.23,-0.02,0.76
2012-07-12,000981,8.72,9.49,9.52,8.67,25953,22360188.0,9.76,8.96,0.78,3.99
2012-07-13,000981,9.26,9.1,9.4,9.0,17390,14977544.0,4.21,-4.11,-0.39,2.68
2012-07-16,000981,9.1,8.88,9.19,8.76,6521,5431315.0,4.73,-2.42,-0.22,1.0
2012-07-17,000981,8.92,8.96,8.99,8.85,4672,3892464.0,1.58,0.9,0.08,0.72
2012-07-18,000981,8.96,8.9,8.96,8.74,5308,4384713.0,2.46,-0.67,-0.06,0.82
2012-07-19,000981,8.88,8.9,9.06,8.79,7542,6293443.0,3.03,0.0,0.0,1.16
2012-07-20,000981,8.9,9.0,9.13,8.8,11008,9239689.0,3.71,1.12,0.1,1.69
2012-07-23,000981,9.0,8.75,9.0,8.71,8640,7118282.0,3.22,-2.78,-0.25,1.33
2012-07-24,000981,8.66,8.7,8.85,8.62,2456,2000541.0,2.63,-0.57,-0.05,0.38
2012-07-25,000981,8.7,8.7,8.77,8.5,3715,3000794.0,3.1,0.0,0.0,0.57
2012-07-26,000981,8.7,8.63,8.7,8.56,4586,3694840.0,1.61,-0.8,-0.07,0.71
2012-07-27,000981,8.65,8.5,8.67,8.46,2262,1800096.0,2.43,-1.51,-0.13,0.35
2012-07-30,000981,8.55,8.33,8.56,8.28,3981,3095779.0,3.29,-2.0,-0.17,0.61
2012-07-31,000981,8.33,8.1,8.35,8.01,2190,1656321.0,4.08,-2.76,-0.23,0.34
2012-08-01,000981,8.26,8.15,8.26,8.0,2374,1801215.0,3.21,0.62,0.05,0.37
2012-08-02,000981,8.23,8.1,8.23,8.04,2084,1561928.0,2.33,-0.61,-0.05,0.32
2012-08-03,000981,8.13,8.18,8.22,8.04,3054,2295364.0,2.22,0.99,0.08,0.47
2012-08-06,000981,8.17,8.32,8.32,8.14,5003,3821991.0,2.2,1.71,0.14,0.77
2012-08-07,000981,8.29,8.51,8.64,8.24,5248,4123530.0,4.81,2.28,0.19,0.81
2012-08-08,000981,8.42,8.44,8.53,8.34,3582,2800877.0,2.23,-0.82,-0.07,0.55
2012-08-09,000981,8.4,8.5,8.53,8.35,3534,2780214.0,2.13,0.71,0.06,0.54
2012-08-10,000981,8.52,8.5,8.53,8.39,3803,2984426.0,1.65,0.0,0.0,0.59
2012-08-13,000981,8.42,8.21,8.44,8.2,3586,2771514.0,2.82,-3.41,-0.29,0.55
2012-08-14,000981,8.13,8.24,8.24,8.07,2403,1815937.0,2.07,0.37,0.03,0.37
2012-08-15,000981,8.22,8.35,8.6,8.11,5387,4194636.0,5.95,1.33,0.11,0.83
2012-08-16,000981,8.35,8.3,8.35,8.18,3235,2481911.0,2.04,-0.6,-0.05,0.5
2012-08-17,000981,8.2,8.2,8.33,8.13,2147,1637048.0,2.41,-1.2,-0.1,0.33
2012-08-20,000981,8.26,8.22,8.26,8.12,1718,1304370.0,1.71,0.24,0.02,0.26
2012-08-21,000981,8.29,8.35,8.41,8.23,2719,2107870.0,2.19,1.58,0.13,0.42
2012-08-22,000981,8.3,8.37,8.43,8.3,2779,2157424.0,1.56,0.24,0.02,0.43
2012-08-23,000981,8.32,8.48,8.51,8.32,2684,2095219.0,2.27,1.31,0.11,0.41
2012-08-24,000981,8.42,8.4,8.52,8.35,3909,3044753.0,2.0,-0.94,-0.08,0.6
2012-08-27,000981,8.38,8.33,8.46,8.31,2812,2189787.0,1.79,-0.83,-0.07,0.43
2012-08-28,000981,8.8,9.1,9.1,8.8,8787,7447199.0,3.6,9.24,0.77,1.35
2012-08-29,000981,9.4,9.52,9.91,9.4,63219,57074171.0,5.6,4.62,0.42,9.73
2012-08-30,000981,9.61,9.91,10.41,9.59,67179,63291089.0,8.61,4.1,0.39,10.34
2012-08-31,000981,9.81,9.44,9.85,8.98,55677,48835172.0,8.78,-4.74,-0.47,8.57
2012-09-03,000981,9.34,9.49,9.54,9.18,39837,35003049.0,3.81,0.53,0.05,6.13
2012-09-04,000981,9.4,9.53,9.55,9.22,38552,33851095.0,3.48,0.42,0.04,5.93
2012-09-05,000981,9.4,9.43,9.49,9.31,27917,24536848.0,1.89,-1.05,-0.1,4.3
2012-09-06,000981,9.49,9.42,9.49,9.32,25309,22271882.0,1.8,-0.11,-0.01,3.9
2012-09-07,000981,9.6,9.7,9.95,9.48,50590,45988575.0,4.99,2.97,0.28,7.79
2012-09-10,000981,9.61,9.69,9.82,9.57,28450,25890049.0,2.58,-0.1,-0.01,4.38
2012-09-11,000981,9.67,9.35,9.67,9.3,21472,18902459.0,3.82,-3.51,-0.34,3.3
2012-09-12,000981,9.34,9.24,9.43,9.14,22712,19620612.0,3.1,-1.18,-0.11,3.49
2012-09-13,000981,9.25,9.31,9.46,9.25,20548,18041560.0,2.27,0.76,0.07,2.49
2012-09-14,000981,9.31,9.12,9.39,9.08,14671,12604213.0,3.33,-2.04,-0.19,1.78
2012-09-17,000981,9.16,8.92,9.2,8.92,7821,6576848.0,3.07,-2.19,-0.2,0.95
2012-09-18,000981,8.92,8.99,8.99,8.79,6853,5688844.0,2.24,0.78,0.07,0.83
2012-09-19,000981,8.96,9.04,9.09,8.94,5911,4972441.0,1.67,0.56,0.05,0.72
2012-09-20,000981,9.0,8.92,9.04,8.75,10428,8606499.0,3.21,-1.33,-0.12,1.26
2012-09-21,000981,8.94,9.6,9.74,8.83,35745,31207591.0,10.2,7.62,0.68,4.33
2012-09-24,000981,9.41,9.63,9.7,9.35,26336,23564975.0,3.65,0.31,0.03,3.19
2012-09-25,000981,9.51,9.79,9.95,9.43,29976,27299032.0,5.4,1.66,0.16,3.63
2012-09-26,000981,9.77,9.41,9.91,9.21,21453,19257163.0,7.15,-3.88,-0.38,2.6
2012-09-27,000981,9.46,9.4,9.46,9.2,14178,12427115.0,2.76,-0.11,-0.01,1.72
2012-09-28,000981,9.37,9.44,9.48,9.31,13266,11662917.0,1.81,0.43,0.04,1.61
2012-10-08,000981,9.55,9.41,9.55,9.31,8737,7685547.0,2.54,-0.32,-0.03,1.06
2012-10-09,000981,9.31,9.6,9.6,9.31,12945,11498452.0,3.08,2.02,0.19,1.57
2012-10-10,000981,9.56,9.75,9.75,9.52,12144,10955451.0,2.4,1.56,0.15,1.47
2012-10-11,000981,9.77,9.83,9.92,9.65,16459,15147792.0,2.77,0.82,0.08,1.99
2012-10-12,000981,9.86,9.65,9.86,9.61,9244,8389552.0,2.54,-1.83,-0.18,1.12
2012-10-15,000981,9.73,9.59,9.73,9.41,6203,5546008.0,3.32,-0.62,-0.06,0.75
2012-10-16,000981,9.52,9.58,9.65,9.45,4038,3614038.0,2.09,-0.1,-0.01,0.49
2012-10-17,000981,9.57,9.54,9.59,9.43,3870,3448487.0,1.67,-0.42,-0.04,0.47
2012-10-18,000981,9.57,9.7,9.79,9.51,18616,16906229.0,2.94,1.68,0.16,2.25
2012-10-19,000981,9.69,9.7,9.82,9.64,10989,10017606.0,1.86,0.0,0.0,1.33
2012-10-22,000981,9.72,9.71,9.74,9.61,6912,6272383.0,1.34,0.1,0.01,0.84
2012-10-23,000981,9.74,9.77,9.97,9.67,15872,14628196.0,3.09,0.62,0.06,1.92
2012-10-24,000981,9.7,9.61,9.71,9.59,11498,10392245.0,1.23,-1.64,-0.16,1.39
2012-10-25,000981,9.65,9.49,9.65,9.48,8606,7701902.0,1.77,-1.25,-0.12,1.04
2012-10-26,000981,9.41,9.34,9.67,9.15,7206,6282145.0,5.48,-1.58,-0.15,0.87
2012-10-29,000981,9.16,9.37,9.49,9.16,8823,7665552.0,3.53,0.32,0.03,1.07
2012-10-30,000981,9.41,9.27,9.41,9.23,2852,2480113.0,1.92,-1.07,-0.1,0.35
2012-10-31,000981,9.38,9.44,9.47,9.22,6189,5410518.0,2.7,1.83,0.17,0.75
2012-11-01,000981,9.45,9.69,9.77,9.4,11974,10835632.0,3.92,2.65,0.25,1.45
2012-11-02,000981,9.67,9.86,9.93,9.59,21882,20096013.0,3.51,1.75,0.17,2.65
2012-11-05,000981,9.85,9.77,9.88,9.7,10107,9262531.0,1.83,-0.91,-0.09,1.22
2012-11-06,000981,9.73,9.55,9.8,9.31,12088,10770026.0,5.02,-2.25,-0.22,1.46
2012-11-07,000981,9.52,9.51,9.66,9.43,7687,6865391.0,2.41,-0.42,-0.04,0.93
2012-11-08,000981,9.35,9.6,9.78,9.21,19653,17628342.0,5.99,0.95,0.09,2.38
2012-11-09,000981,9.48,9.54,9.59,9.29,8241,7287929.0,3.13,-0.63,-0.06,1.0
2012-11-12,000981,9.48,9.74,9.74,9.48,9691,8771301.0,2.73,2.1,0.2,1.17
2012-11-13,000981,9.87,10.31,10.65,9.8,72303,70874700.0,8.73,5.85,0.57,8.76
2012-11-14,000981,9.91,9.73,10.08,9.66,38215,35266345.0,4.07,-5.63,-0.58,4.63
2012-11-15,000981,9.56,9.4,9.64,9.4,18204,16195848.0,2.47,-3.39,-0.33,2.2
2012-11-16,000981,9.23,9.12,9.4,8.93,21779,18472681.0,5.0,-2.98,-0.28,2.64
2012-11-19,000981,9.04,9.28,9.44,8.95,17962,15374929.0,5.37,1.75,0.16,2.18
2012-11-20,000981,9.22,9.26,9.35,9.18,6363,5498599.0,1.83,-0.22,-0.02,0.77
2012-11-21,000981,9.38,9.33,9.38,9.0,8762,7539978.0,4.1,0.76,0.07,1.06
2012-11-22,000981,9.29,9.24,9.33,9.14,5194,4471732.0,2.04,-0.96,-0.09,0.63
2012-11-23,000981,9.2,9.2,9.28,9.08,6115,5248794.0,2.16,-0.43,-0.04,0.74
2012-11-26,000981,9.11,9.16,9.22,9.04,4994,4248748.0,1.96,-0.43,-0.04,0.6
2012-11-27,000981,9.05,8.94,9.12,8.9,4248,3562464.0,2.4,-2.4,-0.22,0.51
2012-11-28,000981,8.94,8.73,8.94,8.45,10050,8041923.0,5.48,-2.35,-0.21,1.22
2012-11-29,000981,8.54,8.63,8.76,8.49,4073,3266688.0,3.09,-1.15,-0.1,0.49
2012-11-30,000981,8.53,8.79,8.88,8.53,12907,10488569.0,4.06,1.85,0.16,1.56
2012-12-03,000981,8.71,8.68,8.86,8.6,6845,5537652.0,2.96,-1.25,-0.11,0.83
2012-12-04,000981,8.65,8.7,8.75,8.49,3522,2810843.0,3.0,0.23,0.02,0.43
2012-12-05,000981,8.66,8.92,9.06,8.66,9728,8085407.0,4.6,2.53,0.22,1.18
2012-12-06,000981,8.9,8.96,9.04,8.9,6539,5456702.0,1.57,0.45,0.04,0.79
2012-12-07,000981,8.91,8.99,9.08,8.9,9572,8021566.0,2.01,0.33,0.03,1.16
2012-12-10,000981,9.02,9.09,9.16,8.93,6754,5716133.0,2.56,1.11,0.1,0.82
2012-12-11,000981,9.03,9.18,9.28,9.01,8690,7451430.0,2.97,0.99,0.09,1.05
2012-12-12,000981,9.17,9.14,9.24,9.05,6954,5935531.0,2.07,-0.44,-0.04,0.84
2012-12-13,000981,9.1,9.27,9.4,9.02,13624,11842245.0,4.16,1.42,0.13,1.65
2012-12-14,000981,9.37,9.54,9.55,9.23,10808,9566849.0,3.45,2.91,0.27,1.31
2012-12-17,000981,9.88,9.56,9.94,9.54,20944,19064138.0,4.19,0.21,0.02,2.54
2012-12-18,000981,9.46,9.35,9.66,9.35,11492,10196440.0,3.24,-2.2,-0.21,1.39
2012-12-19,000981,9.33,9.44,9.5,9.32,4009,3534556.0,1.93,0.96,0.09,0.49
2012-12-20,000981,9.44,9.35,9.46,9.3,6895,6049968.0,1.69,-0.95,-0.09,0.84
2012-12-21,000981,9.35,9.35,9.43,9.3,4178,3658487.0,1.39,0.0,0.0,0.51
2012-12-24,000981,9.25,9.27,9.39,9.23,3576,3117071.0,1.71,-0.86,-0.08,0.43
2012-12-25,000981,9.27,9.53,9.64,9.27,13904,12379461.0,3.99,2.8,0.26,1.68
2012-12-26,000981,9.53,9.59,9.63,9.45,7516,6747348.0,1.89,0.63,0.06,0.91
2012-12-27,000981,9.59,9.64,9.74,9.55,15906,14412781.0,1.98,0.52,0.05,1.93
2012-12-28,000981,9.59,9.63,9.7,9.5,22025,19831957.0,2.07,-0.1,-0.01,2.67
2012-12-31,000981,9.58,10.1,10.49,9.58,46985,44255771.0,9.45,4.88,0.47,5.69
2013-01-04,000981,10.08,10.18,10.2,9.9,27865,26395328.0,2.97,0.79,0.08,3.37
2013-01-07,000981,10.13,10.18,10.56,10.05,21810,21205461.0,5.01,0.0,0.0,2.64
2013-01-08,000981,10.11,9.99,10.12,9.98,16244,15334987.0,1.38,-1.87,-0.19,1.97
2013-01-09,000981,9.95,10.09,10.27,9.92,17847,17050130.0,3.5,1.0,0.1,2.16
2013-01-10,000981,10.04,10.11,10.25,10.03,11652,11105037.0,2.18,0.2,0.02,1.41
2013-01-11,000981,10.11,9.77,10.15,9.76,14338,13319169.0,3.86,-3.36,-0.34,1.74
2013-01-14,000981,9.73,10.04,10.07,9.7,12175,11399380.0,3.79,2.76,0.27,1.47
2013-01-15,000981,9.98,10.09,10.23,9.98,13944,13296739.0,2.49,0.5,0.05,1.69
2013-01-16,000981,10.09,9.89,10.16,9.86,13195,12379612.0,2.97,-1.98,-0.2,1.6
2013-01-17,000981,9.9,9.9,10.1,9.86,11761,10977940.0,2.43,0.1,0.01,1.42
2013-01-18,000981,9.97,10.04,10.08,9.81,11623,10903310.0,2.73,1.41,0.14,1.41
2013-01-21,000981,10.04,10.36,10.42,10.04,25005,24133160.0,3.78,3.19,0.32,3.03
2013-01-22,000981,10.35,10.1,10.38,9.9,14697,14054570.0,4.63,-2.51,-0.26,1.78
2013-01-23,000981,10.05,10.05,10.19,9.92,9249,8745287.0,2.67,-0.5,-0.05,1.12
2013-01-24,000981,10.05,9.68,10.15,9.66,17240,15962016.0,4.88,-3.68,-0.37,2.09
2013-01-25,000981,9.65,9.74,9.9,9.6,9963,9136581.0,3.1,0.62,0.06,1.21
2013-01-28,000981,9.74,9.95,9.95,9.74,6500,6035949.0,2.16,2.16,0.21,0.79
2013-01-29,000981,9.98,10.12,10.29,9.96,10946,10443391.0,3.32,1.71,0.17,1.33
2013-01-30,000981,10.15,10.08,10.15,9.97,11639,10992290.0,1.78,-0.4,-0.04,1.41
2013-01-31,000981,10.08,9.85,10.15,9.82,8060,7555268.0,3.27,-2.28,-0.23,0.98
2013-02-01,000981,9.93,9.85,9.95,9.76,5297,4907281.0,1.93,0.0,0.0,0.64
2013-02-04,000981,9.8,9.69,9.91,9.69,8765,8041988.0,2.23,-1.62,-0.16,1.06
2013-02-05,000981,9.65,9.87,9.93,9.63,9752,8959379.0,3.1,1.86,0.18,1.18
2013-02-06,000981,9.82,9.86,9.96,9.81,4221,3910995.0,1.52,-0.1,-0.01,0.51
2013-02-07,000981,9.85,9.93,9.93,9.83,3522,3269885.0,1.01,0.71,0.07,0.43
2013-02-08,000981,9.93,9.97,10.09,9.75,7178,6690343.0,3.42,0.4,0.04,0.87
2013-02-18,000981,10.07,10.09,10.17,9.9,10609,10018688.0,2.71,1.2,0.12,1.28
2013-02-19,000981,10.1,9.85,10.15,9.79,6168,5749554.0,3.57,-2.38,-0.24,0.75
2013-02-20,000981,9.79,9.79,9.88,9.65,14761,13488588.0,2.34,-0.61,-0.06,1.79
2013-02-21,000981,9.74,9.52,9.74,9.48,8907,8029935.0,2.66,-2.76,-0.27,1.08
2013-02-22,000981,9.61,9.56,9.65,9.5,4243,3803497.0,1.58,0.42,0.04,0.51
2013-02-25,000981,9.54,9.62,9.65,9.5,6378,5714291.0,1.57,0.63,0.06,0.77
2013-02-26,000981,9.6,9.29,9.62,9.2,7315,6466421.0,4.37,-3.43,-0.33,0.89
2013-02-27,000981,9.32,9.46,9.46,9.24,6759,5916685.0,2.37,1.83,0.17,0.82
2013-02-28,000981,9.46,9.74,9.99,9.42,14980,13632265.0,6.03,2.96,0.28,1.81
2013-03-01,000981,9.75,9.66,9.75,9.48,13596,12199013.0,2.77,-0.82,-0.08,1.65
2013-03-04,000981,9.41,8.94,9.41,8.85,15687,13294629.0,5.8,-7.45,-0.72,1.9
2013-03-05,000981,8.83,9.05,9.11,8.83,5003,4209570.0,3.13,1.23,0.11,0.61
2013-03-06,000981,9.04,9.12,9.15,9.04,6601,5608391.0,1.22,0.77,0.07,0.8
2013-03-07,000981,9.11,9.33,9.35,9.07,9854,8471224.0,3.07,2.3,0.21,1.19
2013-03-08,000981,9.28,9.3,9.46,9.22,8611,7517871.0,2.57,-0.32,-0.03,1.04
2013-03-11,000981,9.25,9.28,9.37,9.16,4175,3619508.0,2.26,-0.22,-0.02,0.51
2013-03-12,000981,9.27,9.48,9.7,9.26,14185,12632991.0,4.74,2.16,0.2,1.72
2013-03-13,000981,9.49,9.73,9.75,9.35,17474,15762552.0,4.22,2.64,0.25,2.12
2013-03-14,000981,9.68,9.63,9.78,9.52,7926,7150091.0,2.67,-1.03,-0.1,0.96
2013-03-15,000981,9.67,9.43,9.67,9.43,6927,6159307.0,2.49,-2.08,-0.2,0.84
2013-03-18,000981,9.4,9.31,9.4,9.21,4790,4159558.0,2.01,-1.27,-0.12,0.58
2013-03-19,000981,9.38,9.25,9.38,9.1,5091,4392581.0,3.01,-0.64,-0.06,0.62
2013-03-20,000981,9.12,9.42,9.49,9.12,3858,3373972.0,4.0,1.84,0.17,0.47
2013-03-21,000981,9.41,9.45,9.47,9.32,3484,3064963.0,1.59,0.32,0.03,0.42
2013-03-22,000981,9.4,9.44,9.49,9.35,3743,3298989.0,1.48,-0.11,-0.01,0.45
2013-03-25,000981,9.46,9.39,9.46,9.34,6100,5359145.0,1.27,-0.53,-0.05,0.74
2013-03-26,000981,9.28,9.31,9.4,9.26,3926,3420905.0,1.49,-0.85,-0.08,0.48
2013-03-27,000981,9.35,9.28,9.46,9.28,2426,2122438.0,1.93,-0.32,-0.03,0.29
2013-03-28,000981,9.27,9.0,9.27,9.0,4009,3410694.0,2.91,-3.02,-0.28,0.49
2013-03-29,000981,9.15,9.18,9.21,9.0,3976,3377271.0,2.33,2.0,0.18,0.48
2013-04-01,000981,9.22,9.35,9.39,9.16,5281,4592131.0,2.51,1.85,0.17,0.64
2013-04-02,000981,9.35,9.35,9.39,9.25,3002,2619441.0,1.5,0.0,0.0,0.36
2013-04-03,000981,9.4,9.31,9.6,9.22,3323,2909624.0,4.06,-0.43,-0.04,0.4
2013-04-08,000981,9.35,9.14,9.35,8.95,6589,5588161.0,4.3,-1.83,-0.17,0.8
2013-04-09,000981,9.19,9.2,9.26,9.11,2186,1876000.0,1.64,0.66,0.06,0.26
2013-04-10,000981,9.22,9.21,9.24,9.14,1928,1657432.0,1.09,0.11,0.01,0.23
2013-04-11,000981,9.28,9.14,9.28,9.06,2653,2266840.0,2.39,-0.76,-0.07,0.32
2013-04-12,000981,9.08,9.08,9.19,9.06,2864,2434114.0,1.42,-0.66,-0.06,0.35
2013-04-15,000981,9.13,9.14,9.24,9.07,1797,1534598.0,1.87,0.66,0.06,0.22
2013-04-16,000981,9.14,9.17,9.18,9.01,2146,1826936.0,1.86,0.33,0.03,0.26
2013-04-17,000981,9.12,9.17,9.21,9.1,3666,3132718.0,1.2,0.0,0.0,0.44
2013-04-18,000981,9.08,9.11,9.22,9.05,4447,3787157.0,1.85,-0.65,-0.06,0.54
2013-04-19,000981,9.22,9.21,9.24,9.11,7529,6460878.0,1.43,1.1,0.1,0.91
2013-04-22,000981,9.18,9.15,9.18,9.05,5828,4961175.0,1.41,-0.65,-0.06,0.71
2013-04-23,000981,9.25,9.07,9.25,9.07,4374,3731429.0,1.97,-0.87,-0.08,0.53
2013-04-24,000981,8.85,9.06,9.14,8.85,4963,4191650.0,3.2,-0.11,-0.01,0.6
2013-04-25,000981,9.0,8.98,9.09,8.96,3440,2900892.0,1.43,-0.88,-0.08,0.42
2013-04-26,000981,8.96,9.0,9.09,8.96,2692,2273321.0,1.45,0.22,0.02,0.33
2013-05-02,000981,8.8,8.88,9.1,8.6,3179,2634334.0,5.56,-1.33,-0.12,0.39
2013-05-03,000981,8.98,8.93,9.0,8.87,2920,2427806.0,1.46,0.56,0.05,0.35
2013-05-06,000981,8.97,8.91,9.05,8.88,5430,4514133.0,1.9,-0.22,-0.02,0.66
2013-05-07,000981,8.98,8.88,8.98,8.87,4100,3407348.0,1.23,-0.34,-0.03,0.5
2013-05-08,000981,8.88,8.93,8.97,8.88,4314,3587087.0,1.01,0.56,0.05,0.52
2013-05-09,000981,8.92,8.83,8.92,8.82,3966,3274470.0,1.12,-1.12,-0.1,0.48
2013-05-10,000981,8.9,8.99,9.0,8.83,3730,3104064.0,1.93,1.81,0.16,0.45
2013-05-13,000981,9.03,8.99,9.03,8.9,2226,1859730.0,1.45,0.0,0.0,0.27
2013-05-14,000981,9.0,8.97,9.0,8.84,2715,2265994.0,1.78,-0.22,-0.02,0.33
2013-05-15,000981,9.0,8.97,9.0,8.94,1708,1428846.0,0.67,0.0,0.0,0.21
2013-05-16,000981,8.96,9.09,9.15,8.92,6284,5317215.0,2.56,1.34,0.12,0.76
2013-05-17,000981,9.08,9.23,9.35,9.08,8388,7250219.0,2.97,1.54,0.14,1.02
2013-05-20,000981,9.28,9.25,9.34,9.18,5090,4408002.0,1.73,0.22,0.02,0.62
2013-05-21,000981,9.26,9.39,9.45,9.18,13513,11782364.0,2.92,1.51,0.14,1.64
2013-05-22,000981,9.37,9.32,9.44,9.27,5706,5002445.0,1.81,-0.75,-0.07,0.69
2013-05-23,000981,9.28,9.21,9.44,9.2,5634,4918188.0,2.58,-1.18,-0.11,0.68
2013-05-24,000981,9.3,9.21,9.33,9.16,4204,3625999.0,1.85,0.0,0.0,0.51
2013-05-27,000981,9.21,9.25,9.28,9.2,3295,2843222.0,0.87,0.43,0.04,0.4
2013-05-28,000981,9.25,9.41,9.42,9.2,7650,6684326.0,2.38,1.73,0.16,0.93
2013-05-29,000981,9.42,9.39,9.45,9.32,7870,6917717.0,1.38,-0.21,-0.02,0.95
2013-05-30,000981,9.33,9.36,9.42,9.3,5072,4435706.0,1.28,-0.32,-0.03,0.61
2013-05-31,000981,9.38,9.43,9.58,9.34,16908,15000234.0,2.56,0.75,0.07,2.05
2013-06-03,000981,9.43,9.57,9.57,9.34,11855,10551153.0,2.44,1.48,0.14,1.44
2013-06-04,000981,9.55,9.68,9.76,9.55,20372,18437941.0,2.19,1.15,0.11,2.47
2013-06-05,000981,9.69,9.64,9.73,9.53,8060,7261329.0,2.07,-0.41,-0.04,0.98
2013-06-06,000981,9.57,9.52,9.67,9.45,9503,8493820.0,2.28,-1.24,-0.12,1.15
2013-06-07,000981,9.52,9.2,9.56,9.2,6628,5811807.0,3.78,-3.36,-0.32,0.8
2013-06-13,000981,9.08,8.92,9.09,8.89,7023,5871760.0,2.17,-3.04,-0.28,0.85
2013-06-14,000981,8.88,8.99,9.03,8.88,4820,4021800.0,1.68,0.78,0.07,0.58
2013-06-17,000981,8.95,8.88,9.03,8.75,5755,4753745.0,3.11,-1.22,-0.11,0.7
2013-06-18,000981,8.8,8.9,8.99,8.8,2022,1676022.0,2.14,0.23,0.02,0.24
2013-06-19,000981,8.84,8.72,8.85,8.63,4834,3928768.0,2.47,-2.02,-0.18,0.59
2013-06-20,000981,8.67,8.69,8.75,8.53,5868,4727108.0,2.52,-0.34,-0.03,0.71
2013-06-21,000981,8.55,8.64,8.65,8.5,2507,1996604.0,1.73,-0.58,-0.05,0.3
2013-06-24,000981,8.53,8.03,8.56,7.86,8390,6380416.0,8.1,-7.06,-0.61,1.02
2013-06-25,000981,7.95,7.83,8.19,7.32,6184,4402820.0,10.83,-2.49,-0.2,0.75
2013-06-26,000981,7.82,7.76,7.95,7.67,5989,4276189.0,3.58,-0.89,-0.07,0.73
2013-06-27,000981,7.66,7.69,7.86,7.64,5437,3875412.0,2.84,-0.9,-0.07,0.66
2013-06-28,000981,7.6,7.73,7.9,7.0,5627,4043062.0,11.7,0.52,0.04,0.68
2013-07-01,000981,7.67,7.73,7.88,7.62,6035,4300632.0,3.36,0.0,0.0,0.73
2013-07-02,000981,7.83,7.69,7.83,7.6,9185,6474168.0,2.98,-0.52,-0.04,1.11
2013-07-03,000981,7.73,7.68,7.73,7.48,3723,2593345.0,3.25,-0.13,-0.01,0.45
2013-07-04,000981,7.74,7.74,7.87,7.61,5452,3820664.0,3.39,0.78,0.06,0.66
2013-07-05,000981,7.77,7.87,7.91,7.77,6397,4575350.0,1.81,1.68,0.13,0.77
2013-07-08,000981,7.87,7.67,7.87,7.48,5485,3822261.0,4.96,-2.54,-0.2,0.66
2013-07-09,000981,7.69,7.65,7.69,7.51,1770,1219186.0,2.35,-0.26,-0.02,0.21
2013-07-10,000981,7.55,7.81,7.86,7.55,2204,1546596.0,4.05,2.09,0.16,0.27
2013-07-11,000981,7.84,7.98,8.06,7.76,10694,7763748.0,3.84,2.18,0.17,1.3
2013-07-12,000981,7.93,7.81,8.02,7.81,7186,5166025.0,2.63,-2.13,-0.17,0.87
2013-07-15,000981,7.8,7.86,7.9,7.76,8140,5791065.0,1.79,0.64,0.05,0.99
2013-07-16,000981,7.86,8.01,8.01,7.77,10094,7264373.0,3.05,1.91,0.15,1.22
2013-07-17,000981,8.06,7.99,8.13,7.93,8636,6311635.0,2.5,-0.25,-0.02,1.05
2013-07-18,000981,7.97,7.9,8.06,7.84,4512,3246243.0,2.75,-1.13,-0.09,0.55
2013-07-19,000981,7.9,7.79,7.98,7.74,3144,2247327.0,3.04,-1.39,-0.11,0.38
2013-07-22,000981,7.55,7.78,7.88,7.54,6542,4625188.0,4.36,-0.13,-0.01,0.79
2013-07-23,000981,7.75,7.87,7.92,7.75,5366,3827962.0,2.19,1.16,0.09,0.65
2013-07-24,000981,7.89,7.81,7.89,7.74,3908,2763428.0,1.91,-0.76,-0.06,0.47
2013-07-25,000981,7.85,7.81,7.86,7.75,3299,2344131.0,1.41,0.0,0.0,0.4
2013-07-26,000981,7.84,7.8,7.84,7.7,2008,1420401.0,1.79,-0.13,-0.01,0.24
2013-07-29,000981,7.79,7.73,7.79,7.65,2604,1824049.0,1.79,-0.9,-0.07,0.32
2013-07-30,000981,7.73,7.72,7.83,7.62,3823,2669335.0,2.72,-0.13,-0.01,0.46
2013-07-31,000981,7.76,7.91,7.96,7.75,7241,5174327.0,2.72,2.46,0.19,0.88
2013-08-01,000981,7.93,7.94,7.96,7.83,4910,3536300.0,1.64,0.38,0.03,0.59
2013-08-02,000981,7.95,7.92,8.01,7.92,2579,1870415.0,1.13,-0.25,-0.02,0.31
2013-08-05,000981,7.89,7.95,7.96,7.86,2787,2010277.0,1.26,0.38,0.03,0.34
2013-08-06,000981,7.9,7.99,8.0,7.9,2920,2116449.0,1.26,0.5,0.04,0.35
2013-08-07,000981,7.99,8.06,8.13,7.98,11099,8154623.0,1.88,0.88,0.07,1.34
2013-08-08,000981,8.05,8.08,8.29,8.05,10966,8160672.0,2.98,0.25,0.02,1.33
2013-08-09,000981,8.17,8.08,8.17,7.96,5242,3849348.0,2.6,0.0,0.0,0.63
2013-08-12,000981,8.08,8.2,8.21,8.02,9814,7285802.0,2.35,1.49,0.12,1.19
2013-08-13,000981,8.2,8.24,8.25,8.14,6473,4864152.0,1.34,0.49,0.04,0.78
2013-08-14,000981,8.2,8.66,8.8,8.2,29381,22774505.0,7.28,5.1,0.42,3.56
2013-08-15,000981,8.54,9.25,9.4,8.41,55951,46464580.0,11.43,6.81,0.59,6.78
2013-08-16,000981,9.06,9.16,9.21,8.83,37702,31231831.0,4.11,-0.97,-0.09,4.57
2013-08-19,000981,8.94,9.0,9.05,8.88,27019,22330408.0,1.86,-1.75,-0.16,3.27
2013-08-20,000981,8.95,8.77,8.97,8.73,16297,13159989.0,2.67,-2.56,-0.23,1.97
2013-08-21,000981,8.76,8.7,8.79,8.6,11778,9398970.0,2.17,-0.8,-0.07,1.43
2013-08-22,000981,8.65,8.65,8.73,8.58,10730,8528169.0,1.72,-0.57,-0.05,1.3
2013-08-23,000981,8.65,8.46,8.69,8.34,11883,9252545.0,4.05,-2.2,-0.19,1.44
2013-08-26,000981,8.51,8.62,8.66,8.41,8263,6468899.0,2.96,1.89,0.16,1.0
2013-08-27,000981,8.65,8.75,8.79,8.56,9476,7608708.0,2.67,1.51,0.13,1.15
2013-08-28,000981,8.7,8.56,8.75,8.52,8482,6710595.0,2.63,-2.17,-0.19,1.03
2013-08-29,000981,8.53,8.89,8.9,8.47,18023,14472874.0,5.02,3.86,0.33,2.18
2013-08-30,000981,8.83,8.59,8.97,8.57,12598,10166408.0,4.5,-3.37,-0.3,1.53
2013-09-02,000981,8.56,8.54,8.59,8.31,6875,5294603.0,3.26,-0.58,-0.05,0.83
2013-09-03,000981,8.42,8.59,8.62,8.41,7099,5566172.0,2.46,0.59,0.05,0.86
2013-09-04,000981,8.69,8.56,8.69,8.51,5708,4492296.0,2.1,-0.35,-0.03,0.69
2013-09-05,000981,8.49,8.53,8.56,8.47,4225,3292823.0,1.05,-0.35,-0.03,0.51
2013-09-06,000981,8.61,8.5,8.62,8.49,4771,3740164.0,1.52,-0.35,-0.03,0.58
2013-09-09,000981,8.54,8.79,8.9,8.47,12676,10088965.0,5.06,3.41,0.29,1.54
2013-09-10,000981,8.76,8.79,8.86,8.67,10692,8596553.0,2.16,0.0,0.0,1.3
2013-09-11,000981,8.81,8.71,8.84,8.63,11377,9104503.0,2.39,-0.91,-0.08,1.38
2013-09-12,000981,8.71,8.71,8.79,8.68,4715,3777799.0,1.26,0.0,0.0,0.57
2013-09-13,000981,8.71,8.72,8.78,8.57,4497,3603027.0,2.41,0.11,0.01,0.5
2013-09-16,000981,8.73,8.68,8.78,8.62,4651,3699372.0,1.83,-0.46,-0.04,0.52
2013-09-17,000981,8.66,8.53,8.7,8.47,5175,4055136.0,2.65,-1.73,-0.15,0.57
2013-09-18,000981,8.51,8.54,8.57,8.43,2968,2309604.0,1.64,0.12,0.01,0.33
2013-09-23,000981,8.57,8.65,8.74,8.51,9503,7520432.0,2.69,1.29,0.11,1.05
2013-09-24,000981,8.65,8.51,8.65,8.47,4829,3779820.0,2.08,-1.62,-0.14,0.54
2013-09-25,000981,8.51,8.46,8.68,8.41,6532,5087263.0,3.17,-0.59,-0.05,0.73
2013-09-26,000981,8.56,8.37,8.56,8.36,3839,2953114.0,2.36,-1.06,-0.09,0.43
2013-09-27,000981,8.46,8.43,8.57,8.32,4101,3156125.0,2.99,0.72,0.06,0.46
2013-09-30,000981,8.42,8.58,8.61,8.37,8358,6535287.0,2.85,1.78,0.15,0.93
2013-10-08,000981,8.57,8.75,8.79,8.51,7113,5667379.0,3.26,1.98,0.17,0.79
2013-10-09,000981,8.78,8.79,8.79,8.66,4598,3681906.0,1.49,0.46,0.04,0.51
2013-10-10,000981,8.84,8.74,8.84,8.68,6188,4956597.0,1.82,-0.57,-0.05,0.69
2013-10-11,000981,8.71,8.72,8.79,8.68,5418,4345221.0,1.26,-0.23,-0.02,0.6
2013-10-14,000981,8.75,8.67,8.75,8.56,7920,6285930.0,2.18,-0.57,-0.05,0.88
2013-10-15,000981,8.67,8.66,8.71,8.61,5204,4128659.0,1.15,-0.12,-0.01,0.58
2013-10-16,000981,8.62,8.47,8.62,8.35,7059,5480070.0,3.12,-2.19,-0.19,0.78
2013-10-17,000981,8.51,8.46,8.55,8.44,3899,3034981.0,1.3,-0.12,-0.01,0.43
2013-10-18,000981,8.5,8.48,8.53,8.46,2926,2280366.0,0.83,0.24,0.02,0.32
2013-10-21,000981,8.46,8.5,8.56,8.36,6448,5024189.0,2.36,0.24,0.02,0.72
2013-10-22,000981,8.55,8.57,8.66,8.48,8160,6442593.0,2.12,0.82,0.07,0.91
2013-10-23,000981,8.65,8.62,8.65,8.46,8044,6330040.0,2.22,0.58,0.05,0.89
2013-10-24,000981,8.62,8.62,8.66,8.56,6529,5151201.0,1.16,0.0,0.0,0.72
2013-10-25,000981,8.65,8.58,8.66,8.46,5850,4585268.0,2.32,-0.46,-0.04,0.65
2013-10-28,000981,8.61,8.66,8.74,8.57,14897,11824153.0,1.98,0.93,0.08,1.65
2013-10-29,000981,8.66,9.01,9.02,8.65,45860,37568190.0,4.27,4.04,0.35,5.09
2013-10-30,000981,9.03,8.95,9.07,8.77,19399,15886709.0,3.33,-0.67,-0.06,2.15
2013-10-31,000981,8.93,8.98,9.28,8.83,25651,21451771.0,5.03,0.34,0.03,2.85
2013-11-01,000981,8.98,8.84,8.98,8.58,19316,15451555.0,4.45,-1.56,-0.14,2.14
2013-11-04,000981,8.76,8.73,8.78,8.64,8309,6657916.0,1.58,-1.24,-0.11,0.92
2013-11-05,000981,8.72,8.86,8.88,7.95,16766,13156026.0,10.65,1.49,0.13,1.86
2013-11-06,000981,8.77,9.06,9.18,8.73,33813,28180229.0,5.08,2.26,0.2,3.75
2013-11-07,000981,9.19,9.14,9.28,8.91,27635,23222669.0,4.08,0.88,0.08,3.07
2013-11-08,000981,9.01,9.0,9.15,8.83,10825,8980632.0,3.5,-1.53,-0.14,1.2
2013-11-11,000981,9.0,9.33,9.37,8.88,35726,30403701.0,5.44,3.67,0.33,3.97
2013-11-12,000981,9.38,9.28,9.49,8.93,32329,27532938.0,6.0,-0.54,-0.05,3.59
2013-11-13,000981,9.27,9.1,9.27,8.86,15189,12640180.0,4.42,-1.94,-0.18,1.69
2013-11-14,000981,8.94,9.28,9.46,8.94,45650,39118314.0,5.71,1.98,0.18,5.07
2013-11-15,000981,9.2,9.15,9.39,9.09,32198,27312663.0,3.23,-1.4,-0.13,3.57
2013-11-18,000981,9.08,9.15,9.19,8.96,22171,18597558.0,2.51,0.0,0.0,2.46
2013-11-19,000981,9.15,9.2,9.22,9.0,15010,12621313.0,2.4,0.55,0.05,1.67
2013-11-20,000981,9.19,9.43,9.49,9.06,29801,25369389.0,4.67,2.5,0.23,3.31
2013-11-21,000981,9.33,9.77,9.98,9.23,59309,53075139.0,7.95,3.61,0.34,6.58
2013-11-22,000981,9.66,9.86,9.9,9.59,26862,24371810.0,3.17,0.92,0.09,2.98
2013-11-25,000981,9.81,10.47,10.69,9.74,74852,72056461.0,9.63,6.19,0.61,8.31
2013-11-26,000981,10.41,9.97,10.56,9.94,67414,63637372.0,5.92,-4.78,-0.5,7.48
2013-11-27,000981,9.84,9.82,9.96,9.65,40764,36860625.0,3.11,-1.5,-0.15,4.53
2013-11-28,000981,9.77,9.67,9.86,9.66,31026,28050755.0,2.04,-1.53,-0.15,3.44
2013-11-29,000981,9.67,9.53,9.69,9.49,26950,23847369.0,2.07,-1.45,-0.14,2.99
2013-12-02,000981,9.35,9.07,9.35,8.67,29975,25009176.0,7.14,-4.83,-0.46,3.33
2013-12-03,000981,8.91,9.06,9.11,8.91,13717,11414764.0,2.21,-0.11,-0.01,1.52
2013-12-04,000981,9.04,9.1,9.19,9.02,15393,12934598.0,1.88,0.44,0.04,1.71
2013-12-05,000981,9.11,9.03,9.14,8.97,11377,9492854.0,1.87,-0.77,-0.07,1.26
2013-12-06,000981,9.06,9.01,9.09,8.94,7278,6040663.0,1.66,-0.22,-0.02,0.81
2013-12-09,000981,8.91,8.98,9.02,8.86,12317,10125745.0,1.78,-0.33,-0.03,1.37
2013-12-10,000981,9.03,9.0,9.09,8.95,8381,6955791.0,1.56,0.22,0.02,0.93
2013-12-11,000981,9.0,9.03,9.16,8.97,10318,8601709.0,2.11,0.33,0.03,1.15
2013-12-12,000981,9.02,9.06,9.08,8.94,7451,6194844.0,1.55,0.33,0.03,0.83
2013-12-13,000981,9.06,9.17,9.3,9.06,21124,17889072.0,2.65,1.21,0.11,2.35
2013-12-16,000981,9.15,8.99,9.19,8.93,10563,8765661.0,2.84,-1.96,-0.18,1.17
2013-12-17,000981,9.04,8.98,9.07,8.87,7207,5920725.0,2.22,-0.11,-0.01,0.8
2013-12-18,000981,8.96,8.94,8.97,8.88,6415,5256416.0,1.0,-0.45,-0.04,0.71
2013-12-19,000981,8.83,8.81,8.94,8.72,7073,5732538.0,2.46,-1.45,-0.13,0.79
2013-12-20,000981,8.79,8.71,8.84,8.59,8884,7058553.0,2.84,-1.14,-0.1,0.99
2013-12-23,000981,8.76,8.63,8.76,8.52,4329,3421142.0,2.76,-0.92,-0.08,0.48
2013-12-24,000981,8.62,8.85,8.88,8.62,8727,7003566.0,3.01,2.55,0.22,0.97
2013-12-25,000981,8.8,9.07,9.12,8.72,15790,13035322.0,4.52,2.49,0.22,1.75
2013-12-26,000981,9.07,9.01,9.07,8.89,6620,5457844.0,1.98,-0.66,-0.06,0.73
2013-12-27,000981,9.03,9.18,9.29,8.97,20498,17312816.0,3.55,1.89,0.17,2.28
2013-12-30,000981,9.18,9.1,9.18,9.0,21250,17815919.0,1.96,-0.87,-0.08,2.36
2013-12-31,000981,9.03,9.06,9.11,8.96,7958,6628643.0,1.65,-0.44,-0.04,0.88
2014-01-02,000981,9.06,9.07,9.14,8.92,13397,11175756.0,2.43,0.11,0.01,1.49
2014-01-03,000981,9.05,8.99,9.06,8.89,6215,5146182.0,1.87,-0.88,-0.08,0.69
2014-01-06,000981,9.01,8.85,9.01,8.52,7135,5767259.0,5.45,-1.56,-0.14,0.79
2014-01-07,000981,8.53,9.04,9.11,8.53,20039,16489586.0,6.55,2.15,0.19,2.22
2014-01-08,000981,9.08,9.15,9.26,8.89,26324,22120378.0,4.09,1.22,0.11,2.92
2014-01-09,000981,9.11,9.2,9.4,9.09,32461,27739264.0,3.39,0.55,0.05,3.6
2014-01-10,000981,9.12,9.22,9.24,8.99,17017,14315008.0,2.72,0.22,0.02,1.89
2014-01-13,000981,9.22,9.33,9.47,9.11,43108,37086956.0,3.9,1.19,0.11,4.79
2014-01-14,000981,9.33,9.32,9.44,9.17,30833,26581253.0,2.89,-0.11,-0.01,3.42
2014-01-15,000981,9.31,9.36,9.41,9.21,33642,28933564.0,2.15,0.43,0.04,3.73
2014-01-16,000981,9.31,9.29,9.38,9.2,28675,24612758.0,1.92,-0.75,-0.07,3.18
2014-01-17,000981,9.26,9.16,9.4,8.96,30328,25675468.0,4.74,-1.4,-0.13,3.37
2014-01-20,000981,9.1,8.59,9.1,8.59,19650,15873556.0,5.57,-6.22,-0.57,2.18
2014-01-21,000981,8.54,8.65,8.7,8.49,12086,9561543.0,2.44,0.7,0.06,1.34
2014-01-22,000981,8.67,9.05,9.05,8.6,20467,16685142.0,5.2,4.62,0.4,2.27
2014-01-23,000981,9.07,9.21,9.27,8.91,34816,29394141.0,3.98,1.77,0.16,3.86
2014-01-24,000981,9.19,9.17,9.28,9.09,33591,28362666.0,2.06,-0.43,-0.04,3.73
2014-01-27,000981,9.14,8.77,9.14,8.72,17415,14280305.0,4.58,-4.36,-0.4,1.93
2014-01-28,000981,8.76,8.82,8.86,8.73,8380,6777314.0,1.48,0.57,0.05,0.93
2014-01-29,000981,8.86,8.76,8.86,8.74,9320,7528667.0,1.36,-0.68,-0.06,1.03
2014-01-30,000981,8.8,8.79,8.8,8.66,4818,3872001.0,1.6,0.34,0.03,0.53
2014-02-07,000981,8.71,8.79,8.81,8.59,7029,5614559.0,2.5,0.0,0.0,0.78
2014-02-10,000981,8.8,8.93,8.97,8.74,12875,10539359.0,2.62,1.59,0.14,1.43
2014-02-11,000981,8.97,8.92,9.0,8.89,12317,10119598.0,1.23,-0.11,-0.01,1.37
2014-02-12,000981,8.97,9.02,9.03,8.9,16602,13718265.0,1.46,1.12,0.1,1.84
2014-02-13,000981,9.02,9.1,9.19,9.01,29870,25053989.0,2.0,0.89,0.08,3.32
2014-02-14,000981,9.13,9.29,9.31,9.06,24425,20762624.0,2.75,2.09,0.19,2.71
2014-02-17,000981,9.3,9.61,9.71,9.24,50912,44746806.0,5.06,3.44,0.32,5.65
2014-02-18,000981,9.64,9.61,9.66,9.42,52516,46379791.0,2.5,0.0,0.0,5.83
2014-02-19,000981,9.61,9.79,9.82,9.48,72835,65521616.0,3.54,1.87,0.18,8.09
2014-02-20,000981,9.71,9.6,9.95,9.57,83972,75575929.0,3.88,-1.94,-0.19,9.32
2014-02-21,000981,9.55,9.38,9.58,9.24,33098,28698802.0,3.54,-2.29,-0.22,3.67
2014-02-24,000981,9.33,9.27,9.35,8.94,79786,67378620.0,4.37,-1.17,-0.11,8.86
2014-02-25,000981,9.2,9.49,9.49,9.16,93930,81053028.0,3.56,2.37,0.22,10.43
2014-02-26,000981,9.42,9.67,9.67,9.34,87371,77219811.0,3.48,1.9,0.18,9.7
2014-02-27,000981,9.65,9.72,9.85,9.54,92052,82683161.0,3.21,0.52,0.05,10.22
2014-02-28,000981,9.7,9.77,9.85,9.5,76706,69307634.0,3.6,0.51,0.05,8.52
2014-03-03,000981,9.72,9.71,9.78,9.46,70253,63079324.0,3.28,-0.61,-0.06,7.8
2014-03-04,000981,9.61,9.57,9.69,9.42,70917,62962738.0,2.78,-1.44,-0.14,7.87
2014-03-05,000981,9.55,9.42,9.58,9.42,20221,17775156.0,1.67,-1.57,-0.15,2.24
2014-03-06,000981,9.35,9.47,9.67,9.19,65841,57505979.0,5.1,0.53,0.05,7.31
2014-03-07,000981,9.41,9.15,9.45,9.15,24177,20733279.0,3.17,-3.38,-0.32,2.68
2014-03-10,000981,9.08,8.78,9.08,8.73,23322,19070418.0,3.83,-4.04,-0.37,2.59
2014-03-11,000981,8.73,8.75,8.86,8.61,16455,13236569.0,2.85,-0.34,-0.03,1.83
2014-03-12,000981,8.68,8.66,8.79,8.62,15395,12312583.0,1.94,-1.03,-0.09,1.71
2014-03-13,000981,8.66,8.77,8.81,8.63,15821,12636653.0,2.08,1.27,0.11,1.76
2014-03-14,000981,8.76,8.66,8.83,8.62,9457,7567932.0,2.39,-1.25,-0.11,1.05
2014-03-17,000981,8.7,8.73,8.77,8.58,21212,16893290.0,2.19,0.81,0.07,2.35
2014-03-18,000981,8.74,8.72,8.76,8.64,11956,9540603.0,1.37,-0.11,-0.01,1.33
2014-03-19,000981,8.72,8.68,8.75,8.59,11907,9466493.0,1.83,-0.46,-0.04,1.32
2014-03-20,000981,8.73,8.67,8.99,8.67,20785,16871171.0,3.69,-0.12,-0.01,2.31
2014-03-21,000981,8.61,8.82,8.89,8.59,19283,15568043.0,3.46,1.73,0.15,2.14
2014-03-24,000981,8.8,8.95,9.04,8.74,21230,17378370.0,3.4,1.47,0.13,2.36
2014-03-25,000981,8.96,8.88,9.0,8.83,15035,12358757.0,1.9,-0.78,-0.07,1.67
2014-03-26,000981,8.96,8.86,8.96,8.81,9988,8136585.0,1.69,-0.23,-0.02,1.11
2014-03-27,000981,8.83,8.88,9.0,8.79,18921,15493258.0,2.37,0.23,0.02,2.1
2014-03-28,000981,8.83,8.79,8.98,8.79,14312,11699854.0,2.14,-1.01,-0.09,1.59
2014-03-31,000981,8.77,8.81,8.86,8.72,10418,8433198.0,1.59,0.23,0.02,1.16
2014-04-01,000981,8.76,8.85,8.86,8.76,12158,9861126.0,1.14,0.45,0.04,1.35
2014-04-02,000981,8.85,8.99,9.1,8.85,14969,12416327.0,2.82,1.58,0.14,1.66
2014-04-03,000981,8.98,8.82,9.01,8.81,10518,8587664.0,2.22,-1.89,-0.17,1.17
2014-04-04,000981,8.81,8.91,8.96,8.77,5589,4556809.0,2.15,1.02,0.09,0.62
2014-04-08,000981,8.83,8.87,8.91,8.77,11497,9346878.0,1.57,-0.45,-0.04,1.28
2014-04-09,000981,8.87,8.91,8.92,8.82,8083,6606084.0,1.13,0.45,0.04,0.9
2014-04-10,000981,8.87,8.89,8.97,8.86,7568,6202508.0,1.23,-0.22,-0.02,0.84
2014-04-11,000981,8.89,8.89,8.97,8.83,9668,7918749.0,1.57,0.0,0.0,1.07
2014-04-14,000981,8.89,8.92,8.94,8.82,6239,5099414.0,1.35,0.34,0.03,0.69
2014-04-15,000981,8.93,9.25,9.67,8.89,42847,36896388.0,8.74,3.7,0.33,4.76
2014-04-16,000981,9.22,9.2,9.29,9.09,11484,9746896.0,2.16,-0.54,-0.05,1.27
2014-04-17,000981,9.21,9.13,9.3,9.13,7517,6385461.0,1.85,-0.76,-0.07,0.83
2014-04-18,000981,9.2,9.23,9.28,9.13,8567,7300506.0,1.64,1.1,0.1,0.95
2014-04-21,000981,9.21,9.01,9.22,8.96,8797,7368451.0,2.82,-2.38,-0.22,0.98
2014-04-22,000981,8.99,8.92,8.99,8.63,20521,16550222.0,4.0,-1.0,-0.09,2.28
2014-04-23,000981,8.86,8.87,8.87,8.62,9921,7980859.0,2.8,-0.56,-0.05,1.1
2014-04-24,000981,8.83,8.78,8.89,8.72,6963,5628180.0,1.92,-1.01,-0.09,0.77
2014-04-25,000981,8.74,8.76,8.81,8.64,7307,5874174.0,1.94,-0.23,-0.02,0.81
2014-04-28,000981,8.71,8.62,8.71,8.53,7318,5775498.0,2.05,-1.6,-0.14,0.81
2014-04-29,000981,8.68,8.66,8.68,8.55,3498,2764659.0,1.51,0.46,0.04,0.39
2014-04-30,000981,8.66,8.67,8.67,8.57,5346,4222762.0,1.15,0.12,0.01,0.59
2014-05-05,000981,8.65,8.64,8.66,8.58,4069,3214833.0,0.92,-0.35,-0.03,0.45
2014-05-06,000981,8.62,8.63,8.7,8.61,5514,4378438.0,1.04,-0.12,-0.01,0.61
2014-05-07,000981,8.64,8.55,8.64,8.47,8954,7016271.0,1.97,-0.93,-0.08,0.99
2014-05-08,000981,8.53,8.56,8.61,8.42,6467,5041115.0,2.22,0.12,0.01,0.72
2014-05-09,000981,8.56,8.91,8.93,8.45,19373,15619021.0,5.61,4.09,0.35,2.15
2014-05-12,000981,9.12,9.31,9.51,9.02,75317,64510144.0,5.5,4.49,0.4,8.36
2014-05-13,000981,9.12,8.93,9.24,8.86,44129,36504856.0,4.08,-4.08,-0.38,4.9
2014-05-14,000981,8.83,8.8,8.91,8.77,18557,15067223.0,1.57,-1.46,-0.13,2.06
2014-05-15,000981,8.76,8.6,8.79,8.52,22489,17768652.0,3.07,-2.27,-0.2,2.5
2014-05-16,000981,8.56,8.6,8.65,8.51,6086,4786366.0,1.63,0.0,0.0,0.68
2014-05-19,000981,8.61,8.59,8.61,8.49,7736,6056943.0,1.4,-0.12,-0.01,0.86
2014-05-20,000981,8.6,8.55,8.65,8.52,5676,4462520.0,1.51,-0.47,-0.04,0.63
2014-05-21,000981,8.55,8.62,8.7,8.51,5991,4742379.0,2.22,0.82,0.07,0.67
2014-05-22,000981,8.62,8.64,8.69,8.56,7422,5884663.0,1.51,0.23,0.02,0.82
2014-05-23,000981,8.61,8.67,8.69,8.61,6183,4913676.0,0.93,0.35,0.03,0.69
2014-05-26,000981,8.69,8.74,8.76,8.62,10439,8335461.0,1.61,0.81,0.07,1.16
2014-05-27,000981,8.73,8.7,8.75,8.61,14581,11669973.0,1.6,-0.46,-0.04,1.62
2014-05-28,000981,8.7,8.7,8.72,8.63,6393,5097154.0,1.03,0.0,0.0,0.71
2014-05-29,000981,8.68,8.58,8.68,8.58,7234,5730090.0,1.15,-1.38,-0.12,0.8
2014-05-30,000981,8.56,8.54,8.59,8.51,7098,5558096.0,0.93,-0.47,-0.04,0.79
2014-06-03,000981,8.57,8.54,8.58,8.51,7720,6042464.0,0.82,0.0,0.0,0.86
2014-06-04,000981,8.54,8.54,8.55,8.43,6111,4748795.0,1.41,0.0,0.0,0.68
2014-06-05,000981,8.56,8.62,8.64,8.51,6212,4880011.0,1.52,0.94,0.08,0.69
2014-06-06,000981,8.56,8.57,8.65,8.56,4124,3253340.0,1.04,-0.58,-0.05,0.46
2014-06-09,000981,8.6,8.56,8.6,8.53,3122,2449504.0,0.82,-0.12,-0.01,0.35
2014-06-10,000981,8.54,8.62,8.62,8.52,3818,3001446.0,1.17,0.7,0.06,0.42
2014-06-11,000981,8.56,8.58,8.6,8.53,4800,3768376.0,0.81,-0.46,-0.04,0.53
2014-06-12,000981,8.57,8.58,8.6,8.51,5879,4614164.0,1.05,0.0,0.0,0.65
2014-06-13,000981,8.58,8.6,8.62,8.53,6124,4823737.0,1.05,0.23,0.02,0.68
2014-06-16,000981,8.63,8.63,8.64,8.58,6673,5271250.0,0.7,0.35,0.03,0.74
2014-06-17,000981,8.63,8.58,8.64,8.56,5036,3974764.0,0.93,-0.58,-0.05,0.56
2014-06-18,000981,8.54,8.63,8.63,8.52,6288,4941942.0,1.28,0.58,0.05,0.7
2014-06-19,000981,8.56,8.39,8.62,8.38,6274,4884590.0,2.78,-2.78,-0.24,0.7
2014-06-20,000981,8.34,8.36,8.38,8.27,4414,3365022.0,1.31,-0.36,-0.03,0.49
2014-06-23,000981,8.36,8.41,8.43,8.36,4303,3304282.0,0.84,0.6,0.05,0.48
2014-06-24,000981,8.41,8.42,8.45,8.38,3038,2341875.0,0.83,0.12,0.01,0.34
2014-06-25,000981,8.39,8.38,8.43,8.34,2660,2037156.0,1.07,-0.48,-0.04,0.3
2014-06-26,000981,8.35,8.44,8.46,8.34,5421,4178613.0,1.43,0.72,0.06,0.6
2014-06-27,000981,8.42,8.49,8.52,8.42,5716,4435808.0,1.18,0.59,0.05,0.63
2014-06-30,000981,8.56,8.59,8.68,8.53,10037,7921984.0,1.77,1.18,0.1,1.11
2014-07-01,000981,8.59,8.63,8.64,8.54,8037,6339675.0,1.16,0.47,0.04,0.89
2014-07-02,000981,8.65,8.64,8.68,8.61,4806,3813516.0,0.81,0.12,0.01,0.53
2014-07-03,000981,8.66,8.62,8.68,8.58,8681,6876334.0,1.16,-0.23,-0.02,0.96
2014-07-04,000981,8.65,8.58,8.66,8.54,6487,5106190.0,1.39,-0.46,-0.04,0.72
2014-07-07,000981,8.58,8.61,8.63,8.58,4596,3624391.0,0.58,0.35,0.03,0.51
2014-07-08,000981,8.61,8.61,8.64,8.57,6060,4787943.0,0.81,0.0,0.0,0.67
2014-07-09,000981,8.62,8.65,8.79,8.58,17273,13778762.0,2.44,0.46,0.04,1.92
2014-07-10,000981,8.62,8.6,8.64,8.55,8167,6432263.0,1.04,-0.58,-0.05,0.91
2014-07-11,000981,8.58,8.63,8.65,8.57,7660,6046236.0,0.93,0.35,0.03,0.85
2014-07-14,000981,8.62,8.69,8.71,8.62,12736,10154514.0,1.04,0.7,0.06,1.41
2014-07-15,000981,8.69,8.68,8.73,8.62,16580,13166267.0,1.27,-0.12,-0.01,1.84
2014-07-16,000981,8.7,8.83,8.86,8.7,24936,20222377.0,1.84,1.73,0.15,2.77
2014-07-17,000981,8.81,8.74,8.85,8.61,13570,10867103.0,2.72,-1.02,-0.09,1.51
2014-07-18,000981,8.75,8.78,8.79,8.64,10750,8647011.0,1.72,0.46,0.04,1.19
2014-07-21,000981,8.82,8.73,8.82,8.68,12750,10068641.0,1.59,-0.57,-0.05,1.42
2014-07-22,000981,8.72,8.83,8.88,8.66,17605,13981814.0,2.52,1.15,0.1,1.95
2014-07-23,000981,8.83,8.83,8.84,8.76,12271,9788540.0,0.91,0.0,0.0,1.36
2014-07-24,000981,8.82,9.03,9.06,8.79,35702,29064174.0,3.06,2.27,0.2,3.96
2014-07-25,000981,8.99,9.0,9.06,8.91,20496,16716460.0,1.66,-0.33,-0.03,2.28
2014-07-28,000981,9.0,9.07,9.13,8.96,45402,37336719.0,1.89,0.78,0.07,5.04
2014-07-29,000981,9.18,9.03,9.25,8.96,39843,32911986.0,3.2,-0.44,-0.04,4.42
2014-07-30,000981,9.03,9.1,9.13,8.99,37196,30603243.0,1.55,0.78,0.07,4.13
2014-07-31,000981,9.12,9.09,9.17,9.01,29998,24687154.0,1.76,-0.11,-0.01,3.33
2014-08-01,000981,9.03,8.89,9.06,8.89,27159,22177617.0,1.87,-2.2,-0.2,3.01
2014-08-04,000981,8.9,8.96,8.96,8.86,25184,20326178.0,1.12,0.79,0.07,2.8
2014-08-05,000981,8.96,9.02,9.02,8.91,24562,20021474.0,1.23,0.67,0.06,2.73
2014-08-06,000981,9.0,9.01,9.03,8.95,19390,15825726.0,0.89,-0.11,-0.01,2.15
2014-08-07,000981,9.0,8.96,9.03,8.95,17406,14202909.0,0.89,-0.55,-0.05,1.93
2014-08-08,000981,8.97,8.99,9.0,8.93,16434,13363435.0,0.78,0.33,0.03,1.82
2014-08-11,000981,8.99,9.18,9.78,8.98,74123,62103141.0,8.9,2.11,0.19,8.23
2014-08-12,000981,9.13,9.1,9.21,9.06,60797,50452599.0,1.63,-0.87,-0.08,6.75
2014-08-13,000981,9.08,9.13,9.17,9.03,52097,43100277.0,1.54,0.33,0.03,5.78
2014-08-14,000981,9.13,9.11,9.19,9.06,44015,36528458.0,1.42,-0.22,-0.02,4.89
2014-08-15,000981,9.11,9.32,9.38,9.09,68293,57600352.0,3.18,2.31,0.21,7.58
2014-08-18,000981,9.32,9.33,9.42,9.23,43056,36707698.0,2.04,0.11,0.01,4.78
2014-08-19,000981,9.33,9.49,9.55,9.31,42071,36302590.0,2.57,1.71,0.16,4.67
2014-08-20,000981,9.5,9.46,9.55,9.42,36076,31178373.0,1.37,-0.32,-0.03,4.0
2014-08-21,000981,9.44,9.52,9.62,9.44,35502,30895789.0,1.9,0.63,0.06,3.94
2014-08-22,000981,9.5,9.39,9.6,9.33,39558,34065808.0,2.84,-1.37,-0.13,4.39
2014-08-25,000981,9.39,9.25,9.44,9.23,32115,27290735.0,2.24,-1.49,-0.14,3.57
2014-08-26,000981,9.34,10.09,10.09,9.3,141110,128465552.0,8.54,9.08,0.84,15.66
2014-08-27,000981,10.43,9.97,10.48,9.89,164444,152828503.0,5.85,-1.19,-0.12,18.26
2014-08-28,000981,10.0,9.55,10.03,9.55,86940,77779487.0,4.81,-4.21,-0.42,9.65
2014-08-29,000981,9.51,9.96,9.98,9.44,67798,60636111.0,5.65,4.29,0.41,0.79
2014-09-01,000981,9.93,9.9,10.11,9.81,54278,49332820.0,3.01,-0.6,-0.06,0.63
2014-09-02,000981,9.9,10.0,10.08,9.83,59218,54096413.0,2.53,1.01,0.1,0.69
2014-09-03,000981,9.9,10.01,10.08,9.88,59585,54373162.0,2.0,0.1,0.01,0.69
2014-09-04,000981,10.12,10.08,10.15,9.97,44980,41520776.0,1.8,0.7,0.07,0.52
2014-09-05,000981,10.04,10.03,10.11,9.96,28667,26356756.0,1.49,-0.5,-0.05,0.33
2014-09-09,000981,10.23,10.51,10.95,10.19,85141,83041676.0,7.58,4.79,0.48,0.99
2014-09-10,000981,10.39,10.38,10.46,10.18,37424,35546631.0,2.66,-1.24,-0.13,0.44
2014-09-11,000981,10.36,10.19,10.44,10.14,43963,41589728.0,2.89,-1.83,-0.19,0.51
2014-09-12,000981,10.16,10.22,10.33,10.16,25417,23890616.0,1.67,0.29,0.03,0.3
2014-09-15,000981,10.23,10.39,10.43,10.22,31052,29545615.0,2.05,1.66,0.17,0.36
2014-09-16,000981,10.4,10.23,10.59,10.21,53444,51412488.0,3.66,-1.54,-0.16,0.62
2014-09-17,000981,10.22,10.26,10.36,10.11,27705,26068691.0,2.44,0.29,0.03,0.32
2014-09-18,000981,10.28,10.43,10.49,10.22,37749,35969198.0,2.63,1.66,0.17,0.44
2014-09-19,000981,10.43,10.63,10.63,10.33,38945,37788786.0,2.88,1.92,0.2,0.45
2014-09-22,000981,10.58,10.81,11.01,10.43,56619,56253014.0,5.46,1.69,0.18,0.66
2014-09-23,000981,10.81,10.83,11.18,10.7,38758,39015463.0,4.44,0.19,0.02,0.45
2014-09-24,000981,10.83,10.82,10.93,10.68,24483,24460061.0,2.31,-0.09,-0.01,0.29
2014-09-25,000981,10.9,10.74,10.9,10.72,21040,20928856.0,1.66,-0.74,-0.08,0.25
2014-09-26,000981,10.82,10.74,10.82,10.57,18607,18344308.0,2.33,0.0,0.0,0.22
2014-09-29,000981,10.83,11.0,11.02,10.71,30444,30620164.0,2.89,2.42,0.26,0.35
2014-09-30,000981,10.99,11.07,11.15,10.91,19682,20169783.0,2.18,0.64,0.07,0.23
2014-10-08,000981,11.14,11.43,11.82,11.13,38700,41424786.0,6.23,3.25,0.36,0.45
2014-10-09,000981,11.34,11.68,11.81,11.21,42781,45978760.0,5.25,2.19,0.25,0.5
2014-10-10,000981,11.58,11.57,11.71,11.43,26911,28933783.0,2.4,-0.94,-0.11,0.31
2014-10-13,000981,11.57,12.48,12.64,11.53,65147,73782828.0,9.59,7.87,0.91,0.76
2014-10-14,000981,12.38,12.96,13.31,12.25,68889,81657174.0,8.49,3.85,0.48,0.8
2014-10-15,000981,12.99,13.08,13.33,12.83,53009,64879241.0,3.86,0.93,0.12,0.62
2014-10-16,000981,12.96,12.63,13.02,12.58,59722,71331138.0,3.36,-3.44,-0.45,0.7
2014-10-17,000981,12.54,12.13,12.79,12.01,54438,62112746.0,6.18,-3.96,-0.5,0.63
2014-10-20,000981,12.25,12.07,12.53,11.98,39139,44320889.0,4.53,-0.49,-0.06,0.46
2014-10-21,000981,12.02,12.04,12.13,11.93,25010,28024539.0,1.66,-0.25,-0.03,0.29
2014-10-22,000981,12.08,11.73,12.1,11.69,35237,38946148.0,3.41,-2.57,-0.31,0.41
2014-10-23,000981,11.75,11.54,11.79,11.53,21888,23667561.0,2.22,-1.62,-0.19,0.26
2014-10-24,000981,11.43,11.51,11.63,11.38,14131,15100004.0,2.17,-0.26,-0.03,0.16
2014-10-27,000981,11.53,11.74,11.8,11.31,28448,30716588.0,4.26,2.0,0.23,0.33
2014-10-28,000981,11.74,11.95,12.03,11.74,34601,38352271.0,2.47,1.79,0.21,0.4
2014-10-29,000981,11.96,12.1,12.33,11.95,49433,55958035.0,3.18,1.26,0.15,0.58
2014-10-30,000981,12.1,12.26,12.53,12.1,42368,48736736.0,3.55,1.32,0.16,0.49
2014-10-31,000981,12.28,12.19,12.38,12.03,26349,29811716.0,2.85,-0.57,-0.07,0.31
2014-11-03,000981,12.2,12.1,12.25,12.03,29400,33133478.0,1.8,-0.74,-0.09,0.34
2014-11-04,000981,12.1,12.74,13.02,12.07,56638,66749935.0,7.85,5.29,0.64,0.66
2014-11-05,000981,12.69,12.48,12.77,12.38,34788,40959844.0,3.06,-2.04,-0.26,0.41
2014-11-06,000981,12.49,12.8,12.93,12.49,26172,31188333.0,3.53,2.56,0.32,0.31
2014-11-07,000981,12.84,12.63,13.22,12.56,50197,60346377.0,5.16,-1.33,-0.17,0.58
2014-11-10,000981,12.69,12.64,12.78,12.37,22998,26930435.0,3.25,0.08,0.01,0.27
2014-11-11,000981,12.74,12.34,12.91,11.91,32196,37876706.0,7.91,-2.37,-0.3,0.38
2014-11-12,000981,12.35,12.61,12.63,12.35,23939,27929390.0,2.27,2.19,0.27,0.28
2014-11-13,000981,12.61,13.0,13.01,12.61,47826,57564487.0,3.17,3.09,0.39,0.56
2014-11-14,000981,13.06,13.08,13.12,12.83,40035,48678391.0,2.23,0.62,0.08,0.47
2014-11-17,000981,13.09,13.07,13.21,12.95,29853,36637986.0,1.99,-0.08,-0.01,0.35
2014-11-18,000981,13.03,12.95,13.13,12.94,16562,20178409.0,1.45,-0.92,-0.12,0.19
2014-11-19,000981,12.93,12.53,12.97,12.47,43259,51188434.0,3.86,-3.24,-0.42,0.5
2014-11-20,000981,12.44,12.21,12.48,12.18,29992,34397779.0,2.39,-2.55,-0.32,0.35
2014-11-21,000981,12.18,12.42,12.47,12.18,18100,20906142.0,2.38,1.72,0.21,0.21
2014-11-24,000981,12.78,12.71,12.93,12.55,48641,58120583.0,3.06,2.33,0.29,0.57
2014-11-25,000981,12.68,12.58,12.81,12.53,32513,38370289.0,2.2,-1.02,-0.13,0.38
2014-11-26,000981,12.58,12.78,12.78,12.12,44931,51615903.0,5.25,1.59,0.2,0.52
2014-11-27,000981,12.7,12.83,13.02,12.47,78052,93179348.0,4.3,0.39,0.05,0.91
2014-11-28,000981,12.87,12.82,12.87,12.51,43388,51600336.0,2.81,-0.08,-0.01,0.51
2014-12-01,000981,12.81,12.59,12.81,12.57,37389,44242791.0,1.87,-1.79,-0.23,0.44
2014-12-02,000981,12.41,12.63,12.94,12.41,35478,42351174.0,4.21,0.32,0.04,0.41
2014-12-03,000981,12.63,12.67,12.79,12.54,29487,34900888.0,1.98,0.32,0.04,0.34
2014-12-04,000981,12.67,12.68,12.72,12.53,35803,42251859.0,1.5,0.08,0.01,0.42
2014-12-05,000981,12.83,12.06,12.83,12.06,44284,50861492.0,6.07,-4.89,-0.62,0.52
2014-12-08,000981,11.83,12.23,12.31,11.65,35903,40383320.0,5.47,1.41,0.17,0.42
2014-12-09,000981,12.15,11.53,12.15,11.52,44573,49397329.0,5.15,-5.72,-0.7,0.52
2014-12-10,000981,11.53,11.91,12.0,11.39,28835,31325893.0,5.29,3.3,0.38,0.34
2014-12-11,000981,11.87,12.27,12.43,11.64,37648,42653401.0,6.63,3.02,0.36,0.44
2014-12-12,000981,12.23,12.68,12.72,12.14,38746,44895749.0,4.73,3.34,0.41,0.45
2014-12-15,000981,12.53,12.83,12.92,12.51,32529,38582642.0,3.23,1.18,0.15,0.38
2014-12-16,000981,12.86,12.82,12.86,12.7,21462,25691664.0,1.25,-0.08,-0.01,0.25
2014-12-17,000981,12.75,12.99,13.13,12.74,35632,43080823.0,3.04,1.33,0.17,0.42
2014-12-18,000981,12.99,14.21,14.21,12.93,66181,85165898.0,9.85,9.39,1.22,0.77
2014-12-19,000981,14.73,14.73,14.83,13.89,89525,121318515.0,6.62,3.66,0.52,1.04
2014-12-22,000981,14.48,13.82,14.79,13.54,58261,78012449.0,8.49,-6.18,-0.91,0.68
2014-12-23,000981,13.76,13.73,14.33,13.51,33549,43955734.0,5.93,-0.65,-0.09,0.39
2014-12-24,000981,13.65,14.14,14.16,13.65,22046,28983264.0,3.71,2.99,0.41,0.26
2014-12-25,000981,14.03,15.13,15.4,14.03,52092,73063258.0,9.69,7.0,0.99,0.61
2014-12-26,000981,15.21,15.27,15.51,14.66,50374,72415324.0,5.62,0.93,0.14,0.59
2014-12-29,000981,15.26,15.82,15.92,15.14,53706,79060127.0,5.11,3.6,0.55,0.63
2014-12-30,000981,15.8,14.8,16.42,14.34,90845,132437836.0,13.15,-6.45,-1.02,1.06
2014-12-31,000981,14.39,14.03,14.79,13.73,69730,91703551.0,7.16,-5.2,-0.77,0.81
2015-01-05,000981,14.11,13.99,14.42,13.91,49895,66450474.0,3.64,-0.29,-0.04,0.58
2015-01-06,000981,13.99,13.99,14.49,13.33,47564,61768322.0,8.29,0.0,0.0,0.55
2015-01-07,000981,13.71,13.55,14.28,13.53,63664,82344187.0,5.36,-3.15,-0.44,0.74
2015-01-08,000981,13.6,13.69,13.85,13.49,29599,38034601.0,2.66,1.03,0.14,0.34
2015-01-09,000981,13.79,13.61,14.13,13.58,63193,82189314.0,4.02,-0.58,-0.08,0.74
2015-01-12,000981,13.42,12.6,13.42,12.44,67559,80702842.0,7.2,-7.42,-1.01,0.79
2015-01-13,000981,12.6,12.4,12.7,12.23,45724,52811240.0,3.73,-1.59,-0.2,0.53
2015-01-14,000981,12.4,12.81,13.12,12.38,45232,53993748.0,5.97,3.31,0.41,0.53
2015-01-15,000981,12.84,13.34,13.39,12.84,42756,52834300.0,4.29,4.14,0.53,0.5
2015-01-16,000981,13.38,13.11,13.48,13.01,28715,35327346.0,3.52,-1.72,-0.23,0.33
2015-01-19,000981,12.54,12.52,12.81,11.93,25962,30322863.0,6.71,-4.5,-0.59,0.3
2015-01-20,000981,12.53,12.76,12.8,12.53,21016,24919200.0,2.16,1.92,0.24,0.24
2015-01-21,000981,12.77,13.1,13.11,12.34,33393,40403915.0,6.03,2.66,0.34,0.39
2015-01-22,000981,13.07,13.18,13.23,12.93,29427,36209672.0,2.29,0.61,0.08,0.34
2015-01-23,000981,13.48,13.05,13.48,12.91,35185,43224562.0,4.32,-0.99,-0.13,0.41
2015-01-26,000981,13.03,13.31,13.43,12.89,37878,46617770.0,4.14,1.99,0.26,0.44
2015-01-27,000981,13.33,14.56,14.56,13.23,142035,191108137.0,9.99,9.39,1.25,1.66
2015-01-28,000981,14.58,14.21,14.58,14.03,68106,91087509.0,3.78,-2.4,-0.35,0.79
2015-01-29,000981,14.04,14.66,14.73,13.83,97353,132248052.0,6.33,3.17,0.45,1.13
2015-01-30,000981,14.74,15.47,16.0,14.43,112295,159077446.0,10.71,5.53,0.81,1.31
2015-02-02,000981,15.18,15.08,15.45,14.33,51125,72508675.0,7.24,-2.52,-0.39,0.6
2015-02-03,000981,15.01,14.9,15.18,14.45,46549,65108588.0,4.84,-1.19,-0.18,0.54
2015-02-04,000981,14.9,15.13,15.23,14.61,43487,61372547.0,4.16,1.54,0.23,0.51
2015-02-05,000981,15.33,14.84,15.51,14.83,39397,56081473.0,4.49,-1.92,-0.29,0.46
2015-02-06,000981,14.83,14.82,15.02,14.14,38771,53623126.0,5.93,-0.13,-0.02,0.45
2015-02-09,000981,14.9,14.54,15.11,14.48,15720,21689949.0,4.25,-1.89,-0.28,0.18
2015-02-10,000981,14.48,14.38,14.72,14.13,22015,29904815.0,4.06,-1.1,-0.16,0.26
2015-02-11,000981,14.39,14.65,14.77,14.33,22167,30477859.0,3.06,1.88,0.27,0.26
2015-02-12,000981,14.77,14.49,14.77,14.25,29431,40179951.0,3.55,-1.09,-0.16,0.34
2015-02-13,000981,14.51,14.9,14.95,14.51,36620,51004842.0,3.04,2.83,0.41,0.43
2015-02-16,000981,14.88,14.62,14.91,14.48,50723,70006761.0,2.89,-1.88,-0.28,0.59
2015-02-17,000981,14.63,14.53,14.63,14.38,27700,37951224.0,1.71,-0.62,-0.09,0.32
2015-02-25,000981,14.54,14.25,14.62,14.05,33970,45977653.0,3.92,-1.93,-0.28,0.4
2015-02-26,000981,14.26,14.35,14.38,13.89,27732,36853036.0,3.44,0.7,0.1,0.32
2015-02-27,000981,14.38,14.33,14.4,14.18,24123,32402047.0,1.53,-0.14,-0.02,0.28
2015-03-02,000981,14.59,14.83,14.83,14.33,56170,77627551.0,3.49,3.49,0.5,0.65
2015-03-03,000981,14.94,14.49,14.94,14.46,38771,53507487.0,3.24,-2.29,-0.34,0.45
2015-03-04,000981,14.49,14.26,14.49,13.93,39500,52615938.0,3.86,-1.59,-0.23,0.46
2015-03-05,000981,14.25,14.07,14.25,14.04,28981,38563093.0,1.47,-1.33,-0.19,0.34
2015-03-06,000981,14.07,14.08,14.3,13.95,26801,35529246.0,2.49,0.07,0.01,0.31
2015-03-09,000981,14.08,14.13,14.15,13.93,30824,40725839.0,1.56,0.36,0.05,0.36
2015-03-10,000981,14.23,14.16,14.25,14.05,23870,31769968.0,1.42,0.21,0.03,0.28
2015-03-11,000981,14.16,13.91,14.16,13.83,36561,47993003.0,2.33,-1.77,-0.25,0.43
2015-03-12,000981,13.92,13.89,14.08,13.85,26087,34150202.0,1.65,-0.14,-0.02,0.3
2015-03-13,000981,13.98,14.53,14.58,13.97,67947,91903431.0,4.39,4.61,0.64,0.79
2015-03-16,000981,14.66,15.24,15.84,14.66,94612,136360062.0,8.12,4.89,0.71,1.1
2015-03-17,000981,15.24,15.65,15.78,15.24,102113,150120774.0,3.54,2.69,0.41,1.19
2015-03-18,000981,15.67,15.59,15.82,15.34,55486,81408991.0,3.07,-0.38,-0.06,0.65
2015-03-19,000981,15.34,15.41,15.57,15.24,59765,86989707.0,2.12,-1.15,-0.18,0.7
2015-03-20,000981,15.4,15.33,15.6,15.26,49354,71882174.0,2.21,-0.52,-0.08,0.58
2015-03-23,000981,15.34,15.43,15.55,15.32,66688,97141839.0,1.5,0.65,0.1,0.78
2015-03-24,000981,15.59,15.18,15.59,14.74,76443,109892177.0,5.51,-1.62,-0.25,0.89
2015-03-25,000981,15.18,15.05,15.18,14.89,49182,69760529.0,1.91,-0.86,-0.13,0.57
2015-03-26,000981,15.01,15.14,15.17,14.75,43951,62334056.0,2.79,0.6,0.09,0.51
2015-03-27,000981,15.19,15.33,15.63,15.19,47963,69552685.0,2.91,1.25,0.19,0.56
2015-03-30,000981,15.33,15.82,16.16,15.28,111660,165720747.0,5.74,3.2,0.49,1.3
2015-03-31,000981,16.16,15.47,16.41,15.43,120037,180467881.0,6.19,-2.21,-0.35,1.4
2015-04-01,000981,15.45,15.39,15.55,15.16,54968,79847909.0,2.52,-0.52,-0.08,0.64
2015-04-02,000981,15.48,15.32,15.6,15.18,61169,88801175.0,2.73,-0.45,-0.07,0.71
2015-04-03,000981,15.19,16.77,16.77,15.08,156792,237437496.0,11.03,9.46,1.45,1.83
2015-04-07,000981,16.98,16.97,17.51,16.49,183941,295949648.0,6.08,1.19,0.2,2.14
2015-04-08,000981,16.83,16.92,17.17,16.66,113795,182097259.0,3.01,-0.29,-0.05,1.33
2015-04-09,000981,16.83,18.23,18.53,16.17,169280,278358672.0,13.95,7.74,1.31,1.97
2015-04-10,000981,17.83,19.11,19.68,17.63,156236,279139136.0,11.25,4.83,0.88,1.82
2015-04-13,000981,19.09,19.37,19.62,18.58,95213,173693748.0,5.44,1.36,0.26,1.11
2015-04-14,000981,19.34,18.71,19.34,18.43,79704,143171007.0,4.7,-3.41,-0.66,0.93
2015-04-15,000981,18.82,17.61,18.82,17.58,56641,97478197.0,6.63,-5.88,-1.1,0.66
2015-04-16,000981,17.43,17.93,18.35,16.99,69499,116627767.0,7.72,1.82,0.32,0.81
2015-04-17,000981,17.96,18.0,18.16,17.64,58289,99686285.0,2.9,0.39,0.07,0.68
2015-04-20,000981,17.87,18.94,19.58,17.72,116180,209176955.0,10.33,5.22,0.94,1.35
2015-04-21,000981,18.91,19.01,19.21,18.28,76211,137057823.0,4.91,0.37,0.07,0.89
2015-04-22,000981,19.01,19.19,19.56,18.78,65946,121224746.0,4.1,0.95,0.18,0.77
2015-04-23,000981,19.34,18.71,19.45,18.58,76191,137039827.0,4.53,-2.5,-0.48,0.89
2015-04-24,000981,18.58,18.41,18.91,17.88,52393,92097676.0,5.51,-1.6,-0.3,0.61
2015-04-27,000981,18.28,18.31,18.71,18.24,56004,98840929.0,2.55,-0.54,-0.1,0.65
2015-04-28,000981,18.23,19.62,19.7,18.23,125429,227606157.0,8.03,7.15,1.31,1.46
2015-04-29,000981,19.53,19.06,19.53,18.96,71214,130345793.0,2.91,-2.85,-0.56,0.83
2015-04-30,000981,18.85,20.88,20.88,18.77,153215,298679952.0,11.07,9.55,1.82,1.79
2015-06-23,000981,21.92,20.72,22.08,19.84,233061,473613440.0,10.73,-0.77,-0.16,2.72
2015-06-24,000981,20.7,22.71,22.71,20.53,110733,229418253.0,10.52,9.6,1.99,1.29
2015-06-25,000981,23.43,24.9,24.9,22.93,51667,121342901.0,8.67,9.64,2.19,0.6
2015-06-26,000981,26.83,27.31,27.31,25.83,268330,702642192.0,5.94,9.68,2.41,3.13
2015-06-29,000981,27.83,26.93,29.71,24.79,263008,698606192.0,18.02,-1.39,-0.38,3.06
2015-06-30,000981,26.03,26.23,26.91,24.32,186103,454813504.0,9.62,-2.6,-0.7,2.17
2015-07-01,000981,26.14,27.06,28.33,25.14,155688,415856256.0,12.16,3.16,0.83,1.81
2015-07-02,000981,26.97,24.44,27.0,24.44,103802,255574870.0,9.46,-9.68,-2.62,1.21
2015-07-03,000981,22.1,22.08,23.81,22.08,78061,166860640.0,7.08,-9.66,-2.36,0.91
2015-07-06,000981,23.83,19.96,24.15,19.96,62783,127510263.0,18.98,-9.6,-2.12,0.73
2015-07-21,000981,21.86,21.86,21.86,21.86,3299,6898564.0,0.0,9.52,1.9,0.04
2015-07-22,000981,23.95,23.95,23.95,23.95,1069,2458815.0,0.0,9.56,2.09,0.01
2015-07-23,000981,26.25,26.25,26.25,26.25,4097,10365182.0,0.0,9.6,2.3,0.05
2015-07-24,000981,28.78,28.78,28.78,28.78,49758,138477126.0,0.0,9.64,2.53,0.58
2015-07-27,000981,30.53,30.0,31.56,29.84,386076,1162733472.0,5.98,4.24,1.22,4.5
2015-07-28,000981,27.31,30.1,32.63,27.1,362155,1006347552.0,18.43,0.33,0.1,4.22
2015-07-29,000981,30.35,29.73,31.13,27.19,307016,852189200.0,13.09,-1.23,-0.37,3.58
2015-07-30,000981,28.32,26.85,29.13,26.85,190310,517542960.0,7.67,-9.69,-2.88,2.22
2015-07-31,000981,25.99,27.05,27.6,25.65,149907,383137472.0,7.26,0.74,0.2,1.75
2015-08-03,000981,25.95,24.44,26.37,24.44,107839,262633492.0,7.13,-9.65,-2.61,1.26
2015-08-04,000981,24.05,26.65,26.65,23.97,103953,256243350.0,10.97,9.04,2.21,1.21
2015-08-05,000981,25.95,24.94,26.65,24.79,99540,245982225.0,6.98,-6.42,-1.71,1.16
2015-08-06,000981,24.03,24.53,25.38,23.96,52980,126057090.0,5.69,-1.64,-0.41,0.62
2015-08-07,000981,24.75,25.34,26.13,24.75,68943,169344219.0,5.63,3.3,0.81,0.8
2015-08-10,000981,25.75,26.83,27.43,25.47,99544,252139221.0,7.73,5.88,1.49,1.16
2015-08-11,000981,26.81,26.83,27.93,26.25,81696,214712628.0,6.26,0.0,0.0,0.95
2015-08-12,000981,26.18,26.96,27.83,26.11,74439,194671339.0,6.41,0.48,0.13,0.87
2015-08-13,000981,27.05,28.0,28.45,27.05,79916,213545874.0,5.19,3.86,1.04,0.93
2015-08-14,000981,28.15,27.57,28.27,27.43,65982,177272900.0,3.0,-1.54,-0.43,0.77
2015-08-17,000981,27.6,27.81,28.45,27.55,50874,136866019.0,3.26,0.87,0.24,0.59
2015-08-18,000981,27.53,25.45,27.95,25.12,69178,176140577.0,10.18,-8.49,-2.36,0.81
2015-08-19,000981,24.85,26.13,26.43,24.56,46297,113854875.0,7.35,2.67,0.68,0.54
2015-08-20,000981,26.24,25.41,26.4,25.35,28619,71066405.0,4.02,-2.76,-0.72,0.33
2015-08-21,000981,25.15,23.65,25.41,23.65,38831,91686994.0,6.93,-6.93,-1.76,0.45
2016-03-16,000981,25.94,25.76,25.94,22.64,360332,289317440.0,13.95,8.92,2.11,1.4
2016-03-17,000981,24.95,25.58,26.15,24.65,195113,159592741.0,5.82,-0.7,-0.18,0.76
2016-03-18,000981,25.61,26.6,27.5,25.04,234388,195879246.0,9.62,3.99,1.02,0.91
2016-03-21,000981,26.57,29.18,29.18,26.18,317370,289473280.0,11.28,9.7,2.58,1.23
2016-03-22,000981,29.75,30.05,31.55,29.6,428803,419870944.0,6.68,2.98,0.87,1.67
2016-03-23,000981,29.51,30.47,30.92,28.76,346347,332883664.0,7.19,1.4,0.42,1.35
2016-03-24,000981,29.9,30.83,32.45,29.09,394718,393223776.0,11.03,1.18,0.36,1.53
2016-03-25,000981,31.28,30.11,32.24,30.02,236189,233917999.0,7.2,-2.34,-0.72,0.92
2016-03-28,000981,29.9,29.18,30.47,28.76,189779,181182120.0,5.68,-3.09,-0.93,0.74
2016-03-29,000981,29.15,29.57,29.78,28.76,134010,126555961.0,3.5,1.34,0.39,0.52
2016-03-30,000981,29.57,30.26,30.35,29.24,156089,150400304.0,3.75,2.33,0.69,0.61
2016-03-31,000981,30.26,29.81,30.5,29.69,156858,151835511.0,2.68,-1.49,-0.45,0.61
2016-04-01,000981,29.3,28.79,29.6,28.49,103209,96534959.0,3.72,-3.42,-1.02,0.4
2016-04-05,000981,28.85,29.09,29.42,28.79,98973,92938253.0,2.19,1.04,0.3,0.38
2016-04-06,000981,29.21,29.03,29.51,28.85,77680,72925564.0,2.27,-0.21,-0.06,0.3
2016-04-07,000981,29.36,28.4,29.36,28.37,81733,75596844.0,3.41,-2.17,-0.63,0.32
2016-04-08,000981,28.28,28.28,28.67,28.01,59860,54658934.0,2.32,-0.42,-0.12,0.23
2016-04-11,000981,28.37,29.3,30.11,28.37,89971,85281893.0,6.15,3.61,1.02,0.35
2016-04-12,000981,29.42,28.55,29.45,28.49,60624,56329230.0,3.28,-2.56,-0.75,0.24
2016-04-13,000981,28.73,28.7,29.27,28.7,61239,57196615.0,2.0,0.53,0.15,0.24
2016-04-14,000981,29.39,29.81,30.02,29.06,132703,126636690.0,3.34,3.87,1.11,0.52
2016-04-15,000981,29.96,29.6,30.26,29.48,79989,76894067.0,2.62,-0.7,-0.21,0.31
2016-04-18,000981,29.39,28.85,29.45,28.79,54240,50697923.0,2.23,-2.53,-0.75,0.21
2016-04-19,000981,28.91,28.85,29.42,28.73,44704,41732863.0,2.39,0.0,0.0,0.17
2016-04-20,000981,29.12,28.4,29.3,26.87,100774,90671971.0,8.42,-1.56,-0.45,0.39
2016-04-21,000981,28.31,27.92,28.64,27.77,46362,42198871.0,3.06,-1.69,-0.48,0.18
2016-04-22,000981,27.89,27.83,28.4,27.5,31157,27967823.0,3.22,-0.32,-0.09,0.12
2016-04-25,000981,28.07,27.95,28.13,27.53,27658,24801033.0,2.16,0.43,0.12,0.11
2016-04-26,000981,27.89,28.25,28.25,27.68,28227,25390200.0,2.04,1.07,0.3,0.11
2016-04-27,000981,28.46,28.19,28.52,28.1,32957,30064224.0,1.49,-0.21,-0.06,0.13
2016-04-28,000981,28.25,27.83,28.28,27.59,30586,27454736.0,2.45,-1.28,-0.36,0.12
2016-04-29,000981,27.83,27.98,28.19,27.65,21849,19722015.0,1.94,0.54,0.15,0.08
2016-05-03,000981,28.37,28.55,28.79,27.98,41940,38488887.0,2.89,2.04,0.57,0.16
2016-05-04,000981,28.55,29.3,29.45,28.55,68269,64297547.0,3.15,2.63,0.75,0.27
2016-05-05,000981,29.09,29.54,30.2,29.09,70942,68163942.0,3.79,0.82,0.24,0.28
2016-05-06,000981,29.69,28.19,29.69,28.13,56757,52591776.0,5.28,-4.57,-1.35,0.22
2016-05-09,000981,27.95,26.69,27.95,26.42,58555,51254497.0,5.43,-5.32,-1.5,0.23
2016-05-10,000981,26.78,27.89,27.89,26.78,45468,40032631.0,4.16,4.5,1.2,0.18
2016-05-11,000981,28.31,29.12,29.42,28.04,81373,75801439.0,4.95,4.41,1.23,0.32
2016-05-12,000981,29.06,29.48,29.51,28.25,86587,81403746.0,4.33,1.24,0.36,0.34
2016-05-13,000981,29.87,29.57,29.93,29.06,70144,66626353.0,2.95,0.31,0.09,0.27
2016-05-16,000981,29.09,29.57,29.69,29.09,44443,42232811.0,2.03,0.0,0.0,0.17
2016-05-17,000981,29.54,29.99,29.99,29.18,68768,65978301.0,2.74,1.42,0.42,0.27
2016-05-18,000981,30.05,29.93,30.11,29.3,71216,68233959.0,2.7,-0.2,-0.06,0.28
2016-05-19,000981,29.9,29.93,29.99,29.6,49485,47580714.0,1.3,0.0,0.0,0.19
2016-05-20,000981,29.93,30.2,30.2,29.57,46243,44809343.0,2.1,0.9,0.27,0.18
2016-05-23,000981,30.92,33.14,33.14,30.92,169370,179396602.0,7.35,9.74,2.94,0.66
2016-05-24,000981,34.1,32.63,34.94,32.45,220633,241920729.0,7.51,-1.54,-0.51,0.86
2016-05-25,000981,33.2,32.27,33.2,31.16,133740,139302895.0,6.25,-1.1,-0.36,0.52
2016-05-26,000981,31.94,31.73,32.21,30.95,72285,73655195.0,3.9,-1.67,-0.54,0.28
2016-05-27,000981,31.73,32.0,32.84,31.73,83530,87652362.0,3.5,0.85,0.27,0.32
2016-05-30,000981,31.7,30.65,31.79,30.47,66306,66246194.0,4.13,-4.22,-1.35,0.26
2016-05-31,000981,30.41,31.58,32.12,30.38,93105,93984795.0,5.68,3.03,0.93,0.36
2016-06-01,000981,31.58,31.4,32.21,31.34,73284,75200426.0,2.75,-0.57,-0.18,0.28
2016-06-02,000981,31.31,31.16,32.0,30.98,62311,63063269.0,3.25,-0.76,-0.24,0.24
2016-06-03,000981,31.19,31.16,31.79,31.1,64083,65005994.0,2.21,0.0,0.0,0.25
2016-06-06,000981,31.19,31.46,31.79,30.95,63734,64853488.0,2.7,0.96,0.3,0.25
2016-06-07,000981,31.76,31.16,31.79,30.89,52016,52357853.0,2.86,-0.95,-0.3,0.2
2016-06-08,000981,31.22,30.65,31.22,30.14,64896,63936002.0,3.47,-1.64,-0.51,0.25
2016-06-13,000981,30.02,28.13,30.59,27.95,79205,75108388.0,8.61,-8.22,-2.52,0.31
2016-06-14,000981,28.13,28.52,29.06,28.13,56633,52062834.0,3.31,1.39,0.39,0.22
2016-06-15,000981,28.31,29.0,29.12,28.28,36297,33682629.0,2.95,1.68,0.48,0.14
2016-06-16,000981,28.85,29.9,30.23,28.85,59648,56912725.0,4.76,3.1,0.9,0.23
2016-06-17,000981,29.9,30.23,30.8,29.84,73583,72141856.0,3.21,1.1,0.33,0.29
2016-06-20,000981,30.5,30.26,30.62,29.6,57546,55768008.0,3.37,0.1,0.03,0.22
2016-06-21,000981,30.53,29.99,30.71,29.6,46766,45483179.0,3.67,-0.89,-0.27,0.18
2016-06-22,000981,30.11,30.05,30.2,29.72,28773,27890518.0,1.6,0.2,0.06,0.11
2016-06-23,000981,30.05,29.75,30.26,29.24,47907,45760383.0,3.39,-1.0,-0.3,0.19
2016-06-24,000981,29.72,29.21,29.9,28.46,46002,43294224.0,4.84,-1.82,-0.54,0.18
2016-06-27,000981,29.12,29.27,29.75,28.91,72547,68244744.0,2.88,0.21,0.06,0.28
2016-06-28,000981,29.36,29.06,29.48,28.85,46747,43760847.0,2.15,-0.72,-0.21,0.18
2016-06-29,000981,29.15,29.15,29.24,28.85,40906,38293549.0,1.34,0.31,0.09,0.16
2016-06-30,000981,29.3,29.12,29.33,28.55,62259,58000161.0,2.68,-0.1,-0.03,0.24
2016-07-01,000981,29.06,30.02,30.29,28.91,95288,91292113.0,4.74,3.09,0.9,0.37
2016-07-04,000981,29.75,30.65,31.37,29.75,101615,100786242.0,5.4,2.1,0.63,0.39
2016-07-05,000981,30.8,32.69,33.53,30.8,164249,172084247.0,8.91,6.66,2.04,0.64
2016-07-06,000981,32.33,32.33,33.35,32.0,98759,103933895.0,4.13,-1.1,-0.36,0.38
2016-07-07,000981,32.0,32.15,32.9,31.76,74316,77451579.0,3.53,-0.56,-0.18,0.29
2016-07-08,000981,32.24,32.27,32.84,32.06,58063,60848176.0,2.43,0.37,0.12,0.23
2016-07-11,000981,31.91,31.67,32.45,31.25,60988,63142749.0,3.72,-1.86,-0.6,0.24
2016-07-12,000981,31.82,31.7,32.12,30.86,63148,64252423.0,3.98,0.09,0.03,0.25
2016-07-13,000981,31.67,33.74,33.95,31.25,178192,190235946.0,8.52,6.44,2.04,0.69
2016-07-14,000981,34.01,33.62,34.73,33.35,120108,132083731.0,4.09,-0.36,-0.12,0.47
2016-07-15,000981,33.41,34.4,34.7,33.38,122974,136362421.0,3.93,2.32,0.78,0.48
2016-07-18,000981,34.4,34.55,35.45,34.22,111252,125337440.0,3.58,0.44,0.15,0.43
2016-07-19,000981,33.95,34.37,34.64,33.5,64803,71938890.0,3.3,-0.52,-0.18,0.25
2016-07-20,000981,34.34,34.76,35.0,34.19,60411,67782015.0,2.36,1.13,0.39,0.23
2016-07-21,000981,34.97,35.63,36.26,34.85,97198,112542199.0,4.06,2.5,0.87,0.38
2016-07-22,000981,35.45,35.45,36.11,35.18,77772,89779053.0,2.61,-0.51,-0.18,0.3
2016-07-25,000981,35.45,36.65,36.89,35.39,81265,95802971.0,4.23,3.39,1.2,0.32
2016-07-26,000981,36.65,36.65,37.25,36.2,93869,111792707.0,2.86,0.0,0.0,0.36
2016-07-27,000981,36.65,34.64,37.01,33.5,119796,135600314.0,9.58,-5.48,-2.01,0.47
2016-07-28,000981,34.7,34.85,35.48,33.95,85791,95959728.0,4.42,0.61,0.21,0.33
2016-07-29,000981,34.85,34.67,35.27,34.4,38465,43417576.0,2.5,-0.52,-0.18,0.15
2016-08-01,000981,34.64,34.34,34.76,33.92,48943,54155632.0,2.42,-0.95,-0.33,0.19
2016-08-02,000981,34.34,34.37,34.76,33.95,46917,52212488.0,2.36,0.09,0.03,0.18
2016-08-03,000981,34.37,34.1,34.7,33.89,53410,59336170.0,2.36,-0.79,-0.27,0.21
2016-08-04,000981,34.13,34.37,34.55,33.95,65378,72871595.0,1.76,0.79,0.27,0.25
2016-08-05,000981,34.4,34.31,34.7,33.95,40323,44826252.0,2.18,-0.17,-0.06,0.16
2016-08-08,000981,34.31,34.4,34.46,33.98,40878,45305260.0,1.4,0.26,0.09,0.16
2016-08-09,000981,34.49,34.49,34.67,34.34,38199,42679308.0,0.96,0.26,0.09,0.15
2016-08-10,000981,34.49,34.28,34.73,34.1,46311,51606356.0,1.83,-0.61,-0.21,0.18
2016-08-11,000981,34.25,34.1,34.49,33.68,47168,52129284.0,2.36,-0.53,-0.18,0.18
2016-08-12,000981,34.19,33.5,34.19,32.51,122505,132110168.0,4.93,-1.76,-0.6,0.48
2016-08-15,000981,33.5,33.44,33.89,32.69,97409,104947568.0,3.58,-0.18,-0.06,0.38
2016-08-16,000981,33.41,33.47,33.83,33.35,60604,65840305.0,1.44,0.09,0.03,0.24
2016-08-17,000981,33.44,35.27,36.71,32.84,127019,142334625.0,11.56,5.38,1.8,0.49
2016-08-18,000981,35.24,35.3,35.87,34.88,99530,114322648.0,2.81,0.09,0.03,0.39
2016-08-19,000981,35.27,35.63,35.93,34.85,104365,119487755.0,3.06,0.93,0.33,0.41
2016-08-22,000981,35.54,39.11,39.11,35.54,554529,703095872.0,10.02,9.77,3.48,2.15
2016-08-23,000981,39.23,39.11,40.76,39.08,702501,906775584.0,4.3,0.0,0.0,2.73
2016-08-24,000981,39.2,41.84,42.92,38.93,891457,1178092576.0,10.2,6.98,2.73,3.46
2016-08-25,000981,39.95,37.76,39.95,37.76,1005417,1238143952.0,5.23,-9.75,-4.08,3.91
2016-08-26,000981,35.45,34.34,36.65,34.07,1606631,1788268032.0,6.83,-9.06,-3.42,6.24
2016-08-29,000981,33.05,34.37,34.37,31.85,860647,918013696.0,7.34,0.09,0.03,3.34
2016-08-30,000981,33.86,32.75,33.86,32.75,535987,574875056.0,3.23,-4.71,-1.62,2.08
2016-08-31,000981,32.42,33.08,33.41,32.42,385805,412463616.0,3.02,1.01,0.33,1.5
2016-09-01,000981,33.11,32.15,33.2,32.0,390325,409007216.0,3.63,-2.81,-0.93,1.52
2016-09-02,000981,31.97,31.22,32.09,30.92,344469,350429312.0,3.64,-2.89,-0.93,1.34
2016-09-05,000981,31.28,31.46,31.64,30.98,187728,190334301.0,2.11,0.77,0.24,0.73
2016-09-06,000981,31.46,31.49,31.55,31.01,183294,185545951.0,1.72,0.1,0.03,0.71
2016-09-07,000981,31.46,31.52,32.0,31.34,186942,191598963.0,2.1,0.1,0.03,0.73
2016-09-08,000981,31.64,31.76,32.03,31.43,189706,195018082.0,1.9,0.76,0.24,0.74
2016-09-09,000981,31.73,31.61,32.0,31.55,183124,188161142.0,1.42,-0.47,-0.15,0.71
2016-09-12,000981,31.01,30.38,31.22,30.35,200218,199215074.0,2.75,-3.89,-1.23,0.78
2016-09-13,000981,30.47,30.65,31.04,30.35,128977,127595458.0,2.27,0.89,0.27,0.5
2016-09-14,000981,30.41,30.56,30.59,30.08,108224,106125338.0,1.66,-0.29,-0.09,0.42
2016-09-19,000981,30.53,30.56,30.86,30.38,79652,78790490.0,1.57,0.0,0.0,0.31
2016-09-20,000981,30.56,30.47,30.65,30.35,68632,67612133.0,0.98,-0.29,-0.09,0.27
2016-09-21,000981,30.5,30.41,30.77,30.35,79101,78023232.0,1.38,-0.2,-0.06,0.31
2016-09-22,000981,30.41,30.38,30.68,30.38,118497,116715714.0,0.99,-0.1,-0.03,0.46
2016-09-23,000981,30.44,29.78,30.5,29.75,155769,150990450.0,2.47,-1.97,-0.6,0.61
2016-09-26,000981,29.78,30.05,30.2,29.18,196297,187445179.0,3.43,0.91,0.27,0.76
2016-09-27,000981,29.78,30.53,30.74,29.75,172744,169789230.0,3.29,1.6,0.48,0.67
2016-09-28,000981,30.68,30.35,30.77,30.26,91306,89933336.0,1.67,-0.59,-0.18,0.35
2016-09-29,000981,30.32,30.08,30.44,30.08,98927,96524125.0,1.19,-0.89,-0.27,0.38
2016-09-30,000981,30.29,30.62,30.8,30.29,131286,129837342.0,1.7,1.8,0.54,0.51
2016-10-10,000981,30.62,31.01,31.73,30.62,154455,155211496.0,3.63,1.27,0.39,0.6
2016-10-11,000981,31.34,30.98,31.43,30.83,87772,87926297.0,1.93,-0.1,-0.03,0.34
2016-10-12,000981,30.98,30.77,30.98,30.56,71729,71151628.0,1.36,-0.68,-0.21,0.28
2016-10-13,000981,30.71,30.65,30.86,30.5,65214,64602498.0,1.17,-0.39,-0.12,0.25
2016-10-14,000981,30.62,30.92,31.25,30.59,98791,98907892.0,2.15,0.88,0.27,0.38
2016-10-17,000981,31.19,30.53,31.28,30.41,81544,81382507.0,2.81,-1.26,-0.39,0.32
2016-10-18,000981,30.53,30.65,30.71,30.35,77248,76102156.0,1.18,0.39,0.12,0.3
2016-10-19,000981,30.65,30.47,30.74,30.41,52108,51374100.0,1.08,-0.59,-0.18,0.2
2016-10-20,000981,30.53,30.47,30.74,30.41,62629,61795714.0,1.08,0.0,0.0,0.24
2016-10-21,000981,30.59,30.65,30.71,30.2,81582,80456657.0,1.67,0.59,0.18,0.32
2016-10-24,000981,30.65,31.22,31.25,30.5,156640,156442206.0,2.45,1.86,0.57,0.61
2016-10-25,000981,31.07,31.19,31.55,31.04,101572,102826516.0,1.63,-0.1,-0.03,0.39
2016-10-26,000981,31.22,31.01,31.34,30.83,92533,92696588.0,1.64,-0.58,-0.18,0.36
2016-10-27,000981,31.16,30.65,31.22,30.62,83552,83229384.0,1.93,-1.16,-0.36,0.32
2016-10-28,000981,30.53,30.44,30.8,30.35,66205,65338653.0,1.47,-0.69,-0.21,0.26
2016-10-31,000981,30.35,31.4,31.49,30.29,140530,140267439.0,3.94,3.15,0.96,0.55
2016-11-01,000981,31.4,32.3,32.51,31.25,356633,370959120.0,4.01,2.87,0.9,1.39
2016-11-02,000981,32.45,31.85,32.51,31.49,184372,191201845.0,3.16,-1.39,-0.45,0.72
2016-11-03,000981,31.85,31.97,32.12,31.58,119521,123294964.0,1.7,0.38,0.12,0.46
2016-11-04,000981,31.91,31.49,32.18,31.43,75312,77298508.0,2.35,-1.5,-0.48,0.29
2016-11-07,000981,31.55,32.0,32.03,31.13,95348,96992053.0,2.86,1.62,0.51,0.37
2016-11-08,000981,31.91,31.7,32.33,31.7,92990,96446877.0,1.97,-0.94,-0.3,0.36
2016-11-09,000981,31.73,31.31,31.94,31.01,72282,73476129.0,2.93,-1.23,-0.39,0.28
2016-11-10,000981,31.43,31.43,31.79,31.31,55509,56532594.0,1.53,0.38,0.12,0.22
2016-11-11,000981,31.49,31.49,31.76,31.22,108396,110076114.0,1.72,0.19,0.06,0.42
2016-11-14,000981,31.55,31.25,31.64,31.1,109886,111160758.0,1.71,-0.76,-0.24,0.43
2016-11-15,000981,31.46,31.88,31.91,31.16,137450,139969558.0,2.4,2.02,0.63,0.53
2016-11-16,000981,31.79,34.94,34.97,31.7,506584,550593744.0,10.26,9.6,3.06,1.97
2016-11-17,000981,34.7,35.21,36.17,33.95,670480,765397200.0,6.35,0.77,0.27,2.6
2016-11-18,000981,35.15,34.4,35.15,33.95,273300,306548960.0,3.41,-2.3,-0.81,1.06
2016-11-21,000981,34.43,35.27,36.23,34.4,230715,264827513.0,5.32,2.53,0.87,0.9
2016-11-22,000981,35.39,35.36,35.99,34.91,138975,158863941.0,3.06,0.26,0.09,0.54
2016-11-23,000981,35.69,34.1,35.81,33.95,193877,217157272.0,5.26,-3.56,-1.26,0.75
2016-11-24,000981,34.22,33.92,34.34,33.29,139066,151417234.0,3.08,-0.53,-0.18,0.54
2016-11-25,000981,34.04,34.4,35.12,33.56,137887,153435715.0,4.6,1.42,0.48,0.54
2016-11-28,000981,34.43,34.01,34.79,33.95,80813,89611285.0,2.44,-1.13,-0.39,0.31
2016-11-29,000981,34.16,33.23,34.16,33.2,104590,113578561.0,2.82,-2.29,-0.78,0.41
2016-11-30,000981,33.26,34.52,34.88,33.26,187556,207603883.0,4.88,3.88,1.29,0.73
2016-12-01,000981,34.55,34.49,35.0,34.19,126350,141604150.0,2.35,-0.09,-0.03,0.49
2016-12-02,000981,34.49,34.49,37.85,33.74,236450,268422782.0,11.92,0.0,0.0,0.92
2016-12-05,000981,34.34,33.17,34.34,33.11,136951,149191802.0,3.57,-3.83,-1.32,0.53
2016-12-06,000981,33.59,33.23,33.86,33.05,87695,95018405.0,2.44,0.18,0.06,0.34
2016-12-07,000981,33.35,33.92,34.52,32.69,129403,140165434.0,5.51,2.08,0.69,0.5
2016-12-08,000981,33.89,33.2,34.43,33.2,151514,166486399.0,3.63,-2.12,-0.72,0.59
2016-12-09,000981,33.32,33.11,33.59,32.9,70380,75625472.0,2.08,-0.27,-0.09,0.27
2016-12-12,000981,33.11,32.09,33.32,31.7,114257,119345907.0,4.89,-3.08,-1.02,0.44
2016-12-13,000981,32.12,31.88,32.36,31.49,71780,74104332.0,2.71,-0.65,-0.21,0.28
2016-12-14,000981,31.82,32.0,32.6,31.55,67341,69998369.0,3.29,0.38,0.12,0.26
2016-12-26,000981,32.75,32.0,33.86,32.0,171450,181542236.0,5.81,0.0,0.0,0.67
2016-12-27,000981,32.12,31.04,32.12,30.95,108846,110107388.0,3.66,-3.0,-0.96,0.42
2016-12-28,000981,31.04,31.16,31.43,30.86,56706,57112392.0,1.84,0.39,0.12,0.22
2016-12-29,000981,31.19,31.01,32.12,30.95,82904,84193303.0,3.75,-0.48,-0.15,0.32
2016-12-30,000981,31.22,30.71,31.28,30.59,64298,64071610.0,2.23,-0.97,-0.3,0.25
2017-01-03,000981,30.74,30.92,31.19,30.74,35788,35778914.0,1.47,0.68,0.21,0.14
2017-01-04,000981,30.83,30.89,31.1,30.35,48935,48766842.0,2.43,-0.1,-0.03,0.19
2017-01-05,000981,30.92,29.96,30.95,29.54,140697,137540140.0,4.56,-3.01,-0.93,0.55
2017-01-06,000981,29.81,30.29,30.35,28.76,184553,174137431.0,5.31,1.1,0.33,0.72
2017-01-09,000981,30.02,30.05,30.35,29.75,71312,69037987.0,1.98,-0.79,-0.24,0.28
2017-01-10,000981,30.02,30.2,30.41,29.84,56967,55485457.0,1.9,0.5,0.15,0.22
2017-01-11,000981,30.2,29.84,30.38,29.78,45548,44204504.0,1.99,-1.19,-0.36,0.18
2017-01-12,000981,29.87,29.96,30.29,29.6,75063,72491485.0,2.31,0.4,0.12,0.29
2017-01-13,000981,30.02,29.93,30.02,29.33,63239,60427766.0,2.3,-0.1,-0.03,0.25
2017-01-16,000981,29.9,29.72,29.99,27.02,125378,117509585.0,9.92,-0.7,-0.21,0.49
2017-01-17,000981,29.45,29.45,29.84,28.61,91894,86963529.0,4.14,-0.91,-0.27,0.36
2017-01-18,000981,29.72,29.6,29.87,29.15,54539,51927707.0,2.44,0.51,0.15,0.21
2017-01-19,000981,29.6,29.54,29.63,28.97,83287,78678083.0,2.23,-0.2,-0.06,0.32
2017-01-20,000981,29.48,29.63,29.69,29.27,77225,73428165.0,1.42,0.3,0.09,0.3
2017-01-23,000981,29.63,29.78,30.5,29.63,108077,104518571.0,2.94,0.51,0.15,0.42
2017-01-24,000981,29.69,29.75,30.17,29.6,49914,48025307.0,1.91,-0.1,-0.03,0.19
2017-01-25,000981,29.9,29.75,30.08,29.75,51343,49536751.0,1.11,0.0,0.0,0.2
2017-01-26,000981,29.75,29.75,29.99,29.72,33173,31918398.0,0.91,0.0,0.0,0.13
2017-02-03,000981,29.93,30.38,30.65,29.87,55449,54391221.0,2.62,2.12,0.63,0.22
2017-02-06,000981,30.29,31.37,31.61,30.17,103654,104210512.0,4.74,3.26,0.99,0.4
2017-06-15,000981,28.4,30.44,30.92,28.4,219403,209885220.0,8.03,-2.96,-0.93,0.85
2017-06-16,000981,30.44,30.68,30.95,29.99,97118,95269969.0,3.15,0.79,0.24,0.38
2017-06-19,000981,30.92,31.04,31.76,30.77,78501,78711664.0,3.23,1.17,0.36,0.3
2017-06-20,000981,30.95,30.98,31.22,30.92,43041,43040315.0,0.97,-0.19,-0.06,0.17
2017-06-21,000981,31.1,31.19,31.58,30.41,69908,69662771.0,3.78,0.68,0.21,0.27
2017-06-22,000981,31.19,30.95,31.61,30.95,48239,48509361.0,2.12,-0.77,-0.24,0.19
2017-06-23,000981,30.86,31.07,31.4,30.65,50818,50904037.0,2.42,0.39,0.12,0.2
2017-06-26,000981,31.07,30.74,31.16,30.68,35942,35738150.0,1.54,-1.06,-0.33,0.14
2017-06-27,000981,30.8,30.65,30.98,30.41,34340,33867794.0,1.85,-0.29,-0.09,0.13
2017-06-28,000981,30.5,30.5,30.71,30.05,51119,50032967.0,2.15,-0.49,-0.15,0.2
2017-06-29,000981,30.56,29.9,30.56,29.87,31679,30752394.0,2.26,-1.97,-0.6,0.12
2017-06-30,000981,30.05,30.32,30.56,29.69,57650,55975769.0,2.91,1.4,0.42,0.22
2017-07-03,000981,30.47,30.35,30.47,30.02,32818,31905481.0,1.48,0.1,0.03,0.13
2017-07-04,000981,30.35,30.26,30.5,29.9,41674,40495465.0,1.98,-0.3,-0.09,0.16
2017-07-05,000981,30.26,30.23,30.26,29.69,55395,53549670.0,1.88,-0.1,-0.03,0.22
2017-07-06,000981,30.95,30.95,31.37,30.65,130714,130613509.0,2.38,2.38,0.72,0.51
2017-07-07,000981,30.71,31.1,31.16,30.71,65406,65268726.0,1.45,0.48,0.15,0.25
2017-07-10,000981,31.01,31.13,31.52,30.98,50754,51054319.0,1.74,0.1,0.03,0.2
2017-07-11,000981,31.16,30.77,31.28,30.77,27812,27743355.0,1.64,-1.16,-0.36,0.11
2017-07-12,000981,30.65,30.83,31.01,30.26,37579,37133150.0,2.44,0.19,0.06,0.15
2017-07-13,000981,30.8,30.8,30.8,30.41,44481,43873236.0,1.27,-0.1,-0.03,0.17
2017-07-14,000981,30.44,30.68,30.8,30.44,22626,22291343.0,1.17,-0.39,-0.12,0.09
2017-07-17,000981,30.65,30.29,30.68,29.39,67404,65270703.0,4.2,-1.27,-0.39,0.26
2017-07-18,000981,29.69,30.23,30.26,29.69,45137,43572096.0,1.88,-0.2,-0.06,0.18
2017-07-19,000981,30.38,30.2,30.38,29.9,27371,26541077.0,1.59,-0.1,-0.03,0.11
2017-07-20,000981,30.05,30.23,30.35,29.9,42873,41609053.0,1.49,0.1,0.03,0.17
2017-07-21,000981,30.2,30.17,30.29,29.96,45232,43865636.0,1.09,-0.2,-0.06,0.18
2017-07-24,000981,30.17,30.17,30.2,29.63,53956,51972293.0,1.89,0.0,0.0,0.21
2017-07-25,000981,30.2,30.14,30.2,29.93,37695,36503802.0,0.89,-0.1,-0.03,0.15
2017-07-26,000981,30.05,29.96,30.11,29.66,47445,45686544.0,1.49,-0.6,-0.18,0.18
2017-07-27,000981,29.69,29.6,29.81,29.48,39882,38013593.0,1.1,-1.2,-0.36,0.15
2017-07-28,000981,29.6,29.57,29.6,29.0,83641,78838060.0,2.03,-0.1,-0.03,0.32
2017-07-31,000981,29.48,29.54,29.69,29.27,51815,49167691.0,1.42,-0.1,-0.03,0.2
2017-08-01,000981,29.48,30.86,31.91,29.21,109503,108339629.0,9.14,4.47,1.32,0.43
2017-08-02,000981,30.77,31.1,31.28,30.56,72948,72934790.0,2.33,0.78,0.24,0.28
2017-08-03,000981,30.95,30.71,31.19,30.56,25857,25690077.0,2.03,-1.25,-0.39,0.1
2017-08-04,000981,30.71,30.23,30.95,30.23,25182,24779763.0,2.34,-1.56,-0.48,0.1
2017-08-07,000981,30.14,30.71,31.31,29.96,48673,48000716.0,4.47,1.59,0.48,0.19
2017-08-08,000981,30.74,30.68,30.95,30.56,28791,28488365.0,1.27,-0.1,-0.03,0.11
2017-08-09,000981,30.71,30.68,30.83,30.5,27159,26885528.0,1.08,0.0,0.0,0.11
2017-08-10,000981,30.56,30.5,30.89,30.5,18988,18741945.0,1.27,-0.59,-0.18,0.07
2017-08-11,000981,30.53,29.99,30.8,29.96,23890,23302968.0,2.75,-1.67,-0.51,0.09
2017-08-14,000981,30.47,30.14,30.47,29.96,16979,16535721.0,1.7,0.5,0.15,0.07
2017-08-15,000981,30.53,30.41,30.56,30.02,26301,25725951.0,1.79,0.9,0.27,0.1
2017-08-16,000981,30.47,30.38,30.47,30.2,15547,15211257.0,0.89,-0.1,-0.03,0.06
2017-08-17,000981,30.44,30.23,30.5,30.2,23146,22585976.0,0.99,-0.49,-0.15,0.09
2017-08-18,000981,30.2,30.08,30.2,29.81,29714,28708660.0,1.29,-0.5,-0.15,0.12
2017-08-21,000981,29.93,30.02,30.23,29.93,22815,22099789.0,1.0,-0.2,-0.06,0.09
2017-08-22,000981,29.99,29.75,30.11,29.72,20027,19242681.0,1.3,-0.9,-0.27,0.08
2017-08-23,000981,29.75,29.48,29.75,29.45,20053,19107190.0,1.01,-0.91,-0.27,0.08
2017-08-24,000981,29.51,29.51,29.75,29.36,20221,19232270.0,1.32,0.1,0.03,0.08
2017-08-25,000981,29.51,29.63,29.72,29.39,19791,18842054.0,1.12,0.41,0.12,0.08
2017-08-28,000981,29.6,29.66,29.69,29.39,30768,29299607.0,1.01,0.1,0.03,0.12
2017-08-29,000981,29.69,29.66,29.75,29.57,21531,20563383.0,0.61,0.0,0.0,0.08
2017-08-30,000981,29.57,29.69,29.72,29.33,34475,32804637.0,1.31,0.1,0.03,0.13
2017-09-07,000981,31.16,30.95,31.34,30.08,140084,138709148.0,4.24,4.24,1.26,0.54
2017-09-08,000981,31.04,30.95,31.25,30.5,77598,77484518.0,2.42,0.0,0.0,0.3
2017-09-11,000981,30.59,30.41,30.95,30.23,43015,42247617.0,2.33,-1.74,-0.54,0.17
2017-09-12,000981,30.41,30.17,30.5,30.14,37933,37057847.0,1.18,-0.79,-0.24,0.15
2017-09-13,000981,30.35,29.93,30.44,29.75,43603,42163727.0,2.29,-0.8,-0.24,0.17
2017-09-14,000981,30.17,30.11,30.44,29.93,42911,41742396.0,1.7,0.6,0.18,0.17
2017-09-15,000981,30.11,30.14,30.38,29.96,42460,41379360.0,1.39,0.1,0.03,0.16
2017-09-18,000981,30.02,30.17,30.32,29.96,29078,28217968.0,1.19,0.1,0.03,0.11
2017-09-19,000981,30.11,30.14,30.32,29.99,29281,28500770.0,1.09,-0.1,-0.03,0.11
2017-09-20,000981,30.14,30.17,30.23,29.99,29388,28523426.0,0.8,0.1,0.03,0.11
2017-09-21,000981,30.05,29.78,30.23,29.66,35961,34633439.0,1.89,-1.29,-0.39,0.14
2017-09-22,000981,29.78,29.57,29.78,29.51,18958,18060952.0,0.91,-0.71,-0.21,0.07
2017-09-25,000981,29.6,29.42,29.6,29.36,19088,18089239.0,0.81,-0.51,-0.15,0.07
2017-09-26,000981,29.48,29.72,30.2,29.39,29846,28672971.0,2.75,1.02,0.3,0.12
2017-09-27,000981,29.9,29.6,29.9,29.48,17109,16297799.0,1.41,-0.4,-0.12,0.07
2017-09-28,000981,29.69,29.33,29.69,29.3,21966,20781797.0,1.32,-0.91,-0.27,0.09
2017-09-29,000981,29.36,29.48,29.63,29.36,14905,14144340.0,0.92,0.51,0.15,0.06
2017-10-09,000981,29.6,29.72,29.96,29.54,27590,26484340.0,1.42,0.81,0.24,0.11
2017-10-10,000981,29.72,29.57,29.93,29.48,22964,21879502.0,1.51,-0.5,-0.15,0.09
2017-10-11,000981,29.57,29.3,29.66,29.27,25059,23700358.0,1.32,-0.91,-0.27,0.1
2017-10-12,000981,29.42,29.36,29.42,29.24,17967,16950309.0,0.61,0.2,0.06,0.07
2017-10-13,000981,29.45,29.15,29.45,29.15,21348,20085372.0,1.02,-0.72,-0.21,0.08
2017-10-16,000981,29.18,28.76,29.33,28.76,33160,30925968.0,1.96,-1.34,-0.39,0.13
2017-10-17,000981,28.91,28.88,29.03,28.4,28806,26644777.0,2.19,0.42,0.12,0.11
2017-10-18,000981,29.03,28.58,29.03,28.58,18400,17023138.0,1.56,-1.04,-0.3,0.07
2017-10-19,000981,28.58,28.67,28.76,27.41,57528,51999125.0,4.72,0.31,0.09,0.22
2017-10-20,000981,28.46,28.52,28.55,28.34,18029,16488745.0,0.73,-0.52,-0.15,0.07
2017-10-23,000981,28.58,29.57,30.65,28.55,98677,94870393.0,7.36,3.68,1.05,0.38
2017-10-24,000981,29.69,29.84,30.08,29.51,51114,49145722.0,1.93,0.91,0.27,0.2
2017-10-25,000981,29.63,29.45,29.93,29.42,34042,32511940.0,1.71,-1.31,-0.39,0.13
2017-10-26,000981,29.66,29.09,29.66,28.97,27477,25830819.0,2.34,-1.22,-0.36,0.11
2017-10-27,000981,29.06,28.94,29.09,28.52,34736,32094339.0,1.96,-0.52,-0.15,0.13
2017-10-30,000981,28.82,28.64,28.97,28.25,38260,34948079.0,2.49,-1.04,-0.3,0.15
2017-10-31,000981,28.55,28.58,28.64,28.25,18264,16699764.0,1.36,-0.21,-0.06,0.07
2017-11-01,000981,28.52,28.49,28.52,28.13,29105,26474189.0,1.36,-0.31,-0.09,0.11
2017-11-02,000981,28.46,27.83,28.46,27.71,46865,42064109.0,2.63,-2.32,-0.66,0.18
2017-11-03,000981,27.8,28.01,28.01,27.35,45292,40128961.0,2.37,0.65,0.18,0.18
2017-11-06,000981,27.92,27.86,27.92,27.53,26424,23539463.0,1.39,-0.54,-0.15,0.1
2017-11-07,000981,27.8,27.83,27.86,27.47,32008,28448533.0,1.4,-0.11,-0.03,0.12
2017-11-08,000981,27.86,27.62,27.89,27.26,66842,59042834.0,2.26,-0.75,-0.21,0.26
2017-11-09,000981,27.68,27.53,27.68,27.11,47540,41784565.0,2.06,-0.33,-0.09,0.18
2017-11-10,000981,27.56,28.28,28.46,27.41,73523,66154946.0,3.81,2.72,0.75,0.29
2017-11-13,000981,28.28,29.39,30.41,28.28,141203,135055062.0,7.53,3.93,1.11,0.55
2017-11-14,000981,29.75,28.91,30.26,28.76,95446,90745258.0,5.1,-1.63,-0.48,0.37
2017-11-15,000981,29.12,28.31,29.27,28.31,27812,25654995.0,3.32,-2.08,-0.6,0.11
2017-11-16,000981,28.28,28.01,28.52,27.65,37057,33547987.0,3.07,-1.06,-0.3,0.14
2017-11-17,000981,27.83,28.07,28.46,27.65,38717,34809106.0,2.89,0.21,0.06,0.15
2017-11-20,000981,27.95,28.07,28.13,27.47,38171,33979501.0,2.35,0.0,0.0,0.15
2017-11-21,000981,27.71,27.86,28.25,27.47,60077,53651322.0,2.78,-0.75,-0.21,0.23
2017-11-22,000981,27.98,27.86,28.01,27.56,32436,28871962.0,1.62,0.0,0.0,0.13
2017-11-23,000981,27.89,28.25,28.88,27.86,94088,86144532.0,3.66,1.4,0.39,0.37
2017-11-24,000981,28.01,28.7,28.76,28.01,43367,39750055.0,2.65,1.59,0.45,0.17
2017-11-27,000981,28.91,28.1,28.91,28.1,38963,35640719.0,2.82,-2.09,-0.6,0.15
2017-11-28,000981,28.16,28.37,28.43,28.16,37683,34281734.0,0.96,0.96,0.27,0.15
2017-11-29,000981,28.22,28.25,28.37,28.07,25492,23121950.0,1.06,-0.42,-0.12,0.1
2017-11-30,000981,28.25,28.28,28.31,27.59,64489,57746923.0,2.55,0.11,0.03,0.25
2017-12-01,000981,28.1,28.22,28.31,28.01,23808,21541207.0,1.06,-0.21,-0.06,0.09
2017-12-04,000981,28.19,28.07,28.31,27.8,32892,29582991.0,1.81,-0.53,-0.15,0.13
2017-12-05,000981,28.07,27.74,28.07,27.56,36241,32303616.0,1.82,-1.18,-0.33,0.14
2017-12-06,000981,27.71,27.68,27.74,27.38,27149,24018017.0,1.3,-0.22,-0.06,0.11
2017-12-07,000981,27.59,28.1,28.25,27.53,34955,31469676.0,2.6,1.52,0.42,0.14
2017-12-08,000981,28.19,28.01,28.4,27.92,44277,40128063.0,1.71,-0.32,-0.09,0.17
2017-12-11,000981,28.28,28.01,28.28,27.95,32871,29696324.0,1.18,0.0,0.0,0.13
2017-12-12,000981,27.89,27.83,28.13,27.56,41570,37036414.0,2.03,-0.64,-0.18,0.16
2017-12-13,000981,27.86,27.77,27.86,27.47,27697,24590406.0,1.4,-0.22,-0.06,0.11
2017-12-14,000981,27.68,27.71,27.8,27.53,20574,18241721.0,0.97,-0.22,-0.06,0.08
2017-12-15,000981,27.71,27.8,27.95,27.56,22730,20234751.0,1.41,0.32,0.09,0.09
2017-12-18,000981,27.74,27.62,27.83,27.44,22681,20058304.0,1.4,-0.65,-0.18,0.09
2017-12-19,000981,27.56,27.41,27.56,27.32,23626,20804474.0,0.87,-0.76,-0.21,0.09
2017-12-20,000981,27.41,27.5,27.53,25.85,117561,101538396.0,6.13,0.33,0.09,0.46
2017-12-21,000981,27.92,27.56,28.19,27.11,84723,75118248.0,3.93,0.22,0.06,0.33
2017-12-22,000981,27.32,27.56,27.56,27.26,25536,22460079.0,1.09,0.0,0.0,0.1
2017-12-25,000981,27.41,27.56,27.77,27.26,25146,22231057.0,1.85,0.0,0.0,0.1
2017-12-26,000981,27.44,27.53,27.59,27.38,18705,16499863.0,0.76,-0.11,-0.03,0.07
2017-12-27,000981,27.38,27.47,27.56,27.32,19518,17193876.0,0.87,-0.22,-0.06,0.08
2017-12-28,000981,27.02,27.35,27.41,27.02,17120,14997339.0,1.42,-0.44,-0.12,0.07
2017-12-29,000981,27.23,27.5,27.65,26.96,30014,26300968.0,2.52,0.55,0.15,0.12
2018-01-02,000981,27.41,27.68,27.71,27.14,46573,41063081.0,2.07,0.65,0.18,0.18
2018-01-03,000981,27.62,27.41,27.68,27.11,82009,72111841.0,2.06,-0.98,-0.27,0.32
2018-01-04,000981,27.26,27.38,27.41,27.14,25624,22452006.0,0.99,-0.11,-0.03,0.1
2018-01-05,000981,27.23,27.56,27.86,27.23,41260,36524886.0,2.3,0.66,0.18,0.16
2018-01-08,000981,27.71,27.71,27.86,27.59,40072,35716292.0,0.98,0.54,0.15,0.16
2018-01-09,000981,27.71,27.71,27.95,27.59,22329,19895461.0,1.3,0.0,0.0,0.09
2018-01-10,000981,27.83,27.59,27.86,27.47,20506,18187180.0,1.41,-0.43,-0.12,0.08
2018-01-11,000981,27.59,27.44,27.59,27.23,20934,18404440.0,1.3,-0.54,-0.15,0.08
2018-01-12,000981,27.44,27.44,27.59,27.29,30901,27251159.0,1.09,0.0,0.0,0.12
2018-01-15,000981,27.38,27.11,27.41,26.93,47886,41740056.0,1.75,-1.2,-0.33,0.19
2018-01-16,000981,27.05,27.14,27.17,26.51,36102,31172826.0,2.43,0.11,0.03,0.14
2018-01-17,000981,27.05,26.81,27.05,26.57,36617,31515415.0,1.77,-1.22,-0.33,0.14
2018-01-18,000981,26.21,26.51,26.78,26.06,65330,55181882.0,2.69,-1.12,-0.3,0.25
2018-01-19,000981,27.2,26.63,27.23,26.36,58027,49776732.0,3.28,0.45,0.12,0.23
2018-01-22,000981,25.76,25.73,26.48,25.58,70254,58160452.0,3.38,-3.38,-0.9,0.27
2018-01-23,000981,26.15,25.73,26.15,25.58,32282,26654864.0,2.22,0.0,0.0,0.13
2018-01-24,000981,25.85,25.46,25.85,25.1,52770,43062149.0,2.91,-1.05,-0.27,0.2
2018-01-25,000981,25.46,25.85,26.15,25.46,47174,38988531.0,2.71,1.53,0.39,0.18
2018-01-26,000981,25.91,26.3,26.96,25.88,50343,42737214.0,4.18,1.74,0.45,0.2
2018-01-29,000981,26.36,26.48,27.02,26.15,45044,38284524.0,3.31,0.68,0.18,0.17
2018-01-30,000981,26.36,26.18,26.66,26.06,20937,17645728.0,2.27,-1.13,-0.3,0.08
2018-01-31,000981,25.97,25.94,26.24,25.49,34517,28489486.0,2.86,-0.92,-0.24,0.13
2018-02-01,000981,25.76,25.91,25.94,23.45,62430,50709386.0,9.6,-0.12,-0.03,0.24
2018-02-02,000981,25.76,25.91,25.91,25.07,59236,48351815.0,3.24,0.0,0.0,0.23
2018-02-05,000981,25.49,25.91,25.91,25.43,25762,21191564.0,1.85,0.0,0.0,0.1
2018-02-06,000981,25.61,24.98,25.7,24.98,22874,18629068.0,2.78,-3.59,-0.93,0.09
2018-02-07,000981,25.61,25.97,25.97,24.47,74719,60816664.0,6.0,3.96,0.99,0.29
2018-02-08,000981,25.73,26.03,26.06,25.67,27405,22744261.0,1.5,0.23,0.06,0.11
2018-02-09,000981,25.82,25.73,25.82,25.1,32098,26201980.0,2.77,-1.15,-0.3,0.12
2018-02-12,000981,25.61,25.7,25.82,25.49,12251,10083989.0,1.28,-0.12,-0.03,0.05
2018-02-13,000981,25.61,25.46,25.85,25.43,13772,11297405.0,1.63,-0.93,-0.24,0.05
2018-02-14,000981,25.58,25.64,25.76,25.43,14288,11687778.0,1.3,0.71,0.18,0.06
2018-02-22,000981,25.64,25.76,25.76,25.61,9926,8163033.0,0.59,0.47,0.12,0.04
2018-02-23,000981,25.82,25.73,25.82,25.52,14124,11600455.0,1.16,-0.12,-0.03,0.05
2018-02-26,000981,25.7,25.73,25.76,25.55,18964,15596920.0,0.82,0.0,0.0,0.07
2018-02-27,000981,25.52,25.7,25.88,25.52,15945,13084877.0,1.4,-0.12,-0.03,0.06
2018-02-28,000981,25.73,25.55,25.73,25.49,16148,13216718.0,0.93,-0.58,-0.15,0.06
2018-03-01,000981,25.37,26.21,26.36,25.37,51837,43324870.0,3.87,2.58,0.66,0.2
2018-03-02,000981,26.09,26.06,26.24,26.03,13140,11002540.0,0.8,-0.57,-0.15,0.05
2018-03-05,000981,25.94,26.39,26.75,25.94,29772,25203192.0,3.11,1.27,0.33,0.12
2018-03-06,000981,26.45,26.39,26.69,26.3,15095,12801152.0,1.48,0.0,0.0,0.06
2018-03-07,000981,26.57,26.21,26.63,26.12,15706,13249798.0,1.93,-0.68,-0.18,0.06
2018-03-08,000981,25.97,26.06,26.21,25.97,13756,11496241.0,0.92,-0.57,-0.15,0.05
2018-03-09,000981,25.94,26.15,26.33,25.94,15019,12590740.0,1.5,0.35,0.09,0.06
2018-03-12,000981,26.27,26.24,26.6,26.0,21341,18007356.0,2.29,0.34,0.09,0.08
2018-03-13,000981,26.48,26.15,26.48,25.97,16783,14078658.0,1.94,-0.34,-0.09,0.07
2018-03-14,000981,26.21,25.67,26.21,25.64,20706,17180758.0,2.18,-1.84,-0.48,0.08
2018-03-15,000981,25.52,25.79,25.88,25.52,24590,20267454.0,1.4,0.47,0.12,0.1
2018-03-16,000981,25.79,25.76,26.03,25.61,17645,14592165.0,1.63,-0.12,-0.03,0.07
2018-03-19,000981,25.85,25.79,26.03,25.64,12057,9980230.0,1.51,0.12,0.03,0.05
2018-03-20,000981,25.85,25.82,25.88,25.52,10709,8829338.0,1.4,0.12,0.03,0.04
2018-03-21,000981,25.73,25.64,25.85,25.49,22056,18108496.0,1.39,-0.7,-0.18,0.09
2018-03-22,000981,25.67,25.76,25.85,25.55,21312,17509903.0,1.17,0.47,0.12,0.08
2018-03-23,000981,25.64,25.16,25.64,24.8,48793,39164854.0,3.26,-2.33,-0.6,0.19
2018-03-26,000981,24.77,25.07,25.16,24.65,32457,25789384.0,2.03,-0.36,-0.09,0.13
2018-03-27,000981,25.01,25.34,25.7,24.89,33141,26788094.0,3.23,1.08,0.27,0.13
2018-03-28,000981,25.4,25.58,25.79,25.19,24288,19861215.0,2.37,0.95,0.24,0.09
2018-03-29,000981,25.46,26.12,26.36,25.43,57862,47808470.0,3.64,2.11,0.54,0.22
2018-03-30,000981,26.18,27.77,27.8,25.94,94686,82744119.0,7.12,6.32,1.65,0.37
2018-04-02,000981,27.77,27.8,28.28,27.41,60089,53545227.0,3.13,0.11,0.03,0.23
2018-04-03,000981,27.62,28.82,29.03,27.14,103995,94933979.0,6.8,3.67,1.02,0.4
2018-04-04,000981,29.63,28.4,29.63,28.31,61979,57224710.0,4.58,-1.46,-0.42,0.24
2018-04-09,000981,28.4,27.8,28.43,26.81,68247,61292795.0,5.7,-2.11,-0.6,0.27
2018-04-10,000981,28.01,28.31,28.79,27.89,60835,55186708.0,3.24,1.83,0.51,0.24
2018-04-11,000981,28.31,28.16,28.7,28.04,37527,34217360.0,2.33,-0.53,-0.15,0.15
2018-04-12,000981,28.16,28.22,28.37,28.1,27004,24523409.0,0.96,0.21,0.06,0.1
2018-04-13,000981,28.28,27.56,28.28,27.32,83088,73621296.0,3.4,-2.34,-0.66,0.32
2018-04-16,000981,27.8,27.86,27.95,27.59,47848,42798222.0,1.31,1.09,0.3,0.19
2018-04-17,000981,27.86,27.86,27.95,27.5,52973,47335130.0,1.62,0.0,0.0,0.21
2018-04-18,000981,27.98,27.98,28.04,27.59,59929,53574432.0,1.62,0.43,0.12,0.23
2018-04-19,000981,28.13,28.43,28.76,27.89,64273,58517454.0,3.11,1.61,0.45,0.25
2018-04-20,000981,28.67,28.64,28.7,28.25,66801,61480597.0,1.58,0.74,0.21,0.26
2018-04-23,000981,28.52,28.82,29.12,28.52,49515,45875914.0,2.09,0.63,0.18,0.19
2018-04-24,000981,28.85,29.33,29.57,28.76,44343,41601937.0,2.81,1.77,0.51,0.17
2018-04-25,000981,29.48,29.57,29.81,29.06,42530,40328582.0,2.56,0.82,0.24,0.17
2018-04-26,000981,29.51,30.17,30.47,29.51,76549,74573363.0,3.25,2.03,0.6,0.3
2018-04-27,000981,30.17,31.22,31.22,30.17,97941,97679925.0,3.48,3.48,1.05,0.38
2018-05-02,000981,31.61,31.25,31.76,30.59,122687,123627900.0,3.75,0.1,0.03,0.48
2018-05-03,000981,30.98,32.18,32.18,30.89,104728,107778028.0,4.13,2.98,0.93,0.41
2018-05-04,000981,32.0,32.15,32.24,31.76,59048,60956867.0,1.49,-0.09,-0.03,0.23
2018-05-07,000981,32.06,32.63,32.78,31.73,108073,113540207.0,3.27,1.49,0.48,0.42
2018-05-08,000981,32.84,33.2,33.59,32.54,158807,170640502.0,3.22,1.75,0.57,0.62
2018-05-09,000981,33.32,33.11,33.38,32.84,92808,99481558.0,1.63,-0.27,-0.09,0.36
2018-05-10,000981,33.05,33.23,33.89,33.02,94562,101954542.0,2.63,0.36,0.12,0.37
2018-05-11,000981,33.23,32.96,33.53,32.9,89357,95576262.0,1.9,-0.81,-0.27,0.35
2018-05-14,000981,32.6,32.96,33.26,32.6,68963,73522123.0,2.0,0.0,0.0,0.27
2018-05-15,000981,32.93,32.81,33.02,32.66,64445,68353513.0,1.09,-0.46,-0.15,0.25
2018-05-16,000981,33.29,33.02,34.01,32.78,80797,86300128.0,3.75,0.64,0.21,0.31
2018-05-17,000981,33.02,32.51,33.41,32.36,74620,78623982.0,3.18,-1.54,-0.51,0.29
2018-05-18,000981,32.87,32.36,33.05,31.94,51773,53923376.0,3.41,-0.46,-0.15,0.2
2018-05-21,000981,32.96,32.33,32.96,32.21,49858,52308840.0,2.32,-0.09,-0.03,0.19
2018-05-22,000981,32.39,32.45,32.6,31.61,70747,73382914.0,3.06,0.37,0.12,0.27
2018-05-23,000981,32.42,31.73,32.63,31.58,63441,65711111.0,3.24,-2.22,-0.72,0.25
2018-05-24,000981,31.91,31.73,32.03,31.52,70016,71784435.0,1.61,0.0,0.0,0.27
2018-05-25,000981,32.0,32.06,32.75,31.61,54473,56487539.0,3.59,1.04,0.33,0.21
2018-05-28,000981,32.06,31.55,32.21,30.41,95793,96303994.0,5.61,-1.59,-0.51,0.37
2018-05-29,000981,31.25,31.58,31.94,30.41,121949,121855946.0,4.85,0.1,0.03,0.47
2018-05-30,000981,30.98,30.95,31.31,29.9,148181,145376013.0,4.46,-1.99,-0.63,0.58
2018-05-31,000981,30.38,29.51,30.38,28.94,130197,123191966.0,4.65,-4.65,-1.44,0.51
2018-06-01,000981,29.03,28.73,29.3,28.52,90953,84370087.0,2.64,-2.64,-0.78,0.35
2018-06-04,000981,28.82,28.25,28.82,27.86,62499,56658060.0,3.34,-1.67,-0.48,0.24
2018-06-05,000981,28.37,28.22,28.55,28.01,51289,46523344.0,1.91,-0.11,-0.03,0.2
2018-06-06,000981,28.34,28.13,28.37,27.89,46775,42243528.0,1.7,-0.32,-0.09,0.18
2018-06-07,000981,28.25,28.01,29.06,27.98,127152,116673657.0,3.84,-0.43,-0.12,0.49
2018-06-08,000981,27.41,27.77,27.95,27.41,64471,57397324.0,1.93,-0.86,-0.24,0.25
2018-06-11,000981,27.68,27.32,27.98,27.17,76545,67585720.0,2.92,-1.62,-0.45,0.3
2018-06-12,000981,27.68,29.24,29.84,27.68,167568,154636807.0,7.91,7.03,1.92,0.65
2018-06-13,000981,29.21,29.03,29.33,28.49,70577,65801109.0,2.87,-0.72,-0.21,0.27
2018-06-14,000981,28.97,29.48,29.66,28.43,98041,91660898.0,4.24,1.55,0.45,0.38
2018-06-15,000981,29.51,29.45,30.2,28.85,110412,104175993.0,4.58,-0.1,-0.03,0.43
2018-06-19,000981,28.31,26.81,29.45,26.81,238453,197646793.0,8.96,-8.96,-2.64,0.93
2018-06-20,000981,24.44,26.81,26.96,24.44,572891,412734176.0,9.4,0.0,0.0,2.23
2018-06-21,000981,25.28,25.61,26.81,24.44,366291,271806384.0,8.84,-4.48,-1.2,1.42
2018-06-22,000981,24.86,26.21,26.21,23.36,544532,384719728.0,11.13,2.34,0.6,2.12
2018-06-25,000981,25.28,26.03,26.66,25.28,338021,256594180.0,5.27,-0.69,-0.18,1.31
2018-06-26,000981,25.61,25.31,25.88,24.89,230853,170504020.0,3.8,-2.77,-0.72,0.9
2018-06-27,000981,25.16,25.01,25.46,24.68,186003,136290285.0,3.08,-1.19,-0.3,0.72
2018-06-28,000981,24.71,24.32,25.25,24.26,223035,159562565.0,3.96,-2.76,-0.69,0.87
2018-06-29,000981,24.53,25.46,26.45,24.29,195812,144089498.0,8.88,4.69,1.14,0.76
2018-07-02,000981,25.46,25.43,26.45,25.16,142804,106891536.0,5.07,-0.12,-0.03,0.55
2018-07-03,000981,25.49,25.13,25.7,25.1,100760,74546137.0,2.36,-1.18,-0.3,0.39
2018-07-04,000981,25.16,25.07,25.64,25.04,84588,62750560.0,2.39,-0.24,-0.06,0.33
2018-07-05,000981,25.04,24.71,25.46,24.62,59387,43213532.0,3.35,-1.44,-0.36,0.23
2018-07-06,000981,24.59,24.77,25.64,24.41,133905,97908926.0,4.98,0.24,0.06,0.52
2018-07-09,000981,24.65,25.76,25.91,24.65,126959,94807945.0,5.09,4.0,0.99,0.49
2018-07-10,000981,25.79,25.25,25.79,25.16,83545,61992765.0,2.45,-1.98,-0.51,0.32
2018-07-11,000981,24.71,25.16,25.19,24.71,48657,35484882.0,1.9,-0.36,-0.09,0.19
2018-07-12,000981,24.95,26.27,27.35,24.89,265024,203365687.0,9.78,4.41,1.11,1.03
2018-07-13,000981,26.36,26.66,27.56,25.88,257709,201616325.0,6.4,1.48,0.39,1.0
2018-07-16,000981,26.72,26.45,26.9,26.3,67828,52918689.0,2.25,-0.79,-0.21,0.26
2018-07-17,000981,26.33,26.21,26.51,26.06,46426,35792760.0,1.7,-0.91,-0.24,0.18
2018-07-18,000981,26.21,25.97,26.54,25.97,126067,96829464.0,2.17,-0.92,-0.24,0.49
2018-07-19,000981,25.97,26.21,26.69,25.28,431531,325160848.0,5.43,0.92,0.24,1.68
2018-07-20,000981,25.97,26.0,26.9,25.67,172764,133040014.0,4.69,-0.8,-0.21,0.67
2018-07-23,000981,25.97,25.67,26.09,25.67,84329,63835362.0,1.62,-1.27,-0.33,0.33
2018-07-24,000981,25.61,25.94,26.27,25.61,129608,98961563.0,2.57,1.05,0.27,0.5
2018-07-25,000981,25.85,25.61,26.15,25.55,81424,61317416.0,2.31,-1.27,-0.33,0.32
2018-07-26,000981,25.64,25.49,25.82,25.4,52467,39218188.0,1.64,-0.47,-0.12,0.2
2018-07-27,000981,25.49,25.25,25.55,25.25,52971,39267565.0,1.18,-0.94,-0.24,0.21
2018-07-30,000981,25.28,26.09,26.33,25.04,109388,82061281.0,5.11,3.33,0.84,0.42
2018-07-31,000981,26.15,25.85,26.21,25.7,70402,53472014.0,1.95,-0.92,-0.24,0.27
2018-08-01,000981,25.94,25.46,25.94,25.37,79995,59885004.0,2.21,-1.51,-0.39,0.31
2018-08-02,000981,25.31,25.01,25.49,24.89,95810,70166402.0,2.36,-1.77,-0.45,0.37
2018-08-03,000981,25.01,25.1,25.43,24.83,92250,67528564.0,2.4,0.36,0.09,0.36
2018-08-06,000981,25.13,25.28,25.37,24.92,72007,52942158.0,1.79,0.72,0.18,0.28
2018-08-07,000981,25.19,25.61,25.64,25.16,56815,42360147.0,1.9,1.31,0.33,0.22
2018-08-08,000981,25.61,25.55,25.85,25.43,54094,40539536.0,1.64,-0.23,-0.06,0.21
2018-08-09,000981,25.61,26.03,26.39,25.43,104738,79593618.0,3.76,1.88,0.48,0.41
2018-08-10,000981,25.94,26.12,26.33,25.79,92701,70950502.0,2.07,0.35,0.09,0.36
2018-08-13,000981,25.97,25.91,26.06,25.58,47822,36239114.0,1.84,-0.8,-0.21,0.19
2018-08-14,000981,25.79,25.49,25.79,25.22,102368,76408752.0,2.2,-1.62,-0.42,0.4
2018-08-15,000981,25.49,25.07,25.76,25.04,102205,76222163.0,2.82,-1.65,-0.42,0.4
2018-08-16,000981,25.01,24.29,25.1,24.29,142005,101728062.0,3.23,-3.11,-0.78,0.55
2018-08-17,000981,24.47,24.29,24.5,24.08,143975,101588687.0,1.73,0.0,0.0,0.56
2018-08-20,000981,24.29,23.99,24.47,23.81,114583,79903986.0,2.72,-1.24,-0.3,0.45
2018-08-21,000981,24.14,21.89,24.14,21.89,144434,95151871.0,9.38,-8.75,-2.1,0.56
2018-08-22,000981,20.0,20.0,20.0,20.0,15778,8883014.0,0.0,-8.63,-1.89,0.06
2018-11-20,000981,18.32,18.32,18.32,18.32,224092,113614644.0,0.0,-8.4,-1.68,0.87
2018-11-21,000981,17.06,16.91,17.96,16.82,1907230,892069600.0,6.22,-7.7,-1.41,7.41
2018-11-22,000981,16.61,16.28,16.73,15.95,1198056,531457552.0,4.61,-3.73,-0.63,4.65
2018-11-23,000981,16.28,16.43,16.58,16.16,701016,310086256.0,2.58,0.92,0.15,2.72
2018-11-26,000981,16.43,16.34,16.46,15.95,344580,150356050.0,3.1,-0.55,-0.09,1.34
2018-11-27,000981,16.34,16.1,16.43,16.01,287870,125691674.0,2.57,-1.47,-0.24,1.12
2018-11-28,000981,16.1,15.77,16.19,15.26,380086,159546213.0,5.78,-2.05,-0.33,1.48
2018-11-29,000981,15.59,14.81,15.74,14.69,602823,243816609.0,6.66,-6.09,-0.96,2.34
2018-11-30,000981,14.69,14.36,14.81,13.91,521965,195356073.0,6.08,-3.04,-0.45,2.03
2018-12-03,000981,14.57,14.69,14.9,14.39,503971,192833153.0,3.55,2.3,0.33,1.96
2018-12-04,000981,14.48,15.2,15.65,14.0,989448,383611856.0,11.23,3.47,0.51,3.84
2018-12-05,000981,14.81,14.87,15.17,14.69,583247,228885263.0,3.16,-2.17,-0.33,2.27
2018-12-06,000981,14.81,14.99,15.29,14.66,601752,238312471.0,4.24,0.81,0.12,2.34
2018-12-07,000981,15.02,14.69,15.11,14.57,347835,135814643.0,3.6,-2.0,-0.3,1.35
2018-12-10,000981,14.45,14.45,14.75,14.33,236135,90037982.0,2.86,-1.63,-0.24,0.92
2018-12-11,000981,14.54,14.54,14.75,14.3,296576,112462873.0,3.11,0.62,0.09,1.15
2018-12-12,000981,14.48,14.24,14.6,14.24,279682,105195270.0,2.48,-2.06,-0.3,1.09
2018-12-13,000981,14.27,14.09,14.42,14.0,337137,124313469.0,2.95,-1.05,-0.15,1.31
2018-12-14,000981,14.06,13.7,14.21,13.64,366752,132037922.0,4.05,-2.77,-0.39,1.42
2018-12-17,000981,13.61,13.22,13.64,13.13,492406,167899832.0,3.72,-3.5,-0.48,1.91
2018-12-18,000981,13.4,14.24,14.24,13.4,526355,192131496.0,6.35,7.72,1.02,2.04
2018-12-19,000981,14.51,14.96,15.23,14.39,1523028,599352752.0,5.9,5.06,0.72,5.92
2018-12-20,000981,14.57,14.36,14.75,14.27,785752,297444448.0,3.21,-4.01,-0.6,3.05
2018-12-21,000981,14.24,13.91,14.39,13.79,600958,216735771.0,4.18,-3.13,-0.45,2.33
2018-12-24,000981,13.88,13.67,13.91,13.52,448030,158304000.0,2.8,-1.73,-0.24,1.74
2018-12-25,000981,13.22,13.01,13.22,12.62,753734,245312113.0,4.39,-4.83,-0.66,2.93
2018-12-26,000981,12.86,12.71,12.92,12.59,494638,159202912.0,2.54,-2.31,-0.3,1.92
2018-12-27,000981,12.77,12.77,13.16,12.71,649154,210897368.0,3.54,0.47,0.06,2.52
2018-12-28,000981,12.62,12.47,12.89,12.41,529177,167467822.0,3.76,-2.35,-0.3,2.06
2019-01-02,000981,12.47,12.17,12.5,12.05,403299,122341775.0,3.61,-2.41,-0.3,1.57
2019-01-03,000981,12.17,12.17,12.35,12.11,338919,102869428.0,1.97,0.0,0.0,1.32
2019-01-04,000981,11.96,12.35,12.5,11.75,643766,193836507.0,6.16,1.48,0.18,2.5
2019-01-07,000981,12.44,12.41,12.56,12.26,486719,150605514.0,2.43,0.49,0.06,1.89
2019-01-08,000981,12.41,12.62,12.89,12.26,699064,220521572.0,5.08,1.69,0.21,2.72
2019-01-09,000981,12.53,12.5,12.83,12.5,662583,211240842.0,2.61,-0.95,-0.12,2.57
2019-01-10,000981,12.47,12.53,12.68,12.41,459458,144422452.0,2.16,0.24,0.03,1.78
2019-01-11,000981,12.5,12.41,12.62,12.23,410731,127310075.0,3.11,-0.96,-0.12,1.6
2019-01-14,000981,12.41,12.29,12.53,12.26,330250,101985443.0,2.18,-0.97,-0.12,1.28
2019-01-15,000981,12.26,12.29,12.35,12.11,342085,104174734.0,1.95,0.0,0.0,1.33
2019-01-16,000981,12.32,12.23,12.38,12.2,243605,74388852.0,1.46,-0.49,-0.06,0.95
2019-01-17,000981,12.2,12.14,12.23,12.08,256273,77174062.0,1.23,-0.74,-0.09,1.0
2019-01-18,000981,12.14,12.2,12.47,12.05,348723,105839401.0,3.46,0.49,0.06,1.35
2019-01-21,000981,12.2,12.26,12.38,12.11,344914,104991834.0,2.21,0.49,0.06,1.34
2019-01-22,000981,12.26,12.11,12.35,12.08,288607,87313643.0,2.2,-1.22,-0.15,1.12
2019-01-23,000981,12.05,11.87,12.08,11.84,312793,91961047.0,1.98,-1.98,-0.24,1.22
2019-01-24,000981,11.9,12.14,12.32,11.78,497360,148697970.0,4.55,2.27,0.27,1.93
2019-01-25,000981,12.08,11.75,12.08,11.72,431842,126573283.0,2.97,-3.21,-0.39,1.68
2019-01-28,000981,11.81,11.57,11.84,11.54,310734,88805693.0,2.55,-1.53,-0.18,1.21
2019-01-29,000981,11.48,11.3,11.51,10.94,292759,79774271.0,4.93,-2.33,-0.27,1.14
2019-01-30,000981,11.24,11.24,11.54,11.15,246665,67785859.0,3.45,-0.53,-0.06,0.96
2019-01-31,000981,11.18,10.94,11.3,10.85,307127,81451437.0,4.0,-2.67,-0.3,1.19
2019-02-01,000981,10.97,11.18,11.21,10.94,236802,63014568.0,2.47,2.19,0.24,0.92
2019-02-11,000981,11.21,11.42,11.48,11.21,203659,56110464.0,2.42,2.15,0.24,0.79
2019-02-12,000981,11.42,11.9,12.11,11.39,529490,153057380.0,6.3,4.2,0.48,2.06
2019-02-13,000981,11.93,11.9,11.96,11.72,332778,96879407.0,2.02,0.0,0.0,1.29
2019-02-14,000981,11.87,11.9,12.02,11.78,335047,98021736.0,2.02,0.0,0.0,1.3
2019-02-15,000981,11.87,11.99,12.17,11.81,403145,119553807.0,3.03,0.76,0.09,1.57
2019-02-18,000981,12.05,12.26,12.26,11.99,465136,140044050.0,2.25,2.25,0.27,1.81
2019-02-19,000981,12.17,12.65,13.16,12.14,1005271,319309840.0,8.32,3.18,0.39,3.91
2019-02-20,000981,12.62,12.35,12.65,12.26,550609,170927121.0,3.08,-2.37,-0.3,2.14
2019-02-21,000981,12.29,12.2,12.5,12.17,492129,151342466.0,2.67,-1.21,-0.15,1.91
2019-02-22,000981,12.17,12.68,12.8,12.14,775390,243151506.0,5.41,3.93,0.48,3.01
2019-02-25,000981,12.83,13.31,13.58,12.68,992001,332431904.0,7.1,4.97,0.63,3.85
2019-02-26,000981,13.31,14.21,14.33,13.13,1233782,445947760.0,9.02,6.76,0.9,4.79
2019-02-27,000981,13.88,14.27,14.63,13.7,1371478,502588128.0,6.54,0.42,0.06,5.33
2019-02-28,000981,14.21,13.91,14.3,13.79,678156,245461315.0,3.57,-2.52,-0.36,2.63
2019-03-01,000981,13.85,13.79,14.0,13.61,498111,176237314.0,2.8,-0.86,-0.12,1.93
2019-03-04,000981,13.7,14.15,14.45,13.61,999746,364648720.0,6.09,2.61,0.36,3.88
2019-03-05,000981,14.09,14.63,14.72,13.97,1016514,382360432.0,5.3,3.39,0.48,3.95
2019-03-06,000981,14.81,15.17,15.62,14.36,1274814,498433200.0,8.61,3.69,0.54,4.95
2019-03-07,000981,15.08,15.38,15.65,14.87,1185014,480757536.0,5.14,1.38,0.21,4.6
2019-03-08,000981,15.11,14.15,15.17,14.15,1051715,406524640.0,6.63,-8.0,-1.23,4.09
2019-03-11,000981,14.15,14.54,14.57,13.79,720806,267280831.0,5.51,2.76,0.39,2.8
2019-03-12,000981,14.69,15.68,15.68,14.57,1696201,693512720.0,7.63,7.84,1.14,6.59
2019-03-13,000981,15.68,16.94,16.94,15.44,2201236,964645984.0,9.57,8.04,1.26,8.55
2019-03-14,000981,16.85,18.32,18.32,16.37,2217067,1080340560.0,11.51,8.15,1.38,8.61
2019-03-15,000981,18.71,17.42,19.28,16.97,2558880,1267704656.0,12.61,-4.91,-0.9,9.94
2019-03-18,000981,16.61,16.61,16.94,15.98,1583420,703505168.0,5.51,-4.65,-0.81,6.15
2019-03-19,000981,16.19,17.69,17.96,16.19,1698139,784982496.0,10.66,6.5,1.08,6.6
2019-03-20,000981,17.21,16.97,17.63,16.73,1300799,609803920.0,5.09,-4.07,-0.72,5.05
2019-03-21,000981,16.79,16.82,17.36,16.52,1233480,567981488.0,4.95,-0.88,-0.15,4.79
2019-03-22,000981,16.82,16.22,17.0,16.16,943620,417731056.0,4.99,-3.57,-0.6,3.67
2019-03-25,000981,16.91,17.54,17.54,16.61,1708263,809968304.0,5.73,8.14,1.32,6.64
2019-03-26,000981,18.11,17.51,18.89,17.27,2595314,1294088096.0,9.24,-0.17,-0.03,10.08
2019-03-27,000981,17.09,16.73,17.54,16.31,1273933,580355040.0,7.02,-4.45,-0.78,4.95
2019-03-28,000981,16.34,15.62,16.49,15.38,1277457,543728608.0,6.63,-6.63,-1.11,4.96
2019-03-29,000981,15.29,15.8,15.89,15.14,865453,359633232.0,4.8,1.15,0.18,3.36
2019-04-01,000981,15.92,16.22,16.28,15.65,965340,416388688.0,3.99,2.66,0.42,3.75
2019-04-02,000981,16.25,17.54,17.54,16.01,1785378,825378688.0,9.43,8.14,1.32,6.94
2019-04-03,000981,17.78,18.11,18.86,17.06,2560820,1264016752.0,10.26,3.25,0.57,9.95
2019-04-04,000981,17.78,17.96,18.77,17.36,1901321,942980816.0,7.79,-0.83,-0.15,7.39
2019-04-08,000981,17.78,18.68,18.68,17.72,2073800,1045906864.0,5.35,4.01,0.72,8.06
2019-04-09,000981,18.71,18.98,19.16,18.14,2258349,1176829312.0,5.46,1.61,0.3,8.77
2019-04-10,000981,18.62,17.78,18.62,17.57,1752562,884533184.0,5.53,-6.32,-1.2,6.81
2019-04-11,000981,17.6,16.91,17.87,16.79,1163124,552539728.0,6.07,-4.89,-0.87,4.52
2019-04-12,000981,16.88,17.24,17.3,16.76,675944,314679264.0,3.19,1.95,0.33,2.63
2019-04-15,000981,17.39,16.64,17.51,16.61,864565,401196224.0,5.22,-3.48,-0.6,3.36
2019-04-16,000981,16.34,16.94,17.12,15.74,933439,414777424.0,8.29,1.8,0.3,3.63
2019-04-17,000981,16.85,17.03,17.36,16.67,853024,396064304.0,4.07,0.53,0.09,3.31
2019-04-18,000981,17.09,16.85,17.42,16.67,648405,302414272.0,4.4,-1.06,-0.18,2.52
2019-04-19,000981,16.61,16.61,16.82,16.34,633836,283510592.0,2.85,-1.42,-0.24,2.46
2019-04-22,000981,16.61,16.19,16.64,16.1,640851,281462640.0,3.25,-2.53,-0.42,2.49
2019-04-23,000981,16.19,15.8,16.19,15.59,547417,233341858.0,3.71,-2.41,-0.39,2.13
2019-04-24,000981,15.95,16.13,16.13,15.8,425591,182536197.0,2.09,2.09,0.33,1.65
2019-04-25,000981,16.13,15.32,16.13,15.11,737579,304931632.0,6.32,-5.02,-0.81,2.87
2019-04-26,000981,14.09,14.09,14.09,14.09,173691,63570906.0,0.0,-8.03,-1.23,0.67
2019-04-29,000981,12.98,12.98,12.98,12.98,49766,16373014.0,0.0,-7.88,-1.11,0.19
2019-05-06,000981,12.5,12.5,12.5,12.5,9881,3092753.0,0.0,-3.7,-0.48,0.04
2019-05-07,000981,12.02,12.02,12.02,12.02,11711,3478167.0,0.0,-3.84,-0.48,0.05
2019-05-08,000981,11.57,11.57,11.57,11.57,6848,1931136.0,0.0,-3.74,-0.45,0.03
2019-05-09,000981,11.15,11.15,11.15,11.15,6223,1667764.0,0.0,-3.63,-0.42,0.02
2019-05-10,000981,10.76,10.76,11.15,10.76,1654953,424716448.0,3.5,-3.5,-0.39,6.43
2019-05-13,000981,10.49,10.37,10.52,10.37,579469,140755474.0,1.39,-3.62,-0.39,2.25
2019-05-14,000981,10.01,10.01,10.1,10.01,180974,41660867.0,0.87,-3.47,-0.36,0.7
2019-05-15,000981,9.68,9.74,9.95,9.68,1225384,270911696.0,2.7,-2.7,-0.27,4.76
2019-05-16,000981,9.65,9.86,10.04,9.59,679021,152580519.0,4.62,1.23,0.12,2.64
2019-05-17,000981,9.8,9.53,9.86,9.53,731756,157518787.0,3.35,-3.35,-0.33,2.84
2019-05-20,000981,9.2,9.2,9.29,9.2,128067,26045494.0,0.94,-3.46,-0.33,0.5
2019-05-21,000981,8.9,8.9,9.02,8.9,838138,162104278.0,1.3,-3.26,-0.3,3.26
2019-05-22,000981,8.78,8.75,8.96,8.6,656036,124184175.0,4.04,-1.69,-0.15,2.55
2019-05-23,000981,8.75,8.51,8.81,8.48,577423,105823151.0,3.77,-2.74,-0.24,2.24
2019-05-24,000981,8.45,8.36,8.6,8.27,497138,87430620.0,3.88,-1.76,-0.15,1.93
2019-05-27,000981,8.42,8.63,8.63,8.27,558164,100245983.0,4.31,3.23,0.27,2.17
2019-05-28,000981,8.63,8.9,8.9,8.57,719553,137385426.0,3.82,3.13,0.27,2.8
2019-05-29,000981,8.84,8.69,8.96,8.6,573207,108060825.0,4.04,-2.36,-0.21,2.23
2019-05-30,000981,8.63,8.72,8.78,8.57,309931,57497097.0,2.42,0.35,0.03,1.2
2019-05-31,000981,8.66,8.69,8.84,8.63,311695,58539512.0,2.41,-0.34,-0.03,1.21
2019-06-03,000981,8.66,8.42,8.69,8.42,392474,70350191.0,3.11,-3.11,-0.27,1.52
2019-06-04,000981,8.33,8.24,8.42,8.15,420223,71716660.0,3.21,-2.14,-0.18,1.63
2019-06-05,000981,8.27,8.39,8.51,8.24,340876,60144800.0,3.28,1.82,0.15,1.32
2019-06-06,000981,8.39,8.27,8.42,8.18,268951,45920898.0,2.86,-1.43,-0.12,1.04
2019-06-10,000981,8.21,8.27,8.3,8.12,233681,39658217.0,2.18,0.0,0.0,0.91
2019-06-11,000981,8.21,8.45,8.51,8.21,343010,60578078.0,3.63,2.18,0.18,1.33
2019-06-12,000981,8.42,8.51,8.66,8.36,356988,64279421.0,3.55,0.71,0.06,1.39
2019-06-13,000981,8.45,8.78,8.78,8.45,446818,82654008.0,3.88,3.17,0.27,1.74
2019-06-14,000981,8.9,8.66,8.9,8.57,495476,93677297.0,3.76,-1.37,-0.12,1.92
2019-06-17,000981,8.63,8.93,8.93,8.57,452641,86906451.0,4.16,3.12,0.27,1.76
2019-06-18,000981,8.93,8.63,8.93,8.63,297327,55225237.0,3.36,-3.36,-0.3,1.15
2019-06-19,000981,8.36,8.36,8.48,8.36,252495,44310507.0,1.39,-3.13,-0.27,0.98
2019-06-20,000981,8.09,8.09,8.09,8.09,69636,11559576.0,0.0,-3.23,-0.27,0.27
2019-06-21,000981,8.09,8.27,8.33,8.09,661458,112699950.0,2.97,2.22,0.18,2.57
2019-06-24,000981,8.12,8.09,8.15,8.0,502899,83001176.0,1.81,-2.18,-0.18,1.95
2019-06-25,000981,8.09,8.27,8.3,8.03,456926,77980413.0,3.34,2.22,0.18,1.77
2019-06-26,000981,8.21,8.54,8.54,8.18,469217,83159749.0,4.35,3.26,0.27,1.82
2019-06-27,000981,8.54,8.66,8.75,8.42,532557,97037731.0,3.86,1.41,0.12,2.07
2019-06-28,000981,8.63,8.51,8.72,8.42,403742,73366454.0,3.46,-1.73,-0.15,1.57
2019-07-01,000981,8.54,8.6,8.66,8.45,374512,68221730.0,2.47,1.06,0.09,1.45
2019-07-02,000981,8.57,8.87,8.87,8.57,374477,71223087.0,3.49,3.14,0.27,1.45
2019-07-03,000981,8.96,8.84,9.08,8.78,642562,124522547.0,3.38,-0.34,-0.03,2.5
2019-07-04,000981,8.84,8.87,8.96,8.75,286751,54864655.0,2.38,0.34,0.03,1.11
2019-07-05,000981,8.87,8.78,8.9,8.57,298508,56217887.0,3.72,-1.01,-0.09,1.16
2019-07-08,000981,8.6,8.51,8.6,8.51,224074,40464037.0,1.03,-3.08,-0.27,0.87
2019-07-09,000981,8.33,8.39,8.45,8.24,256558,44602572.0,2.47,-1.41,-0.12,1.0
2019-07-10,000981,8.42,8.51,8.57,8.39,222960,40007162.0,2.15,1.43,0.12,0.87
2019-07-11,000981,8.51,8.45,8.54,8.42,164900,29455627.0,1.41,-0.71,-0.06,0.64
2019-07-12,000981,8.39,8.51,8.57,8.36,174242,31073900.0,2.49,0.71,0.06,0.68
2019-07-15,000981,8.48,8.48,8.54,8.39,205766,36678721.0,1.76,-0.35,-0.03,0.8
2019-07-16,000981,8.42,8.39,8.48,8.36,187736,33214435.0,1.42,-1.06,-0.09,0.73
2019-07-17,000981,8.42,8.33,8.42,8.27,206418,35985007.0,1.79,-0.72,-0.06,0.8
2019-07-18,000981,8.33,8.24,8.33,8.21,155696,26685023.0,1.44,-1.08,-0.09,0.6
2019-07-19,000981,8.24,8.24,8.33,8.21,97887,16826285.0,1.46,0.0,0.0,0.38
2019-07-22,000981,8.24,7.97,8.27,7.97,310919,51017966.0,3.64,-3.28,-0.27,1.21
2019-07-23,000981,7.88,8.0,8.03,7.85,152281,24563804.0,2.26,0.38,0.03,0.59
2019-07-24,000981,8.0,8.06,8.12,7.97,138237,22785293.0,1.88,0.75,0.06,0.54
2019-07-25,000981,8.18,8.09,8.21,8.06,167757,28059727.0,1.86,0.37,0.03,0.65
2019-07-26,000981,8.06,8.06,8.12,8.03,99381,16429388.0,1.11,-0.37,-0.03,0.39
2019-07-29,000981,8.03,7.94,8.06,7.94,124466,20238497.0,1.49,-1.49,-0.12,0.48
2019-07-30,000981,7.94,8.0,8.06,7.94,108545,17732471.0,1.51,0.76,0.06,0.42
2019-07-31,000981,8.12,8.24,8.24,8.12,158886,27083797.0,1.5,3.0,0.24,0.62
2019-08-01,000981,8.36,8.3,8.45,8.24,443541,77424152.0,2.55,0.73,0.06,1.72
2019-08-02,000981,8.18,8.09,8.18,8.03,289902,48001068.0,1.81,-2.53,-0.21,1.13
2019-08-05,000981,8.06,7.94,8.09,7.94,181582,29690279.0,1.85,-1.85,-0.15,0.71
2019-08-06,000981,7.76,7.73,7.79,7.7,284581,43787368.0,1.13,-2.64,-0.21,1.11
2019-08-07,000981,7.76,7.76,7.91,7.73,162316,25403407.0,2.33,0.39,0.03,0.63
2019-08-08,000981,7.79,8.0,8.0,7.76,306073,49240229.0,3.09,3.09,0.24,1.19
2019-08-09,000981,7.97,7.88,8.06,7.85,223106,35942286.0,2.63,-1.5,-0.12,0.87
2019-08-12,000981,7.88,7.88,7.94,7.82,102366,16230243.0,1.52,0.0,0.0,0.4
2019-08-13,000981,7.85,7.94,8.0,7.82,158309,25542494.0,2.28,0.76,0.06,0.61
2019-08-14,000981,7.97,7.91,8.03,7.88,135290,21776383.0,1.89,-0.38,-0.03,0.53
2019-08-15,000981,7.76,7.85,7.88,7.7,156566,24453340.0,2.28,-0.76,-0.06,0.61
2019-08-16,000981,7.82,7.82,7.88,7.79,119751,18878543.0,1.15,-0.38,-0.03,0.47
2019-08-19,000981,7.85,7.94,7.97,7.82,151402,24162149.0,1.92,1.53,0.12,0.59
2019-08-20,000981,7.91,7.91,8.0,7.88,167068,26786320.0,1.51,-0.38,-0.03,0.65
2019-08-21,000981,7.88,7.94,8.0,7.85,133006,21286695.0,1.9,0.38,0.03,0.52
2019-08-22,000981,7.94,7.94,7.97,7.88,113754,18227616.0,1.13,0.0,0.0,0.44
2019-08-23,000981,7.91,7.91,7.97,7.88,135853,21791521.0,1.13,-0.38,-0.03,0.53
2019-08-26,000981,7.85,7.85,7.94,7.82,159266,25321912.0,1.52,-0.76,-0.06,0.62
2019-08-27,000981,7.88,7.91,7.97,7.85,157077,25142132.0,1.53,0.76,0.06,0.61
2019-08-28,000981,7.91,7.88,7.94,7.85,137268,21855777.0,1.14,-0.38,-0.03,0.53
2019-08-29,000981,7.88,7.79,7.88,7.76,182530,28595331.0,1.52,-1.14,-0.09,0.71
2019-08-30,000981,7.79,7.73,7.82,7.67,185509,28638166.0,1.93,-0.77,-0.06,0.72
2019-09-02,000981,7.7,7.76,7.79,7.67,140168,21682176.0,1.55,0.39,0.03,0.54
2019-09-03,000981,7.76,7.79,7.85,7.73,152233,23785325.0,1.55,0.39,0.03,0.59
2019-09-04,000981,7.76,7.76,7.79,7.7,170275,26278256.0,1.16,-0.39,-0.03,0.66
2019-09-05,000981,7.76,7.76,7.82,7.73,203084,31611887.0,1.16,0.0,0.0,0.79
2019-09-06,000981,7.79,7.73,7.79,7.7,150495,23200972.0,1.16,-0.39,-0.03,0.58
2019-09-09,000981,7.76,7.73,7.79,7.64,329058,50214164.0,1.94,0.0,0.0,1.28
2019-09-10,000981,7.7,7.73,7.76,7.67,247547,38003950.0,1.16,0.0,0.0,0.96
2019-09-11,000981,7.73,7.73,7.76,7.7,157767,24294848.0,0.78,0.0,0.0,0.61
2019-09-12,000981,7.73,7.73,7.76,7.7,130916,20166252.0,0.78,0.0,0.0,0.51
2019-09-16,000981,7.64,7.58,7.7,7.55,381624,57339657.0,1.94,-1.94,-0.15,1.48
2019-09-17,000981,7.61,7.7,7.79,7.61,374059,57383522.0,2.37,1.58,0.12,1.45
2019-09-18,000981,7.67,7.64,7.7,7.61,213999,32348418.0,1.17,-0.78,-0.06,0.83
2019-09-19,000981,7.64,7.64,7.67,7.55,177406,26572602.0,1.57,0.0,0.0,0.69
2019-09-20,000981,7.64,7.64,7.7,7.58,175497,26449749.0,1.57,0.0,0.0,0.68
2019-09-23,000981,7.64,7.61,7.64,7.58,116153,17403542.0,0.79,-0.39,-0.03,0.45
2019-09-24,000981,7.61,7.58,7.64,7.58,120368,18035940.0,0.79,-0.39,-0.03,0.47
2019-09-25,000981,7.61,7.61,7.64,7.55,162758,24348218.0,1.19,0.4,0.03,0.63
2019-09-26,000981,7.61,7.4,7.61,7.4,351275,50882780.0,2.76,-2.76,-0.21,1.36
2019-09-27,000981,7.34,7.34,7.4,7.25,176178,24815372.0,2.03,-0.81,-0.06,0.68
2019-09-30,000981,7.31,7.28,7.37,7.28,107257,15087562.0,1.23,-0.82,-0.06,0.42
2019-10-08,000981,7.28,7.22,7.31,7.19,140391,19343303.0,1.65,-0.82,-0.06,0.55
2019-10-09,000981,7.19,7.28,7.28,7.13,200360,27310969.0,2.08,0.83,0.06,0.78
2019-10-10,000981,7.34,7.49,7.49,7.31,148850,21517176.0,2.47,2.88,0.21,0.58
2019-10-11,000981,7.55,7.43,7.61,7.34,316341,46133289.0,3.6,-0.8,-0.06,1.23
2019-10-14,000981,7.4,7.43,7.46,7.37,115344,16574150.0,1.21,0.0,0.0,0.45
2019-10-15,000981,7.4,7.28,7.43,7.28,126495,17780794.0,2.02,-2.02,-0.15,0.49
2019-10-16,000981,7.25,7.19,7.28,7.1,259692,35155346.0,2.47,-1.24,-0.09,1.01
2019-10-17,000981,7.16,7.07,7.16,7.01,180754,24098577.0,2.09,-1.67,-0.12,0.7
2019-10-18,000981,7.07,7.1,7.13,7.04,123319,16340796.0,1.27,0.42,0.03,0.48
2019-10-21,000981,7.13,7.07,7.13,7.04,88183,11641272.0,1.27,-0.42,-0.03,0.34
2019-10-22,000981,7.07,7.04,7.1,7.01,96111,12643131.0,1.27,-0.42,-0.03,0.37
2019-10-23,000981,7.04,7.04,7.07,7.01,81581,10690385.0,0.85,0.0,0.0,0.32
2019-10-24,000981,7.04,7.04,7.07,7.01,89991,11787837.0,0.85,0.0,0.0,0.35
2019-10-25,000981,7.01,6.95,7.04,6.89,213775,27288614.0,2.13,-1.28,-0.09,0.83
2019-10-28,000981,6.95,6.95,6.98,6.89,136201,17375735.0,1.29,0.0,0.0,0.53
2019-10-29,000981,6.92,6.92,6.95,6.89,112606,14317582.0,0.86,-0.43,-0.03,0.44
2019-10-30,000981,6.89,6.74,6.89,6.74,274374,33525923.0,2.17,-2.6,-0.18,1.07
2019-10-31,000981,6.8,6.83,6.92,6.8,270283,33910082.0,1.78,1.34,0.09,1.05
2019-11-01,000981,6.8,6.8,6.86,6.65,196603,23837361.0,3.07,-0.44,-0.03,0.76
2019-11-04,000981,6.83,6.74,6.83,6.74,107159,13132212.0,1.32,-0.88,-0.06,0.42
2019-11-05,000981,6.74,6.77,6.8,6.74,76743,9360423.0,0.89,0.45,0.03,0.3
2019-11-06,000981,6.77,6.95,6.95,6.74,344437,43463650.0,3.1,2.66,0.18,1.34
2019-11-07,000981,6.89,6.86,6.98,6.83,259284,32793935.0,2.16,-1.29,-0.09,1.01
2019-11-08,000981,6.89,6.89,6.98,6.86,160540,20421760.0,1.75,0.44,0.03,0.62
2019-11-11,000981,6.86,6.77,6.86,6.77,116791,14461628.0,1.31,-1.74,-0.12,0.45
2019-11-12,000981,6.77,6.95,6.95,6.77,335297,42624343.0,2.66,2.66,0.18,1.3
2019-11-13,000981,6.92,6.95,7.04,6.89,192069,24651350.0,2.16,0.0,0.0,0.75
2019-11-14,000981,6.92,6.95,7.01,6.89,128165,16347500.0,1.73,0.0,0.0,0.5
2019-11-15,000981,6.95,6.89,6.98,6.89,69306,8794632.0,1.29,-0.86,-0.06,0.27
2019-11-18,000981,6.83,6.86,6.92,6.83,110099,13767137.0,1.31,-0.44,-0.03,0.43
2019-11-19,000981,6.86,6.89,6.95,6.83,106345,13395050.0,1.75,0.44,0.03,0.41
2019-11-20,000981,6.89,6.86,6.92,6.83,118889,14921000.0,1.31,-0.44,-0.03,0.46
2019-11-21,000981,6.86,6.92,6.92,6.83,84346,10607521.0,1.31,0.87,0.06,0.33
2019-11-22,000981,6.92,7.01,7.07,6.89,232944,30246827.0,2.6,1.3,0.09,0.9
2019-11-25,000981,6.98,7.19,7.22,6.95,285162,37954959.0,3.85,2.57,0.18,1.11
2019-11-26,000981,7.25,7.1,7.25,7.07,215552,29150631.0,2.5,-1.25,-0.09,0.84
2019-11-27,000981,7.1,7.22,7.28,7.04,305194,41256799.0,3.38,1.69,0.12,1.19
2019-11-28,000981,7.19,7.28,7.37,7.16,266887,37041543.0,2.91,0.83,0.06,1.04
2019-11-29,000981,7.25,7.31,7.37,7.22,210424,29500417.0,2.06,0.41,0.03,0.82
2019-12-02,000981,7.25,7.19,7.28,7.1,214486,29295137.0,2.46,-1.64,-0.12,0.83
2019-12-03,000981,7.16,7.4,7.4,7.13,286433,40349271.0,3.76,2.92,0.21,1.11
2019-12-04,000981,7.4,7.37,7.61,7.34,437799,63537253.0,3.65,-0.41,-0.03,1.7
2019-12-05,000981,7.4,7.34,7.4,7.28,169865,23891663.0,1.63,-0.41,-0.03,0.66
2019-12-06,000981,7.34,7.43,7.49,7.31,159414,22897780.0,2.45,1.23,0.09,0.62
2019-12-09,000981,7.52,7.43,7.58,7.4,200640,29232325.0,2.42,0.0,0.0,0.78
2019-12-10,000981,7.4,7.34,7.46,7.28,158786,22515600.0,2.42,-1.21,-0.09,0.62
2019-12-11,000981,7.34,7.4,7.46,7.34,127698,18235466.0,1.63,0.82,0.06,0.5
2019-12-12,000981,7.43,7.37,7.52,7.34,161026,23227092.0,2.43,-0.41,-0.03,0.63
2019-12-13,000981,7.37,7.43,7.46,7.34,147011,20987783.0,1.63,0.81,0.06,0.57
2019-12-16,000981,7.46,7.43,7.52,7.43,135833,19704804.0,1.21,0.0,0.0,0.53
2019-12-17,000981,7.61,7.58,7.61,7.52,295892,43992199.0,1.21,2.02,0.15,1.15
2019-12-18,000981,7.55,7.79,7.79,7.52,370666,56927435.0,3.56,2.77,0.21,1.44
2019-12-19,000981,7.79,8.03,8.03,7.76,523756,85067584.0,3.47,3.08,0.24,2.03
2019-12-20,000981,8.09,7.91,8.18,7.79,480938,78004252.0,4.86,-1.49,-0.12,1.87
2019-12-23,000981,8.03,8.15,8.15,7.94,609349,101212646.0,2.65,3.03,0.24,2.37
2019-12-24,000981,8.12,8.39,8.39,8.03,507128,87346431.0,4.42,2.94,0.24,1.97
2019-12-25,000981,8.42,8.66,8.66,8.33,759798,138202925.0,3.93,3.22,0.27,2.95
2019-12-26,000981,8.66,8.93,8.93,8.6,443653,84502691.0,3.81,3.12,0.27,1.72
2019-12-27,000981,9.23,9.23,9.23,9.11,333876,67994728.0,1.34,3.36,0.3,1.3
2019-12-30,000981,9.38,8.93,9.38,8.93,749677,148353381.0,4.88,-3.25,-0.3,2.91
2019-12-31,000981,8.69,8.63,8.78,8.63,135120,24963617.0,1.68,-3.36,-0.3,0.52
2020-01-02,000981,8.36,8.78,8.87,8.36,628827,114834637.0,5.91,1.74,0.15,2.44
2020-01-03,000981,8.72,8.54,8.87,8.51,405187,74744476.0,4.1,-2.73,-0.24,1.57
2020-01-06,000981,8.6,8.51,8.69,8.36,244742,44209360.0,3.86,-0.35,-0.03,0.95
2020-01-07,000981,8.51,8.57,8.66,8.45,206672,37547064.0,2.47,0.71,0.06,0.8
2020-01-08,000981,8.54,8.54,8.66,8.48,218521,39730095.0,2.1,-0.35,-0.03,0.85
2020-01-09,000981,8.54,8.57,8.57,8.45,251326,45311616.0,1.41,0.35,0.03,0.98
2020-01-10,000981,8.42,8.48,8.63,8.39,253816,45554156.0,2.8,-1.05,-0.09,0.99
2020-01-13,000981,8.48,8.42,8.48,8.39,182210,32292187.0,1.06,-0.71,-0.06,0.71
2020-01-14,000981,8.45,8.15,8.48,8.15,389947,66744708.0,3.92,-3.21,-0.27,1.51
2020-01-15,000981,8.12,8.12,8.21,8.0,214614,35640527.0,2.58,-0.37,-0.03,0.83
2020-01-16,000981,8.12,7.88,8.12,7.88,326639,52574137.0,2.96,-2.96,-0.24,1.27
2020-01-17,000981,7.79,8.12,8.12,7.76,361121,59227600.0,4.57,3.05,0.24,1.4
2020-01-20,000981,8.15,8.21,8.36,8.09,435724,74556420.0,3.33,1.11,0.09,1.69
2020-01-21,000981,8.15,7.97,8.15,7.97,239278,39326656.0,2.19,-2.92,-0.24,0.93
2020-01-22,000981,7.94,7.94,8.03,7.82,144616,23293373.0,2.63,-0.38,-0.03,0.56
2020-01-23,000981,7.91,7.82,7.97,7.7,178131,28059101.0,3.4,-1.51,-0.12,0.69
2020-02-03,000981,7.58,7.58,7.58,7.58,6614,985486.0,0.0,-3.07,-0.24,0.03
2020-02-04,000981,7.37,7.37,7.37,7.37,38309,5439878.0,0.0,-2.77,-0.21,0.15
2020-02-05,000981,7.19,7.31,7.49,7.19,310218,43650262.0,4.07,-0.81,-0.06,1.21
2020-02-06,000981,7.28,7.31,7.34,7.22,172579,23948925.0,1.64,0.0,0.0,0.67
2020-02-07,000981,7.31,7.52,7.52,7.25,229548,32577186.0,3.69,2.87,0.21,0.89
2020-02-10,000981,7.61,7.73,7.73,7.52,223877,34158745.0,2.79,2.79,0.21,0.87
2020-02-11,000981,7.85,7.67,7.88,7.64,232492,35709858.0,3.1,-0.78,-0.06,0.9
2020-02-12,000981,7.67,7.67,7.76,7.61,121183,18490363.0,1.96,0.0,0.0,0.47
2020-02-13,000981,7.7,7.58,7.73,7.58,116608,17641638.0,1.96,-1.17,-0.09,0.45
2020-02-14,000981,7.58,7.58,7.64,7.55,98534,14709544.0,1.19,0.0,0.0,0.38
2020-02-17,000981,7.55,7.7,7.73,7.55,127192,19316181.0,2.37,1.58,0.12,0.49
2020-02-18,000981,7.73,7.79,7.82,7.67,160511,24785673.0,1.95,1.17,0.09,0.62
2020-02-19,000981,7.88,8.03,8.03,7.79,325072,52839445.0,3.08,3.08,0.24,1.26
2020-02-20,000981,8.0,8.12,8.21,7.91,355774,58719788.0,3.74,1.12,0.09,1.38
2020-02-21,000981,8.15,8.06,8.21,8.03,211423,35254276.0,2.22,-0.74,-0.06,0.82
2020-02-24,000981,8.06,7.94,8.06,7.94,181474,29454200.0,1.49,-1.49,-0.12,0.7
2020-02-25,000981,7.73,8.0,8.18,7.73,275648,44561509.0,5.67,0.76,0.06,1.07
2020-02-26,000981,7.97,7.91,8.0,7.85,200648,32193480.0,1.88,-1.13,-0.09,0.78
2020-02-27,000981,7.88,7.85,7.94,7.85,103919,16497174.0,1.14,-0.76,-0.06,0.4
2020-02-28,000981,7.76,7.61,7.79,7.61,254636,38724452.0,2.29,-3.06,-0.24,0.99
2020-03-02,000981,7.61,7.67,7.7,7.58,170201,25711671.0,1.58,0.79,0.06,0.66
2020-03-03,000981,7.7,7.64,7.73,7.64,117848,17960500.0,1.17,-0.39,-0.03,0.46
2020-03-04,000981,7.64,7.64,7.67,7.58,139452,20970239.0,1.18,0.0,0.0,0.54
2020-03-05,000981,7.67,7.79,7.85,7.64,174849,27108301.0,2.75,1.96,0.15,0.68
2020-03-06,000981,7.7,7.7,7.79,7.67,173143,26558785.0,1.54,-1.16,-0.09,0.67
2020-03-09,000981,7.64,7.52,7.67,7.52,167491,24947521.0,1.95,-2.34,-0.18,0.65
2020-03-10,000981,7.46,7.52,7.55,7.34,222026,32010682.0,2.79,0.0,0.0,0.86
2020-03-11,000981,7.52,7.55,7.67,7.49,215229,32224891.0,2.39,0.4,0.03,0.84
2020-03-12,000981,7.52,7.43,7.52,7.4,152724,22064180.0,1.59,-1.59,-0.12,0.59
2020-03-13,000981,7.25,7.43,7.43,7.22,203321,28531885.0,2.83,0.0,0.0,0.79
2020-03-16,000981,7.43,7.28,7.46,7.25,120942,17168235.0,2.83,-2.02,-0.15,0.47
2020-03-17,000981,7.25,7.28,7.37,7.07,175071,24097994.0,4.12,0.0,0.0,0.68
2020-03-18,000981,7.28,7.16,7.34,7.16,104938,14494144.0,2.47,-1.65,-0.12,0.41
2020-03-19,000981,7.13,7.19,7.22,6.98,190531,25267640.0,3.35,0.42,0.03,0.74
2020-03-20,000981,7.19,7.22,7.25,7.1,176131,23867480.0,2.09,0.42,0.03,0.68
2020-03-23,000981,7.13,7.1,7.16,7.07,106069,14142544.0,1.25,-1.66,-0.12,0.41
2020-03-24,000981,7.13,7.16,7.16,7.1,158480,21229117.0,0.85,0.85,0.06,0.62
2020-03-25,000981,7.22,7.22,7.22,7.16,98851,13459099.0,0.84,0.84,0.06,0.38
2020-03-26,000981,7.19,7.13,7.19,7.1,89164,11987797.0,1.25,-1.25,-0.09,0.35
2020-03-27,000981,7.16,7.13,7.19,7.13,55591,7487575.0,0.84,0.0,0.0,0.22
2020-03-30,000981,7.13,7.1,7.13,7.07,81141,10776563.0,0.84,-0.42,-0.03,0.32
2020-03-31,000981,7.13,7.1,7.16,7.07,64682,8624946.0,1.27,0.0,0.0,0.25
2020-04-01,000981,7.1,7.1,7.1,7.04,67973,8986835.0,0.85,0.0,0.0,0.26
2020-04-02,000981,7.07,7.07,7.1,7.01,81965,10781849.0,1.27,-0.42,-0.03,0.32
2020-04-03,000981,7.07,7.04,7.1,7.01,74643,9815547.0,1.27,-0.42,-0.03,0.29
2020-04-07,000981,7.1,7.1,7.13,7.07,80304,10678425.0,0.85,0.85,0.06,0.31
2020-04-08,000981,7.1,7.31,7.31,7.07,157145,21440077.0,3.38,2.96,0.21,0.61
2020-04-09,000981,7.37,7.31,7.46,7.31,204653,29062772.0,2.05,0.0,0.0,0.79
2020-04-10,000981,7.34,7.4,7.43,7.31,135468,19219903.0,1.64,1.23,0.09,0.53
2020-04-13,000981,7.4,7.49,7.49,7.34,105606,15158296.0,2.03,1.22,0.09,0.41
2020-04-14,000981,7.49,7.4,7.55,7.34,139783,20102949.0,2.8,-1.2,-0.09,0.54
2020-04-15,000981,7.4,7.34,7.43,7.34,88680,12619473.0,1.22,-0.81,-0.06,0.34
2020-04-16,000981,7.34,7.25,7.34,7.19,129898,17941255.0,2.04,-1.23,-0.09,0.5
2020-04-17,000981,7.25,7.34,7.43,7.25,106255,14978027.0,2.48,1.24,0.09,0.41
2020-04-20,000981,7.34,7.28,7.37,7.25,73094,10191823.0,1.63,-0.82,-0.06,0.28
2020-04-21,000981,7.25,7.22,7.31,7.19,83251,11446908.0,1.65,-0.82,-0.06,0.32
2020-04-22,000981,7.19,7.22,7.28,7.16,50375,6900530.0,1.66,0.0,0.0,0.2
2020-04-23,000981,7.25,7.22,7.28,7.19,52004,7134866.0,1.25,0.0,0.0,0.2
2020-04-24,000981,7.22,7.16,7.25,7.13,71228,9661336.0,1.66,-0.83,-0.06,0.28
2020-04-27,000981,7.19,7.13,7.22,7.13,38415,5187908.0,1.26,-0.42,-0.03,0.15
2020-04-28,000981,7.13,7.07,7.16,7.01,66349,8783300.0,2.1,-0.84,-0.06,0.26
2020-04-29,000981,7.04,7.13,7.25,7.04,81151,10938026.0,2.97,0.85,0.06,0.32
2020-04-30,000981,6.92,7.04,7.07,6.92,251780,32382019.0,2.1,-1.26,-0.09,0.98
2020-05-06,000981,7.01,7.01,7.04,6.95,72114,9354244.0,1.28,-0.43,-0.03,0.28
2020-05-07,000981,7.01,7.22,7.22,6.98,213099,28955522.0,3.42,3.0,0.21,0.83
2020-05-08,000981,7.16,7.22,7.31,7.16,123195,16905347.0,2.08,0.0,0.0,0.48
2020-05-11,000981,7.22,7.13,7.25,7.1,118717,15995150.0,2.08,-1.25,-0.09,0.46
2020-05-12,000981,7.1,7.16,7.19,7.1,81371,10960295.0,1.26,0.42,0.03,0.32
2020-05-13,000981,7.16,7.1,7.16,7.07,56502,7546623.0,1.26,-0.84,-0.06,0.22
2020-05-14,000981,7.1,7.1,7.13,7.07,67641,8974059.0,0.85,0.0,0.0,0.26
2020-05-15,000981,7.1,7.04,7.13,7.04,57259,7569646.0,1.27,-0.85,-0.06,0.22
2020-05-18,000981,7.01,7.01,7.04,6.95,78423,10179623.0,1.28,-0.43,-0.03,0.3
2020-05-19,000981,7.04,6.98,7.1,6.95,88959,11560211.0,2.14,-0.43,-0.03,0.35
2020-05-20,000981,6.98,7.01,7.04,6.98,67721,8798759.0,0.86,0.43,0.03,0.26
2020-05-21,000981,7.01,7.04,7.16,7.01,94041,12393166.0,2.14,0.43,0.03,0.37
2020-05-22,000981,7.01,6.98,7.07,6.98,67026,8716184.0,1.28,-0.85,-0.06,0.26
2020-05-25,000981,6.98,6.8,6.98,6.8,257774,31815462.0,2.58,-2.58,-0.18,1.0
2020-05-26,000981,6.77,6.83,6.86,6.74,85011,10508345.0,1.76,0.44,0.03,0.33
2020-05-27,000981,6.83,6.92,6.95,6.83,114256,14498757.0,1.76,1.32,0.09,0.44
2020-05-28,000981,6.92,7.1,7.1,6.92,249713,33101710.0,2.6,2.6,0.18,0.97
2020-05-29,000981,7.07,7.25,7.31,7.07,284286,39202567.0,3.38,2.11,0.15,1.1
2020-06-01,000981,7.28,7.22,7.28,7.13,137908,18838922.0,2.07,-0.41,-0.03,0.54
2020-06-02,000981,7.25,7.4,7.43,7.25,169380,24080613.0,2.49,2.49,0.18,0.66
2020-06-03,000981,7.46,7.37,7.49,7.31,123678,17597617.0,2.43,-0.41,-0.03,0.48
2020-06-04,000981,7.37,7.25,7.4,7.16,143000,19706001.0,3.26,-1.63,-0.12,0.56
2020-06-05,000981,7.25,7.25,7.25,7.16,85303,11638693.0,1.24,0.0,0.0,0.33
2020-06-08,000981,7.25,7.28,7.31,7.22,86325,11931084.0,1.24,0.41,0.03,0.34
2020-06-09,000981,7.25,7.22,7.28,7.19,64267,8836214.0,1.24,-0.82,-0.06,0.25
2020-06-10,000981,7.22,7.16,7.22,7.13,69753,9441674.0,1.25,-0.83,-0.06,0.27
2020-06-11,000981,7.13,7.13,7.19,7.07,69545,9302868.0,1.68,-0.42,-0.03,0.27
2020-06-12,000981,7.07,7.13,7.13,7.04,67759,8975184.0,1.26,0.0,0.0,0.26
2020-06-15,000981,7.16,7.16,7.22,7.13,77195,10453410.0,1.26,0.42,0.03,0.3
2020-06-16,000981,7.16,7.1,7.16,7.07,68590,9125409.0,1.26,-0.84,-0.06,0.27
2020-06-17,000981,7.1,7.13,7.16,7.07,54513,7281305.0,1.27,0.42,0.03,0.21
2020-06-18,000981,7.1,7.16,7.31,7.1,117686,16054786.0,2.95,0.42,0.03,0.46
2020-06-19,000981,7.16,7.07,7.16,7.07,100979,13477185.0,1.26,-1.26,-0.09,0.39
2020-06-23,000981,6.92,7.28,7.28,6.92,305234,41660038.0,5.09,2.97,0.21,1.19
2020-06-24,000981,7.37,7.34,7.37,7.22,186051,26062320.0,2.06,0.82,0.06,0.72
2020-06-29,000981,7.52,7.28,7.52,7.25,215410,30808948.0,3.68,-0.82,-0.06,0.84
2020-06-30,000981,7.28,7.19,7.31,7.07,162525,21851254.0,3.3,-1.24,-0.09,0.63
2020-07-01,000981,7.16,7.13,7.19,7.1,76776,10317503.0,1.25,-0.83,-0.06,0.3
2020-07-02,000981,7.16,7.1,7.19,7.07,110136,14722885.0,1.68,-0.42,-0.03,0.43
2020-07-03,000981,7.1,7.16,7.16,7.07,79860,10641757.0,1.27,0.85,0.06,0.31
2020-07-06,000981,7.16,7.13,7.16,7.01,362613,48126299.0,2.09,-0.42,-0.03,1.41
2020-07-07,000981,7.1,7.1,7.16,7.07,215593,28638615.0,1.26,-0.42,-0.03,0.84
2020-07-08,000981,7.1,7.07,7.1,7.04,180016,23762115.0,0.85,-0.42,-0.03,0.7
2020-07-09,000981,7.07,7.13,7.13,7.04,196329,26082242.0,1.27,0.85,0.06,0.76
2020-07-10,000981,7.1,7.1,7.13,7.07,164581,21875970.0,0.84,-0.42,-0.03,0.64
2020-07-13,000981,7.1,7.1,7.13,7.07,198045,26324083.0,0.85,0.0,0.0,0.77
2020-07-14,000981,7.1,7.31,7.31,7.04,450183,61626267.0,3.8,2.96,0.21,1.75
2020-07-15,000981,7.46,7.52,7.52,7.37,435379,63518074.0,2.05,2.87,0.21,1.69
2020-07-16,000981,7.58,7.31,7.61,7.31,480445,68477367.0,3.99,-2.79,-0.21,1.87
2020-07-17,000981,7.25,7.22,7.31,7.19,196257,27018031.0,1.64,-1.23,-0.09,0.76
2020-07-20,000981,7.25,7.28,7.4,7.22,201205,28163991.0,2.49,0.83,0.06,0.78
2020-07-21,000981,7.28,7.31,7.31,7.25,110498,15369130.0,0.82,0.41,0.03,0.43
2020-07-22,000981,7.31,7.52,7.52,7.28,378943,54919170.0,3.28,2.87,0.21,1.47
2020-07-23,000981,7.49,7.4,7.52,7.31,281673,40410068.0,2.79,-1.6,-0.12,1.09
2020-07-24,000981,7.37,7.31,7.49,7.25,251332,35695609.0,3.24,-1.22,-0.09,0.98
2020-07-27,000981,7.31,7.49,7.52,7.25,331391,48069983.0,3.69,2.46,0.18,1.29
2020-07-28,000981,7.52,7.52,7.61,7.43,187634,27571385.0,2.4,0.4,0.03,0.73
2020-07-29,000981,7.64,7.73,7.73,7.58,194296,29827323.0,1.99,2.79,0.21,0.75
2020-07-30,000981,7.94,7.97,7.97,7.88,169263,27318534.0,1.16,3.1,0.24,0.66
2020-07-31,000981,8.06,7.91,8.12,7.73,538086,86099729.0,4.89,-0.75,-0.06,2.09
2020-08-03,000981,8.0,7.94,8.03,7.82,282850,45154695.0,2.65,0.38,0.03,1.1
2020-08-04,000981,7.91,8.18,8.18,7.85,427043,71051871.0,4.16,3.02,0.24,1.66
2020-08-05,000981,8.24,8.42,8.42,8.12,277745,48412125.0,3.67,2.93,0.24,1.08
2020-08-06,000981,8.6,8.48,8.69,8.39,459210,82862339.0,3.56,0.71,0.06,1.78
2020-08-07,000981,8.42,8.42,8.57,8.36,250077,44519769.0,2.48,-0.71,-0.06,0.97
2020-08-10,000981,8.6,8.69,8.69,8.57,108612,20140799.0,1.43,3.21,0.27,0.42
2020-08-11,000981,8.96,8.96,8.96,8.96,47962,9352552.0,0.0,3.11,0.27,0.19
2020-08-12,000981,9.26,9.02,9.26,8.66,727196,141961702.0,6.7,0.67,0.06,2.82
2020-08-13,000981,8.96,9.17,9.29,8.96,392737,79277979.0,3.66,1.66,0.15,1.53
2020-08-14,000981,9.02,8.87,9.2,8.87,322247,63063530.0,3.6,-3.27,-0.3,1.25
2020-08-17,000981,8.78,8.6,8.87,8.57,449186,82752473.0,3.38,-3.04,-0.27,1.74
2020-08-18,000981,8.63,8.87,8.87,8.54,333936,62208452.0,3.84,3.14,0.27,1.3
2020-08-19,000981,8.9,9.02,9.14,8.78,305893,60043911.0,4.06,1.69,0.15,1.19
2020-08-20,000981,8.99,8.96,9.14,8.93,208832,41205217.0,2.33,-0.67,-0.06,0.81
2020-08-21,000981,8.96,9.02,9.11,8.9,191884,37710139.0,2.34,0.67,0.06,0.75
2020-08-24,000981,9.05,8.96,9.05,8.93,110376,21588497.0,1.33,-0.67,-0.06,0.43
2020-08-25,000981,9.05,8.81,9.14,8.69,211293,40614426.0,5.02,-1.67,-0.15,0.82
2020-08-26,000981,8.75,8.54,8.84,8.54,294230,53892589.0,3.41,-3.06,-0.27,1.14
2020-08-27,000981,8.51,8.69,8.81,8.39,247087,44707180.0,4.92,1.76,0.15,0.96
2020-08-28,000981,8.69,8.72,8.81,8.66,109662,20524309.0,1.73,0.35,0.03,0.43
2020-08-31,000981,8.69,8.66,8.81,8.63,139052,25965561.0,2.06,-0.69,-0.06,0.54
2020-09-01,000981,8.6,8.6,8.66,8.54,107185,19596193.0,1.39,-0.69,-0.06,0.42
2020-09-02,000981,8.63,8.51,8.66,8.48,148852,26918394.0,2.09,-1.05,-0.09,0.58
2020-09-03,000981,8.51,8.33,8.54,8.27,214008,37688577.0,3.17,-2.12,-0.18,0.83
2020-09-04,000981,8.27,8.6,8.6,8.24,298901,53904287.0,4.32,3.24,0.27,1.16
2020-09-07,000981,8.6,8.57,8.81,8.54,271699,50253035.0,3.14,-0.35,-0.03,1.06
2020-09-08,000981,8.51,8.45,8.54,8.36,225577,40173891.0,2.1,-1.4,-0.12,0.88
2020-09-09,000981,8.36,8.42,8.51,8.33,147586,26118336.0,2.13,-0.36,-0.03,0.57
2020-09-10,000981,8.42,8.3,8.48,8.24,132176,23132144.0,2.85,-1.43,-0.12,0.51
2020-09-11,000981,8.33,8.51,8.54,8.33,124590,22116549.0,2.53,2.53,0.21,0.48
2020-09-14,000981,8.57,8.63,8.75,8.57,141429,26042763.0,2.12,1.41,0.12,0.55
2020-09-15,000981,8.6,8.9,8.9,8.54,231015,43254323.0,4.17,3.13,0.27,0.9
2020-09-16,000981,8.87,8.75,8.96,8.66,169348,32149967.0,3.37,-1.69,-0.15,0.66
2020-09-17,000981,8.75,9.02,9.02,8.69,417988,81586323.0,3.77,3.09,0.27,1.62
2020-09-18,000981,8.9,8.9,8.99,8.81,237308,45816834.0,2.0,-1.33,-0.12,0.92
2020-09-21,000981,8.87,8.9,8.99,8.84,123355,23875687.0,1.69,0.0,0.0,0.48
2020-09-22,000981,8.87,8.72,8.93,8.72,165373,31494968.0,2.36,-2.02,-0.18,0.64
2020-09-23,000981,8.72,8.66,8.78,8.63,101827,18898032.0,1.72,-0.69,-0.06,0.4
2020-09-24,000981,8.63,8.51,8.69,8.48,123731,22514852.0,2.42,-1.73,-0.15,0.48
2020-09-25,000981,8.54,8.6,8.69,8.48,102335,18760145.0,2.47,1.06,0.09,0.4
2020-09-28,000981,8.63,8.72,8.87,8.57,117713,22149380.0,3.49,1.4,0.12,0.46
2020-09-29,000981,8.78,8.66,8.78,8.63,78835,14648213.0,1.72,-0.69,-0.06,0.31
2020-09-30,000981,8.63,8.72,8.78,8.6,90147,16735323.0,2.08,0.69,0.06,0.35
2020-10-09,000981,8.72,8.72,8.81,8.69,91542,17194048.0,1.38,0.0,0.0,0.36
2020-10-12,000981,8.75,8.81,8.84,8.69,114269,21601996.0,1.72,1.03,0.09,0.44
2020-10-13,000981,8.75,8.78,8.84,8.75,92856,17548411.0,1.02,-0.34,-0.03,0.36
2020-10-14,000981,8.81,8.81,8.9,8.78,83750,15969776.0,1.37,0.34,0.03,0.33
2020-10-15,000981,8.84,8.81,8.9,8.78,85985,16348980.0,1.36,0.0,0.0,0.33
2020-10-16,000981,8.81,8.66,8.84,8.63,142192,26648049.0,2.38,-1.7,-0.15,0.55
2020-10-19,000981,8.72,8.66,8.75,8.63,90185,16696658.0,1.39,0.0,0.0,0.35
2020-10-20,000981,8.72,8.69,8.75,8.63,67315,12486574.0,1.39,0.35,0.03,0.26
2020-10-21,000981,8.69,8.63,8.69,8.57,64060,11786328.0,1.38,-0.69,-0.06,0.25
2020-10-22,000981,8.6,8.57,8.63,8.54,88720,16158294.0,1.04,-0.7,-0.06,0.34
2020-10-23,000981,8.57,8.54,8.63,8.51,73618,13398882.0,1.4,-0.35,-0.03,0.29
2020-10-26,000981,8.54,8.69,8.75,8.51,114289,21150341.0,2.81,1.76,0.15,0.44
2020-10-27,000981,8.66,8.75,8.78,8.57,111234,20662964.0,2.42,0.69,0.06,0.43
2020-10-28,000981,8.78,8.66,8.81,8.57,88885,16633611.0,2.74,-1.03,-0.09,0.35
2020-10-29,000981,8.57,8.93,8.93,8.57,260840,49955026.0,4.16,3.12,0.27,1.01
2020-10-30,000981,9.2,8.99,9.2,8.93,376290,74978166.0,3.02,0.67,0.06,1.46
2020-11-02,000981,8.9,8.96,9.08,8.9,148447,29078848.0,2.0,-0.33,-0.03,0.58
2020-11-03,000981,8.93,8.84,8.96,8.69,144797,27638597.0,3.01,-1.34,-0.12,0.56
2020-11-04,000981,8.81,8.81,8.87,8.75,96184,18247796.0,1.36,-0.34,-0.03,0.37
2020-11-05,000981,8.84,8.99,9.08,8.78,160011,30900724.0,3.41,2.04,0.18,0.62
2020-11-06,000981,8.99,8.9,8.99,8.87,85697,16564638.0,1.33,-1.0,-0.09,0.33
2020-11-09,000981,8.9,8.9,8.99,8.81,102012,19680617.0,2.02,0.0,0.0,0.4
2020-11-10,000981,8.9,8.87,8.99,8.87,109967,21294311.0,1.35,-0.34,-0.03,0.43
2020-11-11,000981,8.87,8.81,8.9,8.75,111911,21312249.0,1.69,-0.68,-0.06,0.43
2020-11-12,000981,8.81,8.78,8.84,8.75,84838,16062137.0,1.02,-0.34,-0.03,0.33
2020-11-13,000981,8.78,8.81,8.9,8.75,103729,19699453.0,1.71,0.34,0.03,0.4
2020-11-16,000981,8.81,8.81,8.87,8.78,127558,24270137.0,1.02,0.0,0.0,0.5
2020-11-17,000981,8.84,8.63,8.84,8.57,155877,29274494.0,3.06,-2.04,-0.18,0.61
2020-11-18,000981,8.51,8.9,8.9,8.51,311818,58892112.0,4.52,3.13,0.27,1.21
2020-11-19,000981,8.99,8.93,9.11,8.9,276425,54286150.0,2.36,0.34,0.03,1.07
2020-11-20,000981,8.93,9.02,9.02,8.84,152465,29723500.0,2.02,1.01,0.09,0.59
2020-11-23,000981,9.02,9.08,9.17,8.96,240864,47850301.0,2.33,0.67,0.06,0.94
2020-11-24,000981,9.05,9.05,9.2,9.02,145849,29154334.0,1.98,-0.33,-0.03,0.57
2020-11-25,000981,9.05,9.35,9.35,9.02,336716,68853632.0,3.65,3.31,0.3,1.31
2020-11-26,000981,9.65,9.65,9.65,9.65,88835,19366030.0,0.0,3.21,0.3,0.35
2020-11-27,000981,9.98,9.98,9.98,9.98,23892,5471268.0,0.0,3.42,0.33,0.09
2020-11-30,000981,9.83,9.83,10.22,9.65,713427,159443345.0,5.71,-1.5,-0.15,2.77
2020-12-01,000981,9.86,10.16,10.16,9.83,335513,78324830.0,3.36,3.36,0.33,1.3
2020-12-02,000981,10.43,10.4,10.52,10.13,677244,163878886.0,3.84,2.36,0.24,2.63
2020-12-03,000981,10.46,10.46,10.64,10.34,422662,103356736.0,2.88,0.58,0.06,1.64
2020-12-04,000981,10.43,10.67,10.73,10.28,434529,106991128.0,4.3,2.01,0.21,1.69
2020-12-14,000981,10.4,10.28,10.79,10.28,396792,96737525.0,4.78,-3.66,-0.39,1.54
2020-12-15,000981,10.31,9.92,10.43,9.92,335039,77145894.0,4.96,-3.5,-0.36,1.3
2020-12-16,000981,10.22,10.25,10.25,9.92,288709,67228753.0,3.33,3.33,0.33,1.12
2020-12-17,000981,10.25,10.34,10.52,10.19,294462,71258170.0,3.22,0.88,0.09,1.14
2020-12-18,000981,10.31,10.37,10.4,10.13,156891,37485046.0,2.61,0.29,0.03,0.61
2020-12-21,000981,10.31,10.49,10.49,10.01,390139,92615074.0,4.63,1.16,0.12,1.52
2020-12-22,000981,10.37,10.28,10.55,10.25,238970,58258173.0,2.86,-2.0,-0.21,0.93
2020-12-23,000981,10.22,10.34,10.46,10.22,133719,32170138.0,2.33,0.58,0.06,0.52
2020-12-24,000981,10.34,10.25,10.4,10.19,124687,29771114.0,2.03,-0.87,-0.09,0.48
2020-12-25,000981,9.95,10.31,10.4,9.92,259081,60917324.0,4.68,0.59,0.06,1.01
2020-12-28,000981,10.01,9.95,10.28,9.95,340534,78840428.0,3.2,-3.49,-0.36,1.32
2020-12-29,000981,9.92,9.92,10.19,9.62,294229,65354645.0,5.73,-0.3,-0.03,1.14
2020-12-30,000981,9.86,9.59,9.89,9.59,220613,47919125.0,3.02,-3.33,-0.33,0.86
2020-12-31,000981,9.32,9.26,9.47,9.26,212061,43680805.0,2.19,-3.44,-0.33,0.82
2021-01-04,000981,9.02,9.23,9.41,8.96,390807,77433999.0,4.86,-0.32,-0.03,1.52
2021-01-05,000981,9.08,8.99,9.23,8.96,203132,40259906.0,2.93,-2.6,-0.24,0.79
2021-01-06,000981,9.02,9.29,9.29,8.9,225935,45120201.0,4.34,3.34,0.3,0.88
2021-01-07,000981,9.29,9.2,9.59,9.2,230514,47990310.0,4.2,-0.97,-0.09,0.9
2021-01-08,000981,9.14,9.08,9.29,8.93,118697,23800516.0,3.91,-1.3,-0.12,0.46
2021-01-11,000981,9.11,9.02,9.17,8.99,114075,22632022.0,1.98,-0.66,-0.06,0.44
2021-01-12,000981,8.99,9.29,9.32,8.99,154516,31428144.0,3.66,2.99,0.27,0.6
2021-01-13,000981,9.53,9.59,9.59,9.41,224852,48218901.0,1.94,3.23,0.3,0.87
2021-01-14,000981,9.65,9.86,9.92,9.53,257463,56768411.0,4.07,2.82,0.27,1.0
2021-01-15,000981,9.92,10.13,10.16,9.92,173122,40203934.0,2.43,2.74,0.27,0.67
2021-01-18,000981,10.19,10.49,10.49,10.19,172777,41857783.0,2.96,3.55,0.36,0.67
2021-01-19,000981,10.7,10.16,10.7,10.16,282714,68088025.0,5.15,-3.15,-0.33,1.1
2021-01-20,000981,10.04,9.95,10.19,9.86,242459,55529999.0,3.25,-2.07,-0.21,0.94
2021-01-21,000981,9.95,10.13,10.28,9.83,176383,41297114.0,4.52,1.81,0.18,0.69
2021-01-22,000981,10.04,10.1,10.31,10.04,192802,45448383.0,2.67,-0.3,-0.03,0.75
2021-01-25,000981,10.16,10.04,10.19,10.01,115687,26949850.0,1.78,-0.59,-0.06,0.45
2021-01-26,000981,10.04,9.86,10.07,9.83,122886,28006942.0,2.39,-1.79,-0.18,0.48
2021-01-27,000981,9.89,10.19,10.19,9.83,139776,32405385.0,3.65,3.35,0.33,0.54
2021-01-28,000981,10.19,10.04,10.34,10.04,139713,32969688.0,2.94,-1.47,-0.15,0.54
2021-01-29,000981,10.01,9.89,10.34,9.89,173686,40205127.0,4.48,-1.49,-0.15,0.67
2021-02-01,000981,9.56,9.56,9.77,9.56,287745,62187556.0,2.12,-3.34,-0.33,1.12
2021-02-02,000981,9.89,9.89,9.89,9.89,141341,31943145.0,0.0,3.45,0.33,0.55
2021-02-03,000981,10.22,10.22,10.22,10.22,38717,9175929.0,0.0,3.34,0.33,0.15
2021-02-04,000981,10.55,9.95,10.55,9.86,390749,91500769.0,6.75,-2.64,-0.27,1.52
2021-02-05,000981,9.95,9.86,10.01,9.8,89439,20183361.0,2.11,-0.9,-0.09,0.35
2021-02-08,000981,9.83,9.59,9.86,9.56,128098,27972866.0,3.04,-2.74,-0.27,0.5
2021-02-09,000981,9.65,9.59,9.83,9.59,98324,21538802.0,2.5,0.0,0.0,0.38
2021-02-10,000981,9.47,9.59,9.65,9.47,84615,18176853.0,1.88,0.0,0.0,0.33
2021-02-18,000981,9.71,9.68,9.83,9.59,99686,21860835.0,2.5,0.94,0.09,0.39
2021-02-19,000981,9.68,9.71,9.71,9.62,83890,18338728.0,0.93,0.31,0.03,0.33
2021-02-22,000981,9.71,9.98,10.04,9.65,240937,54698865.0,4.02,2.78,0.27,0.94
2021-02-23,000981,9.92,9.8,10.01,9.8,119018,26907343.0,2.1,-1.8,-0.18,0.46
2021-02-24,000981,9.8,9.77,9.89,9.71,96975,21641662.0,1.84,-0.31,-0.03,0.38
2021-02-25,000981,9.74,9.71,9.8,9.68,76048,16778499.0,1.23,-0.61,-0.06,0.3
2021-02-26,000981,9.65,9.62,9.71,9.59,71114,15502405.0,1.24,-0.93,-0.09,0.28
2021-03-01,000981,9.65,9.71,9.77,9.56,102581,22422233.0,2.18,0.94,0.09,0.4
2021-03-02,000981,9.71,9.71,9.77,9.65,91007,20006300.0,1.24,0.0,0.0,0.35
2021-03-03,000981,9.71,9.92,10.01,9.71,146113,32941362.0,3.09,2.16,0.21,0.57
2021-03-04,000981,9.89,9.77,9.89,9.74,109049,24390504.0,1.51,-1.51,-0.15,0.42
2021-03-05,000981,9.74,9.83,9.86,9.71,73534,16378082.0,1.54,0.61,0.06,0.29
2021-03-08,000981,9.8,9.74,10.07,9.74,154450,34832175.0,3.36,-0.92,-0.09,0.6
2021-03-09,000981,9.74,9.65,9.8,9.44,124836,27197222.0,3.7,-0.92,-0.09,0.48
2021-03-10,000981,9.65,9.65,9.74,9.59,71586,15616243.0,1.55,0.0,0.0,0.28
2021-03-11,000981,9.62,9.65,9.68,9.59,75966,16546149.0,0.93,0.0,0.0,0.3
2021-03-12,000981,9.65,9.71,9.77,9.65,77293,17000023.0,1.24,0.62,0.06,0.3
2021-03-15,000981,9.68,9.71,9.77,9.65,86879,19103424.0,1.24,0.0,0.0,0.34
2021-03-16,000981,9.68,9.86,9.86,9.65,111876,24878232.0,2.16,1.54,0.15,0.43
2021-03-17,000981,9.83,9.8,9.92,9.8,73146,16431507.0,1.22,-0.61,-0.06,0.28
2021-03-18,000981,9.8,9.77,9.86,9.77,90177,20137724.0,0.92,-0.31,-0.03,0.35
2021-03-19,000981,9.74,9.71,9.77,9.68,106800,23525199.0,0.92,-0.61,-0.06,0.41
2021-03-22,000981,9.74,9.86,9.89,9.68,123744,27609772.0,2.16,1.54,0.15,0.48
2021-03-23,000981,9.86,9.68,9.89,9.59,157166,34729282.0,3.04,-1.83,-0.18,0.61
2021-03-24,000981,9.65,9.44,9.71,9.35,185632,39862092.0,3.72,-2.48,-0.24,0.72
2021-03-25,000981,9.44,9.35,9.5,9.29,142715,29854565.0,2.22,-0.95,-0.09,0.55
2021-03-26,000981,9.35,9.56,9.62,9.32,103938,22181906.0,3.21,2.25,0.21,0.4
2021-03-29,000981,9.59,9.89,9.89,9.59,258336,57965451.0,3.14,3.45,0.33,1.0
2021-03-30,000981,9.89,9.62,9.89,9.56,321618,70129586.0,3.34,-2.73,-0.27,1.25
2021-03-31,000981,9.59,9.41,9.71,9.38,140638,30127544.0,3.43,-2.18,-0.21,0.55
2021-04-01,000981,9.38,9.56,9.62,9.35,123368,26084783.0,2.87,1.59,0.15,0.48
2021-04-02,000981,9.23,9.26,9.35,9.23,396622,81076657.0,1.26,-3.14,-0.3,1.54
2021-04-06,000981,9.26,9.29,9.41,9.23,149024,30840381.0,1.94,0.32,0.03,0.58
2021-04-07,000981,9.32,9.32,9.38,9.26,123832,25630452.0,1.29,0.32,0.03,0.48
2021-04-08,000981,9.35,9.14,9.35,9.05,189755,38504264.0,3.22,-1.93,-0.18,0.74
2021-04-09,000981,9.11,9.17,9.2,9.08,76931,15464202.0,1.31,0.33,0.03,0.3
2021-04-12,000981,9.17,9.08,9.2,9.05,127488,25492221.0,1.64,-0.98,-0.09,0.5
2021-04-13,000981,9.05,8.99,9.08,8.93,115690,22712094.0,1.65,-0.99,-0.09,0.45
2021-04-14,000981,8.96,9.08,9.2,8.9,174013,34402725.0,3.34,1.0,0.09,0.68
2021-04-15,000981,8.99,9.23,9.35,8.99,249326,50487772.0,3.96,1.65,0.15,0.97
2021-04-16,000981,9.2,9.29,9.35,9.17,129113,26495644.0,1.95,0.65,0.06,0.5
2021-04-19,000981,9.26,9.11,9.29,9.11,137320,27804856.0,1.94,-1.94,-0.18,0.53
2021-04-20,000981,9.05,9.02,9.2,8.99,134156,26675284.0,2.31,-0.99,-0.09,0.52
2021-04-21,000981,9.02,9.05,9.11,8.99,83408,16544669.0,1.33,0.33,0.03,0.32
2021-04-22,000981,9.05,8.99,9.11,8.96,91808,18067187.0,1.66,-0.66,-0.06,0.36
2021-04-23,000981,8.96,9.05,9.05,8.96,69920,13742924.0,1.0,0.67,0.06,0.27
2021-04-26,000981,9.05,8.84,9.05,8.81,182232,35434860.0,2.65,-2.32,-0.21,0.71
2021-04-27,000981,8.75,8.54,8.75,8.54,239833,43780853.0,2.38,-3.39,-0.3,0.93
2021-04-28,000981,8.45,8.54,8.63,8.45,112998,20476303.0,2.11,0.0,0.0,0.44
2021-04-29,000981,8.54,8.36,8.6,8.36,134666,23992588.0,2.81,-2.11,-0.18,0.52
2021-04-30,000981,8.45,8.54,8.6,8.39,88266,15920543.0,2.51,2.15,0.18,0.34
2021-05-06,000981,8.54,8.6,8.63,8.51,81470,14853433.0,1.41,0.7,0.06,0.32
2021-05-07,000981,8.51,8.48,8.54,8.39,99449,17840838.0,1.74,-1.4,-0.12,0.39
2021-05-10,000981,8.45,8.42,8.48,8.36,72595,12859814.0,1.42,-0.71,-0.06,0.28
2021-05-11,000981,8.45,8.69,8.69,8.42,146062,26678363.0,3.21,3.21,0.27,0.57
2021-05-12,000981,8.72,8.66,8.75,8.57,106743,19681309.0,2.07,-0.35,-0.03,0.41
2021-05-13,000981,8.6,8.57,8.66,8.54,91293,16700729.0,1.39,-1.04,-0.09,0.35
2021-05-14,000981,8.57,8.6,8.66,8.51,116962,21375116.0,1.75,0.35,0.03,0.45
2021-05-17,000981,8.51,8.36,8.51,8.33,147144,25833928.0,2.09,-2.79,-0.24,0.57
2021-05-18,000981,8.36,8.39,8.45,8.36,60624,10705903.0,1.08,0.36,0.03,0.24
2021-05-19,000981,8.39,8.54,8.66,8.39,93102,16965010.0,3.22,1.79,0.15,0.36
2021-05-20,000981,8.6,8.57,8.66,8.48,54693,9916661.0,2.11,0.35,0.03,0.21
2021-05-21,000981,8.54,8.51,8.54,8.48,52911,9507211.0,0.7,-0.7,-0.06,0.21
2021-05-24,000981,8.48,8.63,8.72,8.48,80573,14699828.0,2.82,1.41,0.12,0.31
2021-05-25,000981,8.63,8.63,8.78,8.63,100005,18572860.0,1.74,0.0,0.0,0.39
2021-05-26,000981,8.66,8.72,8.75,8.63,74220,13834884.0,1.39,1.04,0.09,0.29
2021-05-27,000981,8.72,8.69,8.78,8.69,62968,11762908.0,1.03,-0.34,-0.03,0.24
2021-05-28,000981,8.72,8.6,8.72,8.54,94092,17302215.0,2.07,-1.04,-0.09,0.37
2021-05-31,000981,8.6,8.6,8.63,8.54,73936,13533508.0,1.05,0.0,0.0,0.29
2021-06-01,000981,8.57,8.69,8.72,8.57,90271,16681236.0,1.74,1.05,0.09,0.35
2021-06-02,000981,8.66,8.87,8.96,8.63,180041,34299268.0,3.8,2.07,0.18,0.7
2021-06-03,000981,8.81,9.14,9.17,8.81,239652,47598991.0,4.06,3.04,0.27,0.93
2021-06-04,000981,9.11,9.29,9.41,9.05,217341,44582065.0,3.94,1.64,0.15,0.84
2021-06-07,000981,9.23,9.26,9.53,9.2,150188,31122924.0,3.55,-0.32,-0.03,0.58
2021-06-08,000981,9.23,9.44,9.47,9.23,128177,26493180.0,2.59,1.94,0.18,0.5
2021-06-09,000981,9.44,9.35,9.56,9.32,108264,22694347.0,2.54,-0.95,-0.09,0.42
2021-06-10,000981,9.35,9.17,9.35,9.11,135817,27675306.0,2.57,-1.93,-0.18,0.53
2021-06-11,000981,9.2,9.29,9.35,9.17,85317,17511525.0,1.96,1.31,0.12,0.33
2021-06-15,000981,9.29,9.23,9.32,9.14,63212,12887260.0,1.94,-0.65,-0.06,0.25
2021-06-16,000981,9.26,9.02,9.26,9.02,105808,21247006.0,2.6,-2.28,-0.21,0.41
2021-06-17,000981,8.99,9.32,9.32,8.96,136959,27831142.0,3.99,3.33,0.3,0.53
2021-06-18,000981,9.56,9.35,9.59,9.32,231730,49105560.0,2.9,0.32,0.03,0.9
2021-06-21,000981,9.35,9.5,9.62,9.29,122348,26010660.0,3.53,1.6,0.15,0.48
2021-06-22,000981,9.47,9.44,9.5,9.41,63200,13373138.0,0.95,-0.63,-0.06,0.25
2021-06-23,000981,9.26,9.23,9.32,9.11,250609,50893988.0,2.22,-2.22,-0.21,0.97
2021-06-24,000981,9.26,9.23,9.35,9.11,149266,30384481.0,2.6,0.0,0.0,0.58
2021-06-25,000981,9.26,9.32,9.41,9.26,117521,24283576.0,1.63,0.98,0.09,0.46
2021-06-28,000981,9.32,9.2,9.32,9.14,102995,20912006.0,1.93,-1.29,-0.12,0.4
2021-06-29,000981,9.17,9.23,9.29,9.14,96675,19720561.0,1.63,0.33,0.03,0.38
2021-06-30,000981,9.2,9.11,9.26,9.11,125093,25328037.0,1.63,-1.3,-0.12,0.49
2021-07-01,000981,9.11,8.93,9.17,8.93,139667,27519947.0,2.63,-1.98,-0.18,0.54
2021-07-02,000981,8.99,8.99,9.08,8.9,98119,19206486.0,2.02,0.67,0.06,0.38
2021-07-05,000981,8.99,9.14,9.17,8.93,118833,23518382.0,2.67,1.67,0.15,0.46
2021-07-06,000981,9.14,9.2,9.29,9.14,113636,23084898.0,1.64,0.66,0.06,0.44
2021-07-07,000981,9.14,9.23,9.26,9.11,92183,18730134.0,1.63,0.33,0.03,0.36
2021-07-08,000981,9.23,9.29,9.35,9.17,147783,30420978.0,1.95,0.65,0.06,0.57
2021-07-09,000981,9.29,9.44,9.44,9.26,144180,30115629.0,1.94,1.61,0.15,0.56
2021-07-12,000981,9.44,9.23,9.44,9.23,175781,36399100.0,2.22,-2.22,-0.21,0.68
2021-07-13,000981,9.2,9.2,9.29,9.17,101934,20750783.0,1.3,-0.33,-0.03,0.4
2021-07-14,000981,9.23,9.11,9.23,9.08,93272,18725439.0,1.63,-0.98,-0.09,0.36
2021-07-15,000981,9.05,9.14,9.17,9.02,90028,17973120.0,1.65,0.33,0.03,0.35
2021-07-16,000981,9.11,9.08,9.17,9.02,81186,16179152.0,1.64,-0.66,-0.06,0.32
2021-07-19,000981,9.26,9.32,9.38,9.26,242272,50269558.0,1.32,2.64,0.24,0.94
2021-07-20,000981,9.23,9.14,9.23,9.05,170654,34308075.0,1.93,-1.93,-0.18,0.66
2021-07-21,000981,9.11,9.08,9.17,9.05,97937,19577501.0,1.31,-0.66,-0.06,0.38
2021-07-22,000981,9.08,9.11,9.17,9.05,100831,20157921.0,1.32,0.33,0.03,0.39
2021-07-23,000981,9.11,9.05,9.14,9.02,112556,22316752.0,1.32,-0.66,-0.06,0.44
2021-07-26,000981,9.08,9.05,9.26,9.02,130059,25986362.0,2.65,0.0,0.0,0.51
2021-07-27,000981,9.08,9.05,9.17,9.05,119617,23828161.0,1.33,0.0,0.0,0.46
2021-07-28,000981,9.08,8.99,9.08,8.9,117601,22960513.0,1.99,-0.66,-0.06,0.46
2021-07-29,000981,9.02,8.99,9.02,8.96,69897,13719231.0,0.67,0.0,0.0,0.27
2021-07-30,000981,9.02,8.96,9.02,8.93,71677,13964299.0,1.0,-0.33,-0.03,0.28
2021-08-02,000981,8.93,8.99,9.02,8.9,98205,19175742.0,1.34,0.33,0.03,0.38
2021-08-03,000981,8.96,8.93,8.99,8.9,85198,16538699.0,1.0,-0.67,-0.06,0.33
2021-08-04,000981,8.9,8.84,8.93,8.72,135941,26005556.0,2.35,-1.01,-0.09,0.53
2021-08-05,000981,8.81,8.78,8.84,8.72,90167,17072504.0,1.36,-0.68,-0.06,0.35
2021-08-06,000981,8.78,8.84,8.93,8.75,79662,15219049.0,2.05,0.68,0.06,0.31
2021-08-09,000981,8.84,8.87,8.87,8.78,67136,12822569.0,1.02,0.34,0.03,0.26
2021-08-10,000981,8.84,8.99,9.02,8.81,100603,19506241.0,2.37,1.35,0.12,0.39
2021-08-11,000981,8.99,9.11,9.2,8.96,111064,22211200.0,2.67,1.33,0.12,0.43
2021-08-12,000981,9.08,9.05,9.11,9.02,93022,18441275.0,0.99,-0.66,-0.06,0.36
2021-08-13,000981,9.05,9.08,9.11,9.02,79762,15826994.0,0.99,0.33,0.03,0.31
2021-08-16,000981,9.08,9.14,9.2,9.05,89418,17954097.0,1.65,0.66,0.06,0.35
2021-08-17,000981,9.11,9.08,9.17,9.05,118199,23609289.0,1.31,-0.66,-0.06,0.46
2021-08-18,000981,9.05,9.38,9.38,9.05,277733,57136739.0,3.63,3.3,0.3,1.08
2021-08-19,000981,9.44,9.44,9.56,9.32,235290,49567938.0,2.56,0.64,0.06,0.91
2021-08-20,000981,9.47,9.77,9.77,9.44,338372,74236364.0,3.5,3.5,0.33,1.31
2021-08-23,000981,10.01,10.1,10.1,9.83,138414,31904691.0,2.76,3.38,0.33,0.54
2021-08-24,000981,10.46,10.46,10.46,10.46,25096,6148520.0,0.0,3.56,0.36,0.1
2021-08-25,000981,10.76,10.43,10.76,10.19,650177,159573348.0,5.45,-0.29,-0.03,2.53
2021-08-26,000981,10.55,10.79,10.79,10.55,281261,71775645.0,2.3,3.45,0.36,1.09
2021-08-27,000981,10.97,10.82,11.15,10.61,555027,143793151.0,5.0,0.28,0.03,2.16
2021-08-30,000981,10.67,10.43,10.76,10.43,369999,91578395.0,3.05,-3.6,-0.39,1.44
2021-08-31,000981,10.31,10.79,10.79,10.31,287029,71132671.0,4.6,3.45,0.36,1.11
2021-09-01,000981,10.91,10.7,11.09,10.64,277540,71524836.0,4.17,-0.83,-0.09,1.08
2021-09-02,000981,10.94,11.09,11.09,10.79,400244,105405658.0,2.8,3.64,0.39,1.55
2021-09-03,000981,11.09,11.03,11.36,10.91,320093,85331263.0,4.06,-0.54,-0.06,1.24
2021-09-06,000981,10.97,10.79,11.09,10.64,230648,59209350.0,4.08,-2.18,-0.24,0.9
2021-09-07,000981,10.73,11.03,11.18,10.73,188667,49704680.0,4.17,2.22,0.24,0.73
2021-09-08,000981,11.06,11.12,11.36,11.0,156556,41925542.0,3.26,0.82,0.09,0.61
2021-09-09,000981,11.21,10.94,11.27,10.88,232236,61416021.0,3.51,-1.62,-0.18,0.9
2021-09-10,000981,10.91,11.03,11.15,10.82,147082,38695316.0,3.02,0.82,0.09,0.57
2021-09-13,000981,11.12,11.42,11.42,11.06,184912,50180217.0,3.26,3.54,0.39,0.72
2021-09-14,000981,11.63,11.81,11.84,11.51,480182,138196729.0,2.89,3.42,0.39,1.87
2021-09-15,000981,11.66,11.99,12.17,11.39,398954,114413881.0,6.6,1.52,0.18,1.55
2021-09-16,000981,11.81,11.72,12.02,11.69,202146,58566272.0,2.75,-2.25,-0.27,0.79
2021-09-17,000981,11.72,11.54,11.9,11.45,219377,62640502.0,3.84,-1.54,-0.18,0.85
2021-09-22,000981,11.48,11.66,11.93,11.36,172055,49148821.0,4.94,1.04,0.12,0.67
2021-09-23,000981,11.63,11.54,11.78,11.54,153293,43337856.0,2.06,-1.03,-0.12,0.6
2021-09-24,000981,11.54,11.45,11.69,11.12,300440,82439106.0,4.94,-0.78,-0.09,1.17
2021-09-27,000981,11.45,11.03,11.57,11.03,299924,80818621.0,4.72,-3.67,-0.42,1.17
2021-09-28,000981,10.91,11.33,11.33,10.64,415559,108145032.0,6.26,2.72,0.3,1.61
2021-09-29,000981,11.3,11.75,11.75,11.27,275496,78043738.0,4.24,3.71,0.42,1.07
2021-09-30,000981,12.17,11.75,12.17,11.6,564773,166023581.0,4.85,0.0,0.0,2.19
2021-10-08,000981,11.39,11.36,11.69,11.33,405405,112628271.0,3.06,-3.32,-0.39,1.57
2021-10-11,000981,11.33,11.21,11.33,11.03,341676,91993885.0,2.64,-1.32,-0.15,1.33
2021-10-12,000981,11.21,11.48,11.63,11.18,298534,83288610.0,4.01,2.41,0.27,1.16
2021-10-13,000981,11.3,11.12,11.39,11.06,270115,72996839.0,2.87,-3.14,-0.36,1.05
2021-10-14,000981,11.21,11.3,11.42,11.06,189644,51563874.0,3.24,1.62,0.18,0.74
2021-10-15,000981,11.24,11.39,11.48,11.15,171267,47117848.0,2.92,0.8,0.09,0.67
2021-10-18,000981,11.39,11.51,11.63,11.33,185023,51523873.0,2.63,1.05,0.12,0.72
2021-10-19,000981,11.54,11.57,11.66,11.51,137068,38731347.0,1.3,0.52,0.06,0.53
2021-10-20,000981,11.45,11.3,11.54,11.18,256530,70582199.0,3.11,-2.33,-0.27,1.0
2021-10-21,000981,11.21,11.18,11.27,11.09,126975,34190713.0,1.59,-1.06,-0.12,0.49
2021-10-22,000981,11.18,11.0,11.24,10.97,146103,38667639.0,2.42,-1.61,-0.18,0.57
2021-10-25,000981,11.09,11.09,11.24,11.0,169993,45462327.0,2.18,0.82,0.09,0.66
2021-10-26,000981,11.06,11.06,11.12,10.94,107087,28265865.0,1.62,-0.27,-0.03,0.42
2021-10-27,000981,11.12,11.27,11.39,11.12,153785,41811043.0,2.44,1.9,0.21,0.6
2021-10-28,000981,11.21,11.18,11.33,11.09,97608,26280872.0,2.13,-0.8,-0.09,0.38
2021-10-29,000981,11.18,11.27,11.27,11.15,85937,23211460.0,1.07,0.81,0.09,0.33
2021-11-01,000981,11.33,11.63,11.69,11.3,269795,75725493.0,3.46,3.19,0.36,1.05
2021-11-02,000981,11.54,11.63,11.87,11.51,212891,60612357.0,3.1,0.0,0.0,0.83
2021-11-03,000981,11.63,11.81,11.96,11.54,209274,60360089.0,3.61,1.55,0.18,0.81
2021-11-04,000981,11.81,11.39,11.84,11.39,281091,79379552.0,3.81,-3.56,-0.42,1.09
2021-11-05,000981,11.42,11.6,11.63,11.09,248040,68550426.0,4.74,1.84,0.21,0.96
2021-11-08,000981,11.57,11.69,11.75,11.51,198104,56323501.0,2.07,0.78,0.09,0.77
2021-11-09,000981,11.78,11.63,11.9,11.6,232331,66615427.0,2.57,-0.51,-0.06,0.9
2021-11-10,000981,11.63,11.6,11.75,11.51,179493,51029919.0,2.06,-0.26,-0.03,0.7
2021-11-11,000981,11.66,11.84,11.87,11.21,415331,117557531.0,5.69,2.07,0.24,1.61
2021-11-12,000981,12.29,12.29,12.29,12.29,88050,26943183.0,0.0,3.8,0.45,0.34
2021-11-15,000981,12.74,12.74,12.74,12.74,13038,4185198.0,0.0,3.66,0.45,0.05
2021-11-16,000981,13.22,12.29,13.22,12.26,1076435,339742832.0,7.54,-3.53,-0.45,4.18
2021-11-17,000981,12.38,12.47,12.68,12.29,460281,143403260.0,3.17,1.46,0.18,1.79
2021-11-18,000981,12.44,12.56,12.65,12.23,316438,98811313.0,3.37,0.72,0.09,1.23
2021-11-19,000981,12.59,13.04,13.04,12.5,283802,91744298.0,4.3,3.82,0.48,1.1
2021-11-22,000981,13.01,12.95,13.01,12.59,404324,130696040.0,3.22,-0.69,-0.09,1.57
2021-11-23,000981,12.89,13.19,13.43,12.8,296011,99029121.0,4.86,1.85,0.24,1.15
2021-11-24,000981,13.37,13.64,13.7,13.28,487246,170326611.0,3.18,3.41,0.45,1.89
2021-11-25,000981,13.46,13.91,14.09,13.37,413916,146683923.0,5.28,1.98,0.27,1.61
2021-11-26,000981,14.15,14.45,14.45,13.97,586848,219030156.0,3.45,3.88,0.54,2.28
2021-11-29,000981,14.21,14.24,14.6,14.03,358908,133706562.0,3.94,-1.45,-0.21,1.39
2021-11-30,000981,14.06,14.42,14.57,13.76,395198,144860921.0,5.69,1.26,0.18,1.54
2021-12-01,000981,14.36,14.39,14.6,14.3,216238,81636943.0,2.08,-0.21,-0.03,0.84
2021-12-02,000981,14.39,14.84,14.93,14.21,295304,114085640.0,5.0,3.13,0.45,1.15
2021-12-03,000981,14.78,14.81,15.23,14.78,324502,128015895.0,3.03,-0.2,-0.03,1.26
2021-12-06,000981,14.81,14.48,14.9,14.45,247228,95071835.0,3.04,-2.23,-0.33,0.96
2021-12-07,000981,14.39,13.97,14.51,13.97,300972,111027124.0,3.73,-3.52,-0.51,1.17
2021-12-08,000981,14.09,14.51,14.51,14.06,275235,102965255.0,3.22,3.87,0.54,1.07
2021-12-09,000981,14.51,14.48,14.93,14.45,248331,95548664.0,3.31,-0.21,-0.03,0.96
2021-12-10,000981,14.39,14.69,14.78,14.27,167847,64079966.0,3.52,1.45,0.21,0.65
2021-12-13,000981,14.57,14.84,15.05,14.54,241718,94168660.0,3.47,1.02,0.15,0.94
2021-12-14,000981,14.93,14.39,14.96,14.36,256999,98379789.0,4.04,-3.03,-0.45,1.0
2021-12-15,000981,14.39,14.3,14.57,14.18,160534,60179233.0,2.71,-0.63,-0.09,0.62
2021-12-16,000981,14.3,14.03,14.36,13.88,208760,76381104.0,3.36,-1.89,-0.27,0.81
2021-12-17,000981,14.03,14.21,14.36,13.85,155736,57451358.0,3.64,1.28,0.18,0.6
2021-12-20,000981,14.18,14.18,14.36,14.09,95715,35419258.0,1.9,-0.21,-0.03,0.37
2021-12-21,000981,14.24,14.6,14.63,14.21,155108,58694987.0,2.96,2.96,0.42,0.6
2021-12-22,000981,14.6,14.6,14.78,14.54,132755,51086304.0,1.64,0.0,0.0,0.52
2021-12-23,000981,14.57,14.69,14.81,14.45,181060,69646219.0,2.47,0.62,0.09,0.7
2021-12-24,000981,14.72,14.39,14.96,14.36,249120,94964986.0,4.08,-2.04,-0.3,0.97
2021-12-27,000981,14.24,13.82,14.3,13.82,234512,84585630.0,3.34,-3.96,-0.57,0.91
2021-12-28,000981,13.61,13.28,13.85,13.28,298988,103013974.0,4.12,-3.91,-0.54,1.16
2021-12-29,000981,13.28,13.46,13.61,12.86,175151,59486867.0,5.65,1.36,0.18,0.68
2021-12-30,000981,13.4,13.34,13.55,13.31,104857,36025645.0,1.78,-0.89,-0.12,0.41
2021-12-31,000981,13.31,13.19,13.37,13.13,93388,31477414.0,1.8,-1.12,-0.15,0.36
2022-01-04,000981,13.19,12.68,13.19,12.68,254509,82157155.0,3.87,-3.87,-0.51,0.99
2022-01-05,000981,12.68,12.89,13.04,12.35,199009,63548418.0,5.44,1.66,0.21,0.77
2022-01-06,000981,12.89,12.86,13.01,12.74,76788,25002511.0,2.09,-0.23,-0.03,0.3
2022-01-07,000981,12.92,12.95,13.04,12.68,121843,39676487.0,2.8,0.7,0.09,0.47
2022-01-10,000981,13.04,13.43,13.43,12.92,182048,61475431.0,3.94,3.71,0.48,0.71
2022-01-11,000981,13.4,13.31,13.67,13.25,164722,56685929.0,3.13,-0.89,-0.12,0.64
2022-01-12,000981,13.28,13.16,13.31,13.07,96264,32296698.0,1.8,-1.13,-0.15,0.37
2022-01-13,000981,13.13,12.89,13.19,12.77,109921,36164670.0,3.19,-2.05,-0.27,0.43
2022-01-14,000981,12.86,12.92,12.95,12.8,58872,19173236.0,1.16,0.23,0.03,0.23
2022-01-17,000981,12.89,12.65,12.89,12.62,98060,31264033.0,2.09,-2.09,-0.27,0.38
2022-01-18,000981,12.68,12.56,12.71,12.47,58384,18443910.0,1.9,-0.71,-0.09,0.23
2022-01-19,000981,12.53,12.29,12.53,12.2,117794,36239829.0,2.63,-2.15,-0.27,0.46
2022-01-20,000981,12.2,12.26,12.5,12.14,96400,29527084.0,2.93,-0.24,-0.03,0.37
2022-01-21,000981,12.26,12.08,12.29,12.02,85614,25699080.0,2.2,-1.47,-0.18,0.33
2022-01-24,000981,12.2,12.53,12.53,12.2,132540,41174760.0,2.73,3.73,0.45,0.51
2022-01-25,000981,12.56,12.38,12.8,12.35,118160,37300217.0,3.59,-1.2,-0.15,0.46
2022-01-26,000981,12.38,12.5,12.59,12.29,77302,24098528.0,2.42,0.97,0.12,0.3
2022-01-27,000981,12.5,12.47,12.65,12.44,70914,22252162.0,1.68,-0.24,-0.03,0.28
2022-01-28,000981,12.5,12.71,12.92,12.44,71582,22700404.0,3.85,1.92,0.24,0.28
2022-02-07,000981,12.44,12.68,12.86,12.44,68479,21787597.0,3.3,-0.24,-0.03,0.27
2022-02-08,000981,12.68,12.71,12.77,12.65,47706,15273213.0,0.95,0.24,0.03,0.19
2022-02-09,000981,12.71,12.71,12.77,12.65,56259,18026488.0,0.94,0.0,0.0,0.22
2022-02-10,000981,12.77,12.86,12.95,12.71,79871,25869067.0,1.89,1.18,0.15,0.31
2022-02-11,000981,12.83,13.16,13.28,12.8,98726,32713809.0,3.73,2.33,0.3,0.38
2022-02-14,000981,13.16,13.19,13.4,13.04,84476,28525627.0,2.74,0.23,0.03,0.33
2022-02-15,000981,13.19,13.13,13.19,13.04,60149,20062739.0,1.14,-0.45,-0.06,0.23
2022-02-16,000981,13.34,13.64,13.64,13.34,78665,27315080.0,2.28,3.88,0.51,0.31
2022-02-17,000981,14.09,13.55,14.15,13.34,329282,117531592.0,5.94,-0.66,-0.09,1.28
2022-02-18,000981,13.61,13.61,13.88,13.4,314076,110191112.0,3.54,0.44,0.06,1.22
2022-02-25,000981,13.11,13.11,13.11,13.11,29922,5984400.0,0.0,-3.67,-0.5,0.05
2022-02-28,000981,12.61,12.61,12.61,12.61,8164,1551160.0,0.0,-3.81,-0.5,0.01
2022-03-01,000981,12.16,12.16,12.16,12.16,12515,2265215.0,0.0,-3.57,-0.45,0.02
2022-03-02,000981,11.71,11.71,11.71,11.71,37166,6392552.0,0.0,-3.7,-0.45,0.07
2022-03-03,000981,11.31,11.26,11.51,11.26,3004379,491647280.0,2.13,-3.84,-0.45,5.41
2022-03-04,000981,11.06,10.96,11.21,10.86,1910907,299867632.0,3.11,-2.66,-0.3,3.44
2022-03-07,000981,11.36,11.36,11.36,11.21,2039772,336136624.0,1.37,3.65,0.4,3.67
2022-03-08,000981,11.41,11.31,11.76,11.16,2227136,371667024.0,5.28,-0.44,-0.05,4.01
2022-03-09,000981,11.51,10.96,11.51,10.91,1563354,250845128.0,5.31,-3.09,-0.35,2.81
2022-03-10,000981,10.96,10.86,11.06,10.61,1049948,162716266.0,4.11,-0.91,-0.1,1.89
2022-03-11,000981,10.66,10.51,10.71,10.46,1054992,156477866.0,2.3,-3.22,-0.35,1.9
2022-03-14,000981,10.41,10.71,10.86,10.21,1403634,213128414.0,6.18,1.9,0.2,2.53
2022-03-15,000981,10.76,11.11,11.11,10.61,2087969,330296640.0,4.67,3.73,0.4,3.76
2022-03-16,000981,10.96,10.76,11.11,10.71,1605363,248147473.0,3.6,-3.15,-0.35,2.89
2022-03-17,000981,10.76,10.86,11.06,10.66,945782,146146077.0,3.72,0.93,0.1,1.7
2022-03-18,000981,10.71,10.76,10.86,10.61,749774,113884845.0,2.3,-0.92,-0.1,1.35
2022-03-21,000981,10.71,10.61,10.86,10.51,681265,102840107.0,3.25,-1.39,-0.15,1.23
2022-03-22,000981,10.56,10.56,10.71,10.41,592586,88163641.0,2.83,-0.47,-0.05,1.07
2022-03-23,000981,10.51,10.51,10.66,10.46,489618,72834368.0,1.89,-0.47,-0.05,0.88
2022-03-24,000981,10.46,10.31,10.51,10.21,678729,97875785.0,2.85,-1.9,-0.2,1.22
2022-03-25,000981,10.26,10.26,10.46,10.16,516641,74115140.0,2.91,-0.48,-0.05,0.93
2022-03-28,000981,10.26,10.16,10.31,10.11,433955,61420016.0,1.95,-0.97,-0.1,0.78
2022-03-29,000981,10.16,9.96,10.21,9.91,573538,79416778.0,2.95,-1.97,-0.2,1.03
2022-03-30,000981,9.86,10.16,10.26,9.81,518752,72675972.0,4.52,2.01,0.2,0.93
2022-03-31,000981,10.11,10.11,10.26,10.01,372807,52291455.0,2.46,-0.49,-0.05,0.67
2022-04-01,000981,10.06,10.01,10.11,10.01,295104,40951997.0,0.99,-0.99,-0.1,0.53
2022-04-06,000981,10.06,10.16,10.21,10.06,349041,49020109.0,1.5,1.5,0.15,0.63
2022-04-07,000981,10.11,10.01,10.16,10.01,304973,42527757.0,1.48,-1.48,-0.15,0.55
2022-04-08,000981,10.01,10.01,10.06,9.76,409813,55893428.0,3.0,0.0,0.0,0.74
2022-04-11,000981,9.96,9.86,10.06,9.81,349302,47694680.0,2.5,-1.5,-0.15,0.63
2022-04-12,000981,9.86,9.86,9.91,9.76,299507,40269875.0,1.52,0.0,0.0,0.54
2022-04-13,000981,9.86,9.86,9.91,9.76,237206,31887660.0,1.52,0.0,0.0,0.43
2022-04-14,000981,9.86,10.21,10.21,9.81,766552,107417327.0,4.06,3.55,0.35,1.37
2022-04-15,000981,10.21,10.26,10.51,10.06,819410,118556070.0,4.41,0.49,0.05,1.47
2022-04-18,000981,10.26,10.31,10.56,10.16,494169,72086107.0,3.9,0.49,0.05,0.89
2022-04-19,000981,10.26,10.21,10.41,10.16,331421,47336829.0,2.42,-0.97,-0.1,0.59
2022-04-20,000981,10.21,10.06,10.26,10.01,336018,47221446.0,2.45,-1.47,-0.15,0.6
2022-04-21,000981,10.01,9.86,10.06,9.81,296980,40562694.0,2.49,-1.99,-0.2,0.53
2022-04-22,000981,9.81,10.16,10.21,9.71,465385,64314519.0,5.07,3.04,0.3,0.83
2022-04-25,000981,10.06,9.86,10.16,9.86,410303,56484928.0,2.95,-2.95,-0.3,0.74
2022-04-26,000981,9.86,9.91,10.16,9.71,337729,45901540.0,4.56,0.51,0.05,0.61
2022-04-27,000981,9.76,9.86,9.91,9.71,389283,52219589.0,2.02,-0.5,-0.05,0.7
2022-04-28,000981,9.86,9.81,10.06,9.81,327930,44520568.0,2.54,-0.51,-0.05,0.59
2022-04-29,000981,9.86,10.01,10.01,9.86,372452,50831786.0,1.53,2.04,0.2,0.67
2022-05-05,000981,10.16,10.36,10.36,10.11,804282,115434067.0,2.5,3.5,0.35,1.44
2022-05-06,000981,10.21,10.16,10.41,10.06,557664,79427968.0,3.38,-1.93,-0.2,1.0
2022-05-09,000981,10.11,10.11,10.11,10.01,302961,42129177.0,0.98,-0.49,-0.05,0.54
2022-05-10,000981,10.11,10.11,10.31,10.01,412608,58181502.0,2.97,0.0,0.0,0.74
2022-05-11,000981,10.06,10.01,10.11,9.96,463246,64047857.0,1.48,-0.99,-0.1,0.83
2022-05-12,000981,10.01,9.91,10.01,9.86,316307,43110262.0,1.5,-1.0,-0.1,0.57
2022-05-13,000981,9.91,10.01,10.01,9.91,227389,31105051.0,1.01,1.01,0.1,0.41
2022-05-16,000981,10.01,9.96,10.11,9.96,245478,33857960.0,1.5,-0.5,-0.05,0.44
2022-05-17,000981,9.96,9.96,10.01,9.91,225145,30894098.0,1.0,0.0,0.0,0.4
2022-05-18,000981,9.96,10.01,10.01,9.91,201262,27604855.0,1.0,0.5,0.05,0.36
2022-05-19,000981,9.96,9.96,10.01,9.91,224259,30696695.0,1.0,-0.5,-0.05,0.4
2022-05-20,000981,9.96,10.26,10.26,9.96,645601,91050554.0,3.01,3.01,0.3,1.16
2022-05-23,000981,10.16,10.21,10.26,10.11,378298,53457000.0,1.46,-0.49,-0.05,0.68
2022-05-24,000981,10.21,10.21,10.36,10.11,482052,68813779.0,2.45,0.0,0.0,0.86
2022-05-25,000981,10.11,10.16,10.21,9.91,397190,55315040.0,2.94,-0.49,-0.05,0.71
2022-05-26,000981,10.11,10.11,10.16,10.01,264935,36956408.0,1.48,-0.49,-0.05,0.47
2022-05-27,000981,10.11,10.06,10.16,9.96,309525,42948340.0,1.98,-0.49,-0.05,0.55
2022-05-30,000981,10.06,10.06,10.11,9.96,185411,25634091.0,1.49,0.0,0.0,0.33
2022-05-31,000981,10.06,10.16,10.26,9.96,330867,46230260.0,2.98,0.99,0.1,0.59
2022-06-01,000981,10.06,10.11,10.16,10.01,257742,35951288.0,1.48,-0.49,-0.05,0.46
2022-06-02,000981,10.11,10.36,10.41,10.06,731784,104936788.0,3.46,2.47,0.25,1.31
2022-06-06,000981,10.41,10.71,10.71,10.41,1077208,162635970.0,2.9,3.38,0.35,1.93
2022-06-07,000981,10.96,11.11,11.11,10.86,403340,63910500.0,2.33,3.73,0.4,0.72
2022-06-08,000981,11.51,11.06,11.51,10.76,1714243,275885984.0,6.75,-0.45,-0.05,3.07
2022-06-09,000981,11.16,11.41,11.46,11.16,1430903,236420309.0,2.71,3.16,0.35,2.56
2022-06-10,000981,11.11,11.21,11.31,11.06,846830,136391128.0,2.19,-1.75,-0.2,1.52
2022-06-13,000981,11.11,11.01,11.31,10.91,666271,106028979.0,3.57,-1.78,-0.2,1.19
2022-06-14,000981,11.21,11.41,11.41,11.01,791946,129060348.0,3.63,3.63,0.4,1.42
2022-06-15,000981,11.31,11.36,11.76,11.26,823169,138079030.0,4.38,-0.44,-0.05,1.48
2022-06-16,000981,11.26,11.26,11.36,11.16,412576,67220786.0,1.76,-0.88,-0.1,0.74
2022-06-17,000981,11.21,11.56,11.56,11.21,470391,78147782.0,3.11,2.66,0.3,0.84
2022-06-20,000981,11.61,11.86,11.86,11.51,572972,98273053.0,3.03,2.6,0.3,1.03
2022-06-21,000981,11.81,11.56,11.86,11.46,617403,105464928.0,3.37,-2.53,-0.3,1.11
2022-06-22,000981,11.56,11.81,11.91,11.46,547131,94226347.0,3.89,2.16,0.25,0.98
2022-06-23,000981,11.86,11.56,11.86,11.41,792768,134361123.0,3.81,-2.12,-0.25,1.42
2022-06-24,000981,11.46,11.26,11.56,11.21,692917,113722590.0,3.03,-2.6,-0.3,1.24
2022-06-27,000981,11.11,10.91,11.21,10.91,692268,109364269.0,2.66,-3.11,-0.35,1.24
2022-06-28,000981,10.91,11.01,11.16,10.91,383694,61028176.0,2.29,0.92,0.1,0.69
2022-06-29,000981,11.01,10.81,11.06,10.76,482409,75056726.0,2.72,-1.82,-0.2,0.86
2022-06-30,000981,10.86,10.91,11.01,10.81,303823,47355053.0,1.85,0.93,0.1,0.54
2022-07-01,000981,10.91,11.16,11.26,10.86,414256,65782076.0,3.67,2.29,0.25,0.74
2022-07-04,000981,11.11,11.01,11.11,10.96,278390,44053117.0,1.34,-1.34,-0.15,0.5
2022-07-05,000981,10.96,11.11,11.11,10.96,242211,38478429.0,1.36,0.91,0.1,0.43
2022-07-06,000981,11.11,11.11,11.11,11.01,199430,31759066.0,0.9,0.0,0.0,0.36
2022-07-07,000981,11.06,11.21,11.26,11.01,329788,53053293.0,2.25,0.9,0.1,0.59
2022-07-08,000981,11.16,11.06,11.21,10.96,318194,50770542.0,2.23,-1.34,-0.15,0.57
2022-07-11,000981,11.06,10.96,11.06,10.86,337314,52857363.0,1.81,-0.9,-0.1,0.6
2022-07-12,000981,10.91,10.91,11.01,10.86,255783,39935429.6,1.37,-0.46,-0.05,0.46
2022-07-13,000981,10.91,11.01,11.06,10.86,247276,38781920.85,1.83,0.92,0.1,0.44
2022-07-14,000981,11.01,11.06,11.11,10.96,243757,38627713.57,1.36,0.45,0.05,0.44
2022-07-15,000981,10.96,10.96,11.06,10.86,342070,53738181.64,1.81,-0.9,-0.1,0.61
2022-07-18,000981,10.91,11.01,11.01,10.91,213799,33576459.04,0.91,0.46,0.05,0.38
2022-07-19,000981,10.96,11.06,11.11,10.96,229829,36380734.53,1.36,0.45,0.05,0.41
2022-07-20,000981,11.06,11.16,11.26,11.06,357824,57644678.66,1.81,0.9,0.1,0.64
2022-07-21,000981,11.11,11.11,11.16,11.06,266157,42450992.35,0.9,-0.45,-0.05,0.48
2022-07-22,000981,11.11,11.21,11.21,11.06,379949,61016223.38,1.35,0.9,0.1,0.68
2022-07-25,000981,11.16,11.26,11.36,11.11,400643,65357289.25,2.23,0.45,0.05,0.72
2022-07-26,000981,11.26,11.56,11.61,11.21,674707,112864746.93,3.55,2.66,0.3,1.21
2022-07-27,000981,11.51,11.46,11.61,11.41,500782,83918138.06,1.73,-0.87,-0.1,0.9
2022-07-28,000981,11.46,11.56,11.61,11.46,386244,65027416.76,1.31,0.87,0.1,0.69
2022-07-29,000981,11.56,11.61,11.71,11.51,364588,61745996.1,1.73,0.43,0.05,0.65
2022-08-01,000981,11.66,11.96,12.06,11.61,839927,146983269.24,3.88,3.01,0.35,1.51
2022-08-02,000981,11.86,11.51,11.91,11.51,806257,136694090.08,3.34,-3.76,-0.45,1.44
2022-08-03,000981,11.41,11.26,11.71,11.26,535661,89514618.76,3.91,-2.17,-0.25,0.96
2022-08-04,000981,11.36,11.56,11.61,11.36,338031,56651066.53,2.22,2.66,0.3,0.61
2022-08-05,000981,11.56,11.51,11.71,11.46,296487,50097999.17,2.16,-0.43,-0.05,0.53
2022-08-08,000981,11.46,11.41,11.51,11.31,410141,67914291.29,1.74,-0.87,-0.1,0.74
2022-08-09,000981,11.36,11.36,11.41,11.26,393794,64720348.6,1.31,-0.44,-0.05,0.71
2022-08-10,000981,11.31,11.36,11.46,11.26,297495,49031777.96,1.76,0.0,0.0,0.53
2022-08-11,000981,11.36,11.36,11.41,11.26,263694,43398903.28,1.32,0.0,0.0,0.47
2022-08-12,000981,11.36,11.41,11.41,11.31,196540,32445240.39,0.88,0.44,0.05,0.35
2022-08-15,000981,11.36,11.66,11.71,11.36,454985,76952287.13,3.07,2.19,0.25,0.82
2022-08-16,000981,11.61,11.66,11.71,11.56,339273,57866687.95,1.29,0.0,0.0,0.61
2022-08-17,000981,11.61,11.76,11.81,11.61,396254,68276390.77,1.72,0.86,0.1,0.71
2022-08-18,000981,11.71,11.61,11.76,11.56,315353,53951047.7,1.7,-1.28,-0.15,0.57
2022-08-19,000981,11.61,11.71,11.71,11.56,215674,36840736.65,1.29,0.86,0.1,0.39
2022-08-22,000981,11.71,11.71,11.76,11.61,241836,41422282.0,1.28,0.0,0.0,0.43
2022-08-23,000981,11.71,11.86,12.01,11.66,592104,103227153.41,2.99,1.28,0.15,1.06
2022-08-24,000981,11.81,12.01,12.31,11.76,1010180,181194873.75,4.64,1.26,0.15,1.81
2022-08-25,000981,12.06,12.26,12.36,12.01,807863,147170723.52,2.91,2.08,0.25,1.45
2022-08-26,000981,12.26,11.81,12.26,11.81,921754,163107561.57,3.67,-3.67,-0.45,1.65
2022-08-29,000981,11.76,11.86,11.91,11.71,465966,81175401.33,1.69,0.42,0.05,0.84
2022-08-30,000981,11.86,11.96,12.06,11.86,446207,78909333.69,1.69,0.84,0.1,0.8
2022-08-31,000981,11.91,11.71,11.96,11.66,514672,88791705.82,2.51,-2.09,-0.25,0.92
2022-09-01,000981,11.66,11.51,11.71,11.46,450651,76054907.05,2.13,-1.71,-0.2,0.81
2022-09-02,000981,11.51,11.51,11.56,11.41,366660,61415528.23,1.3,0.0,0.0,0.66
2022-09-05,000981,11.46,11.56,11.61,11.41,276425,46470464.59,1.74,0.43,0.05,0.5
2022-09-06,000981,11.61,11.51,11.71,11.51,415999,70475171.97,1.73,-0.43,-0.05,0.75
2022-09-07,000981,11.46,11.21,11.51,11.11,739729,121042270.99,3.48,-2.61,-0.3,1.33
2022-09-08,000981,11.06,11.26,11.31,11.01,471349,76054543.15,2.68,0.45,0.05,0.84
2022-09-09,000981,11.31,11.46,11.51,11.31,321994,53504476.09,1.78,1.78,0.2,0.58
2022-09-13,000981,11.51,11.41,11.51,11.31,321709,53265022.52,1.75,-0.44,-0.05,0.58
2022-09-14,000981,11.31,11.26,11.36,11.16,325914,52970755.91,1.75,-1.31,-0.15,0.58
2022-09-15,000981,11.26,11.16,11.31,10.96,415416,66564069.51,3.11,-0.89,-0.1,0.74
2022-09-16,000981,11.06,10.91,11.11,10.91,262518,41558493.3,1.79,-2.24,-0.25,0.47
2022-09-19,000981,10.91,10.61,10.96,10.51,411720,62309106.59,4.12,-2.75,-0.3,0.74
2022-09-20,000981,10.61,10.86,10.96,10.61,387211,59566324.73,3.3,2.36,0.25,0.69
2022-09-21,000981,10.81,10.86,10.86,10.66,199885,30550303.18,1.84,0.0,0.0,0.36
2022-09-22,000981,10.81,10.86,10.91,10.71,162132,25082909.16,1.84,0.0,0.0,0.29
2022-09-23,000981,10.91,11.01,11.11,10.86,336513,53019024.46,2.3,1.38,0.15,0.6
2022-09-26,000981,10.96,10.76,10.96,10.71,322791,49921440.82,2.27,-2.27,-0.25,0.58
2022-09-27,000981,10.61,10.76,10.81,10.61,260536,39517236.12,1.86,0.0,0.0,0.47
2022-09-28,000981,10.71,10.61,10.76,10.56,232797,35128153.81,1.86,-1.39,-0.15,0.42
2022-09-29,000981,10.71,10.66,10.71,10.56,216014,32508935.05,1.41,0.47,0.05,0.39
2022-09-30,000981,10.61,10.66,10.71,10.56,202617,30465758.52,1.41,0.0,0.0,0.36
2022-10-10,000981,10.71,10.76,10.96,10.71,343103,52985940.14,2.35,0.94,0.1,0.61
2022-10-11,000981,10.76,11.16,11.16,10.76,612929,96815063.09,3.72,3.72,0.4,1.1
2022-10-12,000981,11.16,11.46,11.51,11.11,587922,96836113.49,3.58,2.69,0.3,1.05
2022-10-13,000981,11.46,11.41,11.51,11.26,359894,59531450.08,2.18,-0.44,-0.05,0.64
2022-10-14,000981,11.46,11.41,11.46,11.31,267088,44267470.38,1.31,0.0,0.0,0.48
2022-10-17,000981,11.41,11.41,11.56,11.36,241219,40243486.35,1.75,0.0,0.0,0.43
2022-10-18,000981,11.46,11.51,11.61,11.36,359629,60011956.53,2.19,0.88,0.1,0.64
2022-10-19,000981,11.51,11.36,11.56,11.31,350941,58276272.59,2.17,-1.3,-0.15,0.63
2022-10-20,000981,11.36,11.51,11.61,11.31,491207,82331087.86,2.64,1.32,0.15,0.88
2022-10-21,000981,11.56,11.76,11.86,11.51,866025,148778924.0,3.04,2.17,0.25,1.55
2022-10-24,000981,11.81,11.86,11.86,11.66,791527,137152071.67,1.7,0.85,0.1,1.42
2022-10-25,000981,11.91,11.76,11.96,11.61,675455,117273022.71,2.95,-0.84,-0.1,1.21
2022-10-26,000981,11.66,11.76,11.86,11.66,410063,71145674.18,1.7,0.0,0.0,0.73
2022-10-27,000981,12.01,11.76,12.11,11.71,794078,139507986.84,3.4,0.0,0.0,1.42
2022-10-28,000981,11.76,11.51,11.81,11.41,606600,102920948.33,3.4,-2.13,-0.25,1.09
2022-10-31,000981,11.61,11.71,11.71,11.51,414706,70751512.6,1.74,1.74,0.2,0.74
2022-11-01,000981,11.76,11.86,11.91,11.71,422422,73638122.62,1.71,1.28,0.15,0.76
2022-11-02,000981,11.81,11.86,11.96,11.76,378238,66175047.02,1.69,0.0,0.0,0.68
2022-11-03,000981,11.86,12.26,12.31,11.86,965902,173863863.82,3.79,3.37,0.4,1.73
2022-11-04,000981,12.71,12.71,12.71,12.71,165068,31693067.52,0.0,3.67,0.45,0.3
2022-11-07,000981,12.96,13.21,13.21,12.81,1685560,336718610.8,3.15,3.93,0.5,3.02
2022-11-09,000981,14.21,14.21,14.21,14.21,169874,37712039.1,0.0,7.57,1.0,0.3
2022-11-10,000981,15.31,15.31,15.31,15.31,127794,31181845.8,0.0,7.74,1.1,0.23
2022-11-11,000981,16.51,14.96,16.51,14.66,7933261,1994691392.63,12.08,-2.29,-0.35,14.22
2022-11-14,000981,14.66,13.76,14.81,13.76,4108688,893508639.02,7.02,-8.02,-1.2,7.36
2022-11-15,000981,13.51,13.81,14.01,13.46,2576430,550165391.56,4.0,0.36,0.05,4.62
2022-11-16,000981,13.66,13.46,13.76,13.21,2809048,581835990.57,3.98,-2.53,-0.35,5.03
2022-11-17,000981,13.56,13.36,13.61,13.21,1696028,348025747.41,2.97,-0.74,-0.1,3.04
2022-11-18,000981,13.31,13.26,13.51,13.21,1548228,316199113.04,2.25,-0.75,-0.1,2.77
2022-11-21,000981,13.21,13.11,13.36,12.91,1538771,306353203.75,3.39,-1.13,-0.15,2.76
2022-11-22,000981,13.06,12.96,13.26,12.96,1051764,209444790.01,2.29,-1.14,-0.15,1.88
2022-11-23,000981,13.01,12.76,13.01,12.66,1215859,235583068.37,2.7,-1.54,-0.2,2.18
2022-11-24,000981,12.81,12.81,12.96,12.76,842622,163725756.31,1.57,0.39,0.05,1.51
2022-11-25,000981,12.81,12.96,12.96,12.71,935464,182488875.38,1.95,1.17,0.15,1.68
2022-11-28,000981,13.01,13.36,13.81,12.86,2051882,419961296.73,7.33,3.09,0.4,3.68
2022-11-29,000981,13.21,13.26,13.31,13.06,1259171,254422344.1,1.87,-0.75,-0.1,2.26
2022-11-30,000981,13.21,13.26,13.46,13.11,1281135,260831101.17,2.64,0.0,0.0,2.3
2022-12-01,000981,13.26,12.96,13.31,12.96,1287894,257038200.3,2.64,-2.26,-0.3,2.31
2022-12-02,000981,12.96,13.06,13.11,12.81,845460,166673923.86,2.31,0.77,0.1,1.52
2022-12-05,000981,13.31,13.16,13.41,13.11,848024,171416616.91,2.3,0.77,0.1,1.52
2022-12-06,000981,13.11,13.06,13.16,13.01,539123,107368127.16,1.14,-0.76,-0.1,0.97
2022-12-07,000981,13.06,12.96,13.11,12.91,655379,129520914.09,1.53,-0.77,-0.1,1.17
2022-12-08,000981,12.96,12.86,13.06,12.81,791840,155293121.69,1.93,-0.77,-0.1,1.42
2022-12-09,000981,12.86,12.86,12.96,12.81,598671,116639483.92,1.17,0.0,0.0,1.07
2022-12-12,000981,12.86,12.71,12.86,12.66,586673,112863544.72,1.56,-1.17,-0.15,1.05
2022-12-13,000981,12.71,12.71,12.81,12.66,472501,91018097.02,1.18,0.0,0.0,0.85
2022-12-14,000981,12.66,12.56,12.71,12.46,762208,144198182.04,1.97,-1.18,-0.15,1.37
2022-12-15,000981,12.51,12.71,13.06,12.41,970286,186676456.8,5.18,1.19,0.15,1.74
2022-12-16,000981,12.61,12.51,12.66,12.46,563270,106337168.39,1.57,-1.57,-0.2,1.01
2022-12-19,000981,12.56,12.61,12.76,12.51,534414,101575728.03,2.0,0.8,0.1,0.96
2022-12-20,000981,12.56,13.01,13.06,12.41,1180403,228680435.66,5.15,3.17,0.4,2.12
2022-12-21,000981,12.91,12.66,13.01,12.61,773878,149385607.02,3.07,-2.69,-0.35,1.39
2022-12-22,000981,12.61,12.46,12.71,12.46,509104,96076386.88,1.97,-1.58,-0.2,0.91
2022-12-23,000981,12.41,12.36,12.56,12.31,437321,81350074.88,2.01,-0.8,-0.1,0.78
2022-12-26,000981,12.36,12.31,12.41,12.26,401644,73869203.32,1.21,-0.4,-0.05,0.72
2022-12-27,000981,12.31,12.21,12.31,12.11,482334,87593223.03,1.62,-0.81,-0.1,0.86
2022-12-28,000981,12.16,12.21,12.36,12.06,594986,108150017.64,2.46,0.0,0.0,1.07
2022-12-29,000981,12.16,11.86,12.21,11.86,734316,130657515.39,2.87,-2.87,-0.35,1.32
2022-12-30,000981,11.91,12.36,12.41,11.91,978380,177387577.09,4.22,4.22,0.5,1.75
2023-01-03,000981,12.26,12.31,12.36,12.11,494649,90550232.45,2.02,-0.4,-0.05,0.89
2023-01-04,000981,12.26,12.36,12.46,12.21,383359,70901915.09,2.03,0.41,0.05,0.69
2023-01-05,000981,12.41,12.56,12.61,12.36,577471,108660680.05,2.02,1.62,0.2,1.03
2023-01-06,000981,12.56,12.56,12.81,12.51,643360,122868625.43,2.39,0.0,0.0,1.15
2023-01-09,000981,12.61,12.61,12.71,12.46,486606,92001904.1,1.99,0.4,0.05,0.87
2023-01-10,000981,12.61,12.51,12.66,12.51,229242,43297620.6,1.19,-0.79,-0.1,0.41
2023-01-11,000981,12.56,12.71,13.01,12.46,932175,179569463.12,4.4,1.6,0.2,1.67
2023-01-12,000981,12.96,12.66,13.21,12.66,1184335,232102628.22,4.33,-0.39,-0.05,2.12
2023-01-13,000981,12.71,12.46,12.71,12.41,602152,113488003.88,2.37,-1.58,-0.2,1.08
2023-01-16,000981,12.46,12.41,12.51,12.36,428379,79822289.44,1.2,-0.4,-0.05,0.77
2023-01-17,000981,12.46,12.21,12.46,12.21,480534,88186242.66,2.01,-1.61,-0.2,0.86
2023-01-18,000981,12.21,12.26,12.36,12.16,330410,60651205.12,1.64,0.41,0.05,0.59
2023-01-19,000981,12.21,12.21,12.36,12.16,401081,73127336.62,1.63,-0.41,-0.05,0.72
2023-01-20,000981,12.21,12.51,12.56,12.21,636559,118592976.4,2.87,2.46,0.3,1.14
2023-01-30,000981,12.66,12.66,12.81,12.61,737972,141718395.63,1.6,1.2,0.15,1.32
2023-01-31,000981,12.51,12.71,12.76,12.46,644940,122752648.7,2.37,0.39,0.05,1.16
2023-02-01,000981,12.76,12.66,12.76,12.56,480985,91544863.73,1.57,-0.39,-0.05,0.86
2023-02-02,000981,12.66,12.56,12.66,12.51,442947,83681486.17,1.18,-0.79,-0.1,0.79
2023-02-03,000981,12.56,12.51,12.56,12.41,330490,61966344.79,1.19,-0.4,-0.05,0.59
2023-02-06,000981,12.46,12.56,12.61,12.41,373036,70223710.45,1.6,0.4,0.05,0.67
2023-02-07,000981,12.51,12.66,12.66,12.46,522368,98537159.72,1.59,0.8,0.1,0.94
2023-02-08,000981,12.66,12.66,12.91,12.66,833893,161142172.75,1.97,0.0,0.0,1.49
2023-02-09,000981,12.71,12.61,12.76,12.56,463889,88123471.54,1.58,-0.39,-0.05,0.83
2023-02-10,000981,12.61,12.51,12.61,12.51,395409,74648662.52,0.79,-0.79,-0.1,0.71
2023-02-13,000981,12.51,12.51,12.56,12.46,303822,57151373.48,0.8,0.0,0.0,0.54
2023-02-14,000981,12.56,12.41,12.56,12.41,396754,74287197.48,1.2,-0.8,-0.1,0.71
2023-02-15,000981,12.41,12.41,12.46,12.36,262492,48848162.59,0.81,0.0,0.0,0.47
2023-02-16,000981,12.46,12.31,12.56,12.26,598729,111329937.26,2.42,-0.81,-0.1,1.07
2023-02-17,000981,12.31,12.16,12.31,12.16,455986,83282349.4,1.22,-1.22,-0.15,0.82
2023-02-20,000981,12.16,12.21,12.21,12.01,339674,61274977.33,1.64,0.41,0.05,0.61
2023-02-21,000981,12.21,12.21,12.26,12.16,225727,41003076.37,0.82,0.0,0.0,0.4
2023-02-22,000981,12.16,12.16,12.21,12.11,239184,43272877.96,0.82,-0.41,-0.05,0.43
2023-02-23,000981,12.21,12.31,12.41,12.16,469199,86068581.9,2.06,1.23,0.15,0.84
2023-02-24,000981,12.31,12.16,12.36,12.16,271993,49454987.49,1.62,-1.22,-0.15,0.49
2023-02-27,000981,12.21,12.26,12.41,12.11,456450,83604384.9,2.47,0.82,0.1,0.82
2023-02-28,000981,12.21,12.21,12.26,12.11,265336,48177127.7,1.22,-0.41,-0.05,0.48
2023-03-01,000981,12.21,12.21,12.26,12.16,188242,34314213.54,0.82,0.0,0.0,0.34
2023-03-02,000981,12.21,12.16,12.26,12.16,264929,48105806.63,0.82,-0.41,-0.05,0.47
2023-03-03,000981,12.16,12.16,12.21,12.11,197460,35784583.66,0.82,0.0,0.0,0.35
2023-03-06,000981,12.16,12.16,12.21,12.11,206696,37452649.09,0.82,0.0,0.0,0.37
2023-03-07,000981,12.16,12.16,12.31,12.11,326741,59416488.66,1.64,0.0,0.0,0.59
2023-03-08,000981,12.16,12.16,12.21,12.11,163477,29637190.61,0.82,0.0,0.0,0.29
2023-03-09,000981,12.21,12.31,12.36,12.16,562558,103165931.4,1.64,1.23,0.15,1.01
2023-03-10,000981,12.26,12.81,13.06,12.26,1976023,378834017.68,6.5,4.06,0.5,3.54
2023-03-13,000981,12.66,12.56,12.71,12.46,841573,159289523.01,1.95,-1.95,-0.25,1.51
2023-03-14,000981,12.51,12.46,12.61,12.36,552395,103435558.75,1.99,-0.8,-0.1,0.99
2023-03-15,000981,12.46,12.51,12.61,12.41,412440,77555321.59,1.61,0.4,0.05,0.74
2023-03-16,000981,12.51,12.36,12.51,12.31,419389,77817148.62,1.6,-1.2,-0.15,0.75
2023-03-17,000981,12.36,12.26,12.41,12.26,394542,72840664.14,1.21,-0.81,-0.1,0.71
2023-03-20,000981,12.26,12.31,12.41,12.26,313907,57974574.77,1.22,0.41,0.05,0.56
2023-03-21,000981,12.31,12.31,12.36,12.21,375974,68949476.49,1.22,0.0,0.0,0.67
2023-03-22,000981,12.31,12.36,12.36,12.26,220335,40583365.6,0.81,0.41,0.05,0.39
2023-03-23,000981,12.36,12.26,12.36,12.21,344191,63126661.77,1.21,-0.81,-0.1,0.62
2023-03-24,000981,12.21,12.31,12.31,12.21,256390,46984598.61,0.82,0.41,0.05,0.46
2023-03-27,000981,12.31,12.21,12.31,12.16,335779,61064489.87,1.22,-0.81,-0.1,0.6
2023-03-28,000981,12.21,12.16,12.21,12.11,286404,51810203.8,0.82,-0.41,-0.05,0.51
2023-03-29,000981,12.16,12.06,12.21,12.06,253158,45627434.34,1.23,-0.82,-0.1,0.45
2023-03-30,000981,12.11,12.11,12.16,12.06,227122,40852486.06,0.83,0.41,0.05,0.41
2023-03-31,000981,12.11,12.11,12.16,12.06,220840,39769833.6,0.83,0.0,0.0,0.4
2023-04-03,000981,12.11,12.16,12.16,12.06,239909,43126521.71,0.83,0.41,0.05,0.43
2023-04-04,000981,12.16,12.01,12.16,11.96,316190,56618950.13,1.64,-1.23,-0.15,0.57
2023-04-06,000981,12.01,12.06,12.16,12.01,308211,55338317.95,1.25,0.42,0.05,0.55
2023-04-07,000981,12.11,12.21,12.31,12.06,447862,81392281.02,2.07,1.24,0.15,0.8
2023-04-10,000981,12.21,12.06,12.26,12.06,353712,63746230.5,1.64,-1.23,-0.15,0.63
2023-04-11,000981,12.11,12.06,12.11,12.01,164932,29539973.56,0.83,0.0,0.0,0.3
2023-04-12,000981,12.06,12.06,12.11,12.01,212370,37934245.87,0.83,0.0,0.0,0.38
2023-04-13,000981,12.06,12.06,12.21,12.01,304048,54637005.39,1.66,0.0,0.0,0.54
2023-04-14,000981,12.11,12.11,12.16,12.01,279385,50130972.53,1.24,0.41,0.05,0.5
2023-04-17,000981,12.11,12.21,12.26,12.06,401955,72941508.85,1.65,0.83,0.1,0.72
2023-04-18,000981,12.21,12.16,12.26,12.11,183028,33138613.89,1.23,-0.41,-0.05,0.33
2023-04-19,000981,12.16,12.26,12.36,12.11,411784,75034149.84,2.06,0.82,0.1,0.74
2023-04-20,000981,12.21,12.36,12.41,12.21,553320,101922332.73,1.63,0.82,0.1,0.99
2023-04-21,000981,12.41,12.11,12.41,12.11,455097,83172019.2,2.43,-2.02,-0.25,0.82
2023-04-24,000981,12.11,12.06,12.16,12.01,359193,64404692.86,1.24,-0.41,-0.05,0.64
2023-04-25,000981,12.06,12.01,12.11,11.96,277119,49336844.34,1.24,-0.41,-0.05,0.5
2023-04-26,000981,12.01,12.06,12.11,11.96,158079,28256975.13,1.25,0.42,0.05,0.28
2023-04-27,000981,12.06,12.16,12.16,12.06,349721,62921726.16,0.83,0.83,0.1,0.63
2023-04-28,000981,12.16,12.46,12.56,12.16,964346,178217621.98,3.29,2.47,0.3,1.73
2023-05-04,000981,12.61,12.41,12.66,12.31,693214,129322781.37,2.81,-0.4,-0.05,1.24
2023-05-05,000981,12.41,12.26,12.41,12.21,455854,83479742.53,1.61,-1.21,-0.15,0.82
2023-05-08,000981,12.26,12.01,12.31,12.01,827638,148842543.16,2.45,-2.04,-0.25,1.48
2023-05-09,000981,12.01,11.96,12.16,11.96,510448,91056140.06,1.67,-0.42,-0.05,0.91
2023-05-10,000981,12.01,12.06,12.06,11.86,405973,71981949.31,1.67,0.84,0.1,0.73
2023-05-11,000981,12.06,12.01,12.11,11.96,368176,65582793.13,1.24,-0.41,-0.05,0.66
2023-05-12,000981,12.01,12.06,12.16,12.01,370234,66466745.78,1.25,0.42,0.05,0.66
2023-05-15,000981,12.01,12.06,12.06,11.96,253854,45125101.34,0.83,0.0,0.0,0.45
2023-05-16,000981,12.01,11.76,12.01,11.71,736293,128594872.61,2.49,-2.49,-0.3,1.32
2023-05-17,000981,11.71,11.31,11.71,10.91,949847,155413525.83,6.8,-3.83,-0.45,1.7
2023-05-18,000981,11.26,11.21,11.51,11.06,557822,90806002.35,3.98,-0.88,-0.1,1.0
2023-05-19,000981,11.11,11.21,11.36,11.06,327540,53071253.57,2.68,0.0,0.0,0.59
2023-05-22,000981,11.21,11.06,11.21,11.06,269768,43207226.6,1.34,-1.34,-0.15,0.48
2023-05-23,000981,11.06,11.21,11.31,11.01,375015,60491485.03,2.71,1.36,0.15,0.67
2023-05-24,000981,11.21,11.11,11.21,11.11,180412,28980245.6,0.89,-0.89,-0.1,0.32
2023-05-25,000981,11.11,11.16,11.21,11.11,217355,35001698.64,0.9,0.45,0.05,0.39
2023-05-26,000981,11.16,11.21,11.21,11.11,171336,27638062.33,0.9,0.45,0.05,0.31
2023-05-29,000981,11.21,11.01,11.21,10.96,390138,61923972.42,2.23,-1.78,-0.2,0.7
2023-05-30,000981,11.01,10.76,11.01,10.61,681297,104327133.53,3.63,-2.27,-0.25,1.22
2023-05-31,000981,10.76,11.46,11.51,10.76,1210343,199599349.61,6.97,6.51,0.7,2.17
2023-06-01,000981,11.31,11.11,11.31,11.01,862597,138936699.71,2.62,-3.05,-0.35,1.55
2023-06-02,000981,11.11,11.11,11.16,10.96,426431,67642631.89,1.8,0.0,0.0,0.76
2023-06-05,000981,11.11,10.96,11.11,10.91,284556,44847817.44,1.8,-1.35,-0.15,0.51
2023-06-06,000981,10.96,10.81,10.96,10.81,257245,40014427.0,1.37,-1.37,-0.15,0.46
2023-06-07,000981,10.81,10.86,10.96,10.76,167089,25911838.66,1.85,0.46,0.05,0.3
2023-06-08,000981,10.86,10.81,10.86,10.71,171922,26364903.46,1.38,-0.46,-0.05,0.31
2023-06-09,000981,10.81,10.71,10.86,10.66,178167,27180749.9,1.85,-0.93,-0.1,0.32
2023-06-12,000981,10.91,10.86,11.36,10.81,435972,69048366.89,5.14,1.4,0.15,0.78
2023-06-13,000981,10.81,10.91,11.01,10.76,275571,42902337.2,2.3,0.46,0.05,0.49
2023-06-14,000981,10.96,10.81,10.96,10.76,233742,36009416.31,1.83,-0.92,-0.1,0.42
2023-06-15,000981,10.76,10.86,10.91,10.71,213427,32921718.9,1.85,0.46,0.05,0.38
2023-06-16,000981,10.81,10.86,10.91,10.81,206605,31930898.64,0.92,0.0,0.0,0.37
2023-06-19,000981,10.86,10.86,11.06,10.81,284065,44394204.05,2.3,0.0,0.0,0.51
2023-06-20,000981,10.86,10.76,10.86,10.71,181676,27847969.19,1.38,-0.92,-0.1,0.33
2023-06-21,000981,10.71,10.71,10.86,10.66,199430,30422001.04,1.86,-0.46,-0.05,0.36
2023-06-26,000981,10.71,10.51,10.71,10.46,332166,49548796.1,2.33,-1.87,-0.2,0.6
2023-06-27,000981,10.51,10.56,10.56,10.41,227786,33666102.84,1.43,0.48,0.05,0.41
2023-06-28,000981,10.51,10.56,10.66,10.31,403910,59477718.25,3.31,0.0,0.0,0.72
2023-06-29,000981,10.56,10.71,10.86,10.51,403357,61396618.94,3.31,1.42,0.15,0.72
2023-06-30,000981,10.66,10.76,10.76,10.56,276407,41828366.78,1.87,0.47,0.05,0.5
2023-07-03,000981,10.76,10.81,10.91,10.76,488549,75321791.04,1.39,0.46,0.05,0.88
2023-07-04,000981,10.81,10.81,11.21,10.76,711137,111160223.09,4.16,0.0,0.0,1.27
2023-07-05,000981,10.81,10.66,10.81,10.61,486518,73869066.06,1.85,-1.39,-0.15,0.87
2023-07-06,000981,10.66,10.71,10.71,10.56,293703,44234481.65,1.41,0.47,0.05,0.53
2023-07-07,000981,10.66,10.66,10.76,10.61,341609,51678218.44,1.4,-0.47,-0.05,0.61
2023-07-10,000981,10.66,10.56,10.66,10.51,294384,44049397.89,1.41,-0.94,-0.1,0.53
2023-07-11,000981,10.56,10.66,10.66,10.51,273610,41035425.35,1.42,0.95,0.1,0.49
2023-07-12,000981,10.66,10.71,11.01,10.61,769380,117972108.15,3.75,0.47,0.05,1.38
2023-07-13,000981,10.61,10.61,10.66,10.51,464195,69175099.77,1.4,-0.93,-0.1,0.83
2023-07-14,000981,10.56,10.56,10.61,10.51,255178,38007565.2,0.94,-0.47,-0.05,0.46
2023-07-17,000981,10.51,10.41,10.51,10.26,433890,63039803.16,2.37,-1.42,-0.15,0.78
2023-07-18,000981,10.36,10.46,10.56,10.31,353235,51743358.93,2.4,0.48,0.05,0.63
2023-07-19,000981,10.41,10.46,10.51,10.36,270750,39550202.56,1.43,0.0,0.0,0.49
2023-07-20,000981,10.41,10.51,10.61,10.36,424747,62760153.59,2.39,0.48,0.05,0.76
2023-07-21,000981,10.46,10.76,10.81,10.41,851614,128504722.3,3.81,2.38,0.25,1.53
2023-07-24,000981,10.76,10.66,11.01,10.61,680243,104390130.24,3.72,-0.93,-0.1,1.22
2023-07-25,000981,10.66,10.71,10.86,10.61,834082,127472937.97,2.35,0.47,0.05,1.49
2023-07-26,000981,10.71,11.46,11.46,10.71,3260091,532410106.91,7.0,7.0,0.75,5.84
2023-07-27,000981,11.61,12.31,12.31,11.41,3306613,576703987.84,7.85,7.42,0.85,5.93
2023-07-28,000981,12.41,11.96,12.86,11.86,4537608,830080712.11,8.12,-2.84,-0.35,8.13
2023-07-31,000981,11.96,12.26,12.36,11.71,3438063,619691635.23,5.43,2.51,0.3,6.16
2023-08-01,000981,12.06,11.91,12.36,11.76,2509217,444639074.39,4.89,-2.85,-0.35,4.5
2023-08-02,000981,11.81,11.71,11.91,11.66,1688627,291776603.42,2.1,-1.68,-0.2,3.03
2023-08-03,000981,11.76,11.76,12.01,11.56,1660999,286597153.86,3.84,0.43,0.05,2.98
2023-08-04,000981,11.76,11.51,11.81,11.46,1309671,222334579.2,2.98,-2.13,-0.25,2.35
2023-08-07,000981,11.51,11.46,11.61,11.41,746779,125317754.77,1.74,-0.43,-0.05,1.34
2023-08-08,000981,11.46,11.41,11.61,11.36,866547,144707941.32,2.18,-0.44,-0.05,1.55
2023-08-09,000981,11.36,11.31,11.51,11.26,740934,121991206.29,2.19,-0.88,-0.1,1.33
2023-08-10,000981,11.26,11.16,11.36,11.11,727912,118296547.97,2.21,-1.33,-0.15,1.3
2023-08-11,000981,11.16,11.26,11.46,11.11,970175,158013750.12,3.14,0.9,0.1,1.74
2023-08-14,000981,11.21,11.11,11.21,11.01,765458,122216616.75,1.78,-1.33,-0.15,1.37
2023-08-15,000981,11.11,10.96,11.11,10.86,581443,91609899.69,2.25,-1.35,-0.15,1.04
2023-08-16,000981,10.91,11.01,11.26,10.86,879857,140437285.98,3.65,0.46,0.05,1.58
2023-08-17,000981,11.01,11.26,11.46,10.96,1194022,194093331.81,4.54,2.27,0.25,2.14
2023-08-18,000981,11.26,11.11,11.36,11.11,781147,126731059.56,2.22,-1.33,-0.15,1.4
2023-08-21,000981,11.16,10.96,11.21,10.91,601714,95366883.31,2.7,-1.35,-0.15,1.08
2023-08-22,000981,10.96,10.91,11.01,10.71,721574,111727194.12,2.74,-0.46,-0.05,1.29
2023-08-23,000981,10.86,10.71,10.86,10.71,470826,72246857.57,1.37,-1.83,-0.2,0.84
2023-08-24,000981,10.76,10.71,10.81,10.61,515929,78282556.35,1.87,0.0,0.0,0.92
2023-08-25,000981,10.66,10.56,10.81,10.51,640613,96646964.99,2.8,-1.4,-0.15,1.15
2023-08-28,000981,10.86,10.66,10.96,10.66,1017743,156762290.63,2.84,0.95,0.1,1.82
2023-08-29,000981,10.61,10.96,11.01,10.56,989786,153107205.03,4.22,2.81,0.3,1.77
2023-08-30,000981,10.96,10.76,11.06,10.71,755263,116591737.72,3.19,-1.82,-0.2,1.35
2023-08-31,000981,10.76,10.66,10.76,10.61,451629,68229671.0,1.39,-0.93,-0.1,0.81
2023-09-01,000981,10.66,10.66,10.81,10.56,478961,72591001.48,2.35,0.0,0.0,0.86
2023-09-04,000981,10.71,10.86,10.86,10.66,664902,101997515.06,1.88,1.88,0.2,1.19
2023-09-05,000981,10.86,10.71,10.86,10.71,375260,57453513.5,1.38,-1.38,-0.15,0.67
2023-09-06,000981,10.71,10.71,10.81,10.66,424629,64696908.08,1.4,0.0,0.0,0.76
2023-09-07,000981,10.71,10.61,10.76,10.56,486983,73545471.0,1.87,-0.93,-0.1,0.87
2023-09-08,000981,10.56,10.56,10.61,10.46,516863,76787208.51,1.41,-0.47,-0.05,0.93
2023-09-11,000981,10.56,10.56,10.61,10.46,428274,63596924.31,1.42,0.0,0.0,0.77
2023-09-12,000981,10.56,10.61,10.71,10.51,450758,67707981.85,1.89,0.47,0.05,0.81
2023-09-13,000981,10.61,10.51,10.61,10.46,433079,64157757.55,1.41,-0.94,-0.1,0.78
2023-09-14,000981,10.51,10.41,10.51,10.36,487811,71268385.3,1.43,-0.95,-0.1,0.87
2023-09-15,000981,10.41,10.51,10.51,10.36,424949,62394755.95,1.44,0.96,0.1,0.76
2023-09-18,000981,10.46,10.61,10.66,10.41,445794,66479125.58,2.38,0.95,0.1,0.8
2023-09-19,000981,10.56,10.46,10.56,10.41,436740,64335404.04,1.41,-1.41,-0.15,0.78
2023-09-20,000981,10.46,10.36,10.46,10.36,244547,35692491.15,0.96,-0.96,-0.1,0.44
2023-09-21,000981,10.36,10.31,10.41,10.31,283588,41057275.8,0.97,-0.48,-0.05,0.51
2023-09-22,000981,10.31,10.41,10.46,10.31,355724,51733674.81,1.45,0.97,0.1,0.64
2023-09-25,000981,10.36,10.31,10.41,10.26,301706,43534062.0,1.44,-0.96,-0.1,0.54
2023-09-26,000981,10.31,10.31,10.36,10.26,250604,36042019.83,0.97,0.0,0.0,0.45
2023-09-27,000981,10.31,10.26,10.36,10.26,228139,32767325.54,0.97,-0.48,-0.05,0.41
2023-09-28,000981,10.26,10.41,10.46,10.26,451594,65384383.85,1.95,1.46,0.15,0.81
2023-10-09,000981,10.36,10.36,10.51,10.36,469290,68754921.31,1.44,-0.48,-0.05,0.84
2023-10-10,000981,10.41,10.36,10.46,10.31,263831,38258316.77,1.45,0.0,0.0,0.47
2023-10-11,000981,10.36,10.36,10.46,10.31,367157,53337325.6,1.45,0.0,0.0,0.66
2023-10-12,000981,10.46,10.66,10.86,10.41,899618,134912622.32,4.34,2.9,0.3,1.61
2023-10-13,000981,10.81,11.41,11.41,10.71,1154726,188346224.05,6.57,7.04,0.75,2.07
2023-10-16,000981,11.91,11.66,12.26,11.41,4146571,724424679.8,7.45,2.19,0.25,7.43
2023-10-17,000981,11.31,11.11,11.46,11.06,2009513,325613880.82,3.43,-4.72,-0.55,3.6
2023-10-18,000981,11.11,11.21,11.46,10.91,1581385,255510377.24,4.95,0.9,0.1,2.83
2023-10-19,000981,11.06,10.71,11.06,10.71,1229001,190946120.47,3.12,-4.46,-0.5,2.2
2023-10-20,000981,10.61,10.71,10.86,10.56,893897,136396114.57,2.8,0.0,0.0,1.6
2023-10-23,000981,10.66,10.56,10.71,10.51,728254,108893676.27,1.87,-1.4,-0.15,1.31
2023-10-24,000981,10.56,10.71,10.81,10.56,711198,107689721.6,2.37,1.42,0.15,1.27
2023-10-25,000981,10.71,11.46,11.46,10.71,1487078,239455502.74,7.0,7.0,0.75,2.67
2023-10-26,000981,11.61,11.61,11.86,11.26,2865271,484040241.33,5.24,1.31,0.15,5.13
2023-10-27,000981,11.66,11.96,12.26,11.46,2572875,452128361.3,6.89,3.01,0.35,4.61
2023-10-30,000981,12.06,11.56,12.16,11.51,1878822,321742616.98,5.43,-3.34,-0.4,3.37
2023-10-31,000981,11.46,11.41,11.86,11.36,1516783,256070654.47,4.33,-1.3,-0.15,2.72
2023-11-01,000981,11.51,11.56,11.76,11.36,1136494,191618225.04,3.51,1.31,0.15,2.04
2023-11-02,000981,11.51,11.31,11.56,11.26,844583,139426552.37,2.6,-2.16,-0.25,1.51
2023-11-03,000981,11.31,11.41,11.41,11.21,778690,127629516.19,1.77,0.88,0.1,1.4
2023-11-06,000981,11.41,11.86,12.21,11.31,1952215,337067503.18,7.89,3.94,0.45,3.5
2023-11-07,000981,11.76,11.91,12.06,11.71,1399757,245933790.36,2.95,0.42,0.05,2.51
2023-11-08,000981,11.86,12.01,12.36,11.86,1857678,332776986.06,4.2,0.84,0.1,3.33
2023-11-09,000981,12.01,11.81,12.06,11.76,1040682,182257363.78,2.5,-1.67,-0.2,1.87
2023-11-10,000981,11.76,11.91,11.96,11.66,740046,129083381.37,2.54,0.85,0.1,1.33
2023-11-13,000981,11.96,11.81,12.01,11.76,672116,117430474.98,2.1,-0.84,-0.1,1.2
2023-11-14,000981,11.56,11.61,11.66,11.26,1372468,229620030.26,3.39,-1.69,-0.2,2.46
2023-11-15,000981,11.66,11.66,11.76,11.51,651854,111086875.27,2.15,0.43,0.05,1.17
2023-11-16,000981,11.71,11.56,11.71,11.56,426644,72436439.39,1.29,-0.86,-0.1,0.76
2023-11-17,000981,11.51,11.66,11.76,11.51,659313,112727184.39,2.16,0.87,0.1,1.18
2023-11-20,000981,11.61,11.66,11.71,11.51,490475,83393317.8,1.72,0.0,0.0,0.88
2023-11-21,000981,11.71,11.96,12.26,11.66,1680837,297630783.41,5.15,2.57,0.3,3.01
2023-11-22,000981,11.96,12.06,12.16,11.86,1366060,244220619.92,2.51,0.84,0.1,2.45
2023-11-23,000981,12.01,12.16,12.31,11.91,1285776,232167760.14,3.32,0.83,0.1,2.3
2023-11-24,000981,12.11,12.01,12.26,11.96,1014023,182783210.91,2.47,-1.23,-0.15,1.82
2023-11-27,000981,12.06,12.36,12.71,12.06,1581616,292347567.9,5.41,2.91,0.35,2.83
2023-11-28,000981,12.26,12.11,12.36,12.01,988860,178525216.0,2.83,-2.02,-0.25,1.77
2023-11-29,000981,12.06,12.11,12.36,12.01,759198,137497794.15,2.89,0.0,0.0,1.36
2023-11-30,000981,12.01,11.86,12.11,11.81,985922,173260625.96,2.48,-2.06,-0.25,1.77
2023-12-01,000981,11.91,12.16,12.26,11.76,1097766,195726087.47,4.22,2.53,0.3,1.97
2023-12-04,000981,12.16,12.01,12.31,12.01,640222,115255556.36,2.47,-1.23,-0.15,0.98
2023-12-05,000981,12.01,11.81,12.01,11.81,473355,83512568.0,1.67,-1.67,-0.2,0.73
2023-12-06,000981,11.76,11.91,12.01,11.76,469562,82562651.14,2.12,0.85,0.1,0.72
2023-12-07,000981,11.86,11.86,11.91,11.81,310073,54303848.27,0.84,-0.42,-0.05,0.48
2023-12-08,000981,11.86,11.81,12.01,11.81,385692,67737963.35,1.69,-0.42,-0.05,0.59
2023-12-11,000981,11.86,12.06,12.06,11.86,539889,95754514.52,1.69,2.12,0.25,0.83
2023-12-12,000981,12.06,12.06,12.16,11.96,352933,63013956.57,1.66,0.0,0.0,0.54
2023-12-13,000981,12.01,12.06,12.31,11.96,766032,138603713.02,2.9,0.0,0.0,1.18
2023-12-14,000981,12.06,11.91,12.16,11.86,613806,108851398.98,2.49,-1.24,-0.15,0.94
2023-12-15,000981,11.86,11.96,12.06,11.86,517986,91555370.41,1.68,0.42,0.05,0.8
2023-12-18,000981,12.01,11.86,12.16,11.81,571363,100997923.92,2.93,-0.84,-0.1,0.88
2023-12-19,000981,11.86,11.51,11.91,11.31,911366,154803794.75,5.06,-2.95,-0.35,1.4
2023-12-20,000981,11.51,11.31,11.66,11.31,656028,109882813.02,3.04,-1.74,-0.2,1.01
2023-12-21,000981,11.31,11.36,11.46,11.11,669777,109913531.87,3.09,0.44,0.05,1.03
2023-12-22,000981,11.46,11.31,11.61,11.26,526645,87571440.02,3.08,-0.44,-0.05,0.81
2023-12-25,000981,11.31,11.36,11.41,11.16,332351,54448433.92,2.21,0.44,0.05,0.51
2023-12-26,000981,11.36,11.21,11.46,11.16,424673,69410024.96,2.64,-1.32,-0.15,0.65
2023-12-27,000981,11.16,11.16,11.26,11.01,531716,85346396.66,2.23,-0.45,-0.05,0.82
2023-12-28,000981,11.11,11.11,11.21,11.01,637774,102022154.4,1.79,-0.45,-0.05,0.98
2023-12-29,000981,11.11,11.06,11.16,11.01,544150,86464248.86,1.35,-0.45,-0.05,0.84
2024-01-02,000981,11.06,11.06,11.26,10.96,617270,98607883.87,2.71,0.0,0.0,0.95
2024-01-03,000981,11.06,10.96,11.06,10.81,666867,104188967.52,2.26,-0.9,-0.1,1.03
2024-01-04,000981,10.91,10.81,10.96,10.76,500119,77372147.0,1.82,-1.37,-0.15,0.77
2024-01-05,000981,10.81,10.71,10.86,10.66,545319,83555369.97,1.85,-0.93,-0.1,0.84
2024-01-08,000981,10.71,10.66,10.76,10.61,439553,66520668.46,1.4,-0.47,-0.05,0.68
2024-01-09,000981,10.66,10.61,10.76,10.51,501853,75487030.46,2.35,-0.47,-0.05,0.77
2024-01-10,000981,10.61,10.61,10.76,10.46,509676,76554914.16,2.83,0.0,0.0,0.78
2024-01-11,000981,10.56,10.81,10.81,10.51,663009,100331225.01,2.83,1.89,0.2,1.02
2024-01-12,000981,10.81,10.76,11.01,10.76,602538,93489175.76,2.31,-0.46,-0.05,0.93
2024-01-15,000981,10.71,10.66,10.76,10.61,241156,36557129.19,1.39,-0.93,-0.1,0.37
2024-01-16,000981,10.71,10.61,10.71,10.51,420868,63071127.81,1.88,-0.47,-0.05,0.65
2024-01-17,000981,10.66,10.51,10.66,10.51,263020,39428398.42,1.41,-0.94,-0.1,0.4
2024-01-18,000981,10.46,10.56,10.61,10.41,470483,69371667.25,1.9,0.48,0.05,0.72
2024-01-19,000981,10.61,10.51,10.66,10.51,251048,37483573.4,1.42,-0.47,-0.05,0.39
2024-01-22,000981,10.51,10.26,10.51,10.21,418870,60755204.89,2.85,-2.38,-0.25,0.64
2024-01-23,000981,10.21,10.21,10.26,10.06,325060,46061480.99,1.95,-0.49,-0.05,0.5
2024-01-24,000981,10.26,10.31,10.36,10.11,431279,61588639.56,2.45,0.98,0.1,0.66
2024-01-25,000981,10.31,10.41,10.46,10.21,395169,57372516.75,2.42,0.97,0.1,0.61
2024-01-26,000981,10.41,10.56,10.71,10.36,477099,70808633.45,3.36,1.44,0.15,0.73
2024-01-29,000981,10.56,10.21,10.56,10.21,441967,63976442.81,3.31,-3.31,-0.35,0.68
2024-01-30,000981,10.21,10.11,10.31,10.11,294630,41722872.68,1.96,-0.98,-0.1,0.45
2024-01-31,000981,10.11,9.91,10.16,9.91,426795,59007660.8,2.47,-1.98,-0.2,0.66
2024-02-01,000981,9.91,9.76,9.91,9.66,448828,59958870.37,2.52,-1.51,-0.15,0.69
2024-02-02,000981,9.76,9.41,9.86,9.11,804935,102144297.03,7.68,-3.59,-0.35,1.24
2024-02-05,000981,9.31,8.91,9.36,8.81,809128,95114607.56,5.84,-5.31,-0.5,1.24
2024-02-06,000981,8.76,9.26,9.36,8.51,812483,95752063.86,9.54,3.93,0.35,1.25
2024-02-07,000981,9.21,8.96,9.41,8.86,740005,89601102.04,5.94,-3.24,-0.3,1.14
2024-02-08,000981,8.96,9.21,9.21,8.81,691687,81553495.29,4.46,2.79,0.25,1.06
2024-02-19,000981,9.31,9.36,9.46,9.26,524173,65321878.89,2.17,1.63,0.15,0.81
2024-02-20,000981,9.31,9.31,9.36,9.21,351455,43432764.0,1.6,-0.53,-0.05,0.54
2024-02-21,000981,9.26,9.51,9.66,9.21,731177,93217524.88,4.83,2.15,0.2,1.12
2024-02-22,000981,9.46,9.61,9.71,9.41,649370,83800536.65,3.15,1.05,0.1,1.0
2024-02-23,000981,9.61,9.71,9.76,9.51,599374,78314581.11,2.6,1.04,0.1,0.92
2024-02-26,000981,9.76,9.91,10.31,9.71,1040176,143353789.41,6.18,2.06,0.2,1.6
2024-02-27,000981,9.86,10.16,10.16,9.81,789140,109595545.9,3.53,2.52,0.25,1.21
2024-02-28,000981,10.16,9.71,10.21,9.71,929768,128179303.98,4.92,-4.43,-0.45,1.43
2024-02-29,000981,9.61,9.86,9.91,9.56,541858,72476517.37,3.6,1.54,0.15,0.83
2024-03-01,000981,9.86,9.76,9.91,9.71,495997,66314888.37,2.03,-1.01,-0.1,0.76
2024-03-04,000981,9.76,9.56,9.81,9.51,649918,84192827.46,3.07,-2.05,-0.2,1.0
2024-03-05,000981,9.51,9.41,9.56,9.36,510996,64799066.27,2.09,-1.57,-0.15,0.79
2024-03-06,000981,9.41,9.51,9.56,9.41,368660,47068433.43,1.59,1.06,0.1,0.57
2024-03-07,000981,9.56,9.46,9.66,9.41,448563,57758017.83,2.63,-0.53,-0.05,0.69
2024-03-08,000981,9.41,9.41,9.51,9.36,267381,33684022.46,1.59,-0.53,-0.05,0.41
2024-03-11,000981,9.41,9.61,9.61,9.36,461322,59101256.14,2.66,2.13,0.2,0.71
2024-03-12,000981,9.61,9.76,9.81,9.56,522233,68983707.22,2.6,1.56,0.15,0.8
2024-03-13,000981,9.96,10.41,10.41,9.96,697806,100503559.59,4.61,6.66,0.65,1.07
2024-03-14,000981,10.71,10.16,10.81,10.16,1946080,285323473.1,6.24,-2.4,-0.25,2.99
2024-03-15,000981,10.16,10.86,10.86,10.16,1677639,257080881.09,6.89,6.89,0.7,2.58
2024-03-18,000981,10.91,10.91,11.16,10.71,2329185,362939731.05,4.14,0.46,0.05,3.58
2024-03-19,000981,10.86,10.71,10.91,10.66,1077829,164686255.19,2.29,-1.83,-0.2,1.66
2024-03-20,000981,10.66,10.66,10.86,10.56,774992,117392306.49,2.8,-0.47,-0.05,1.19
2024-03-21,000981,10.71,11.11,11.36,10.61,1490163,232753599.52,7.04,4.22,0.45,2.29
2024-03-22,000981,11.01,11.36,11.76,10.86,1503225,246033892.15,8.1,2.25,0.25,2.31
2024-03-25,000981,11.56,11.16,11.76,11.16,1100675,183507164.02,5.28,-1.76,-0.2,1.69
2024-03-26,000981,11.06,11.21,11.46,11.06,771476,125353751.77,3.58,0.45,0.05,1.19
2024-03-27,000981,11.16,10.81,11.21,10.76,698278,109292802.59,4.01,-3.57,-0.4,1.07
2024-03-28,000981,10.81,10.96,11.06,10.76,525139,82496599.56,2.78,1.39,0.15,0.81
2024-03-29,000981,11.11,11.16,11.31,11.01,488875,78601121.69,2.74,1.82,0.2,0.75
2024-04-01,000981,11.31,11.16,11.36,11.11,481420,77805521.79,2.24,0.0,0.0,0.74
2024-04-02,000981,11.16,11.01,11.21,10.91,615272,97049796.4,2.69,-1.34,-0.15,0.95
2024-04-03,000981,10.96,10.86,11.01,10.71,531971,82119496.21,2.72,-1.36,-0.15,0.82
2024-04-08,000981,10.86,10.81,11.01,10.76,405657,63110697.24,2.3,-0.46,-0.05,0.62
2024-04-09,000981,10.81,10.81,10.86,10.71,341150,52333320.93,1.39,0.0,0.0,0.52
2024-04-10,000981,10.86,10.61,10.86,10.61,357563,54156534.88,2.31,-1.85,-0.2,0.55
2024-04-11,000981,10.51,10.61,10.71,10.46,332799,49829773.11,2.36,0.0,0.0,0.51
2024-04-12,000981,10.66,10.51,10.71,10.46,311482,46535709.68,2.36,-0.94,-0.1,0.48
2024-04-15,000981,10.51,10.26,10.56,10.01,606383,87094707.86,5.23,-2.38,-0.25,0.93
2024-04-16,000981,10.16,9.71,10.16,9.61,599264,81171836.52,5.36,-5.36,-0.55,0.92
2024-04-17,000981,9.71,10.01,10.11,9.71,506693,69776069.97,4.12,3.09,0.3,0.78
2024-04-18,000981,10.01,9.96,10.16,9.91,349320,48361727.16,2.5,-0.5,-0.05,0.54
2024-04-19,000981,9.96,9.91,10.01,9.86,236884,32263667.84,1.51,-0.5,-0.05,0.36
2024-04-22,000981,9.91,9.81,9.96,9.76,257908,34710448.41,2.02,-1.01,-0.1,0.4
2024-04-23,000981,9.81,9.96,10.01,9.76,281764,38373562.1,2.55,1.53,0.15,0.43
2024-04-24,000981,10.01,10.06,10.11,9.96,295090,40904692.23,1.51,1.0,0.1,0.45
2024-04-25,000981,10.11,10.26,10.36,10.06,411505,58852436.73,2.98,1.99,0.2,0.63
2024-04-26,000981,10.36,10.26,10.41,10.21,268719,38575533.82,1.95,0.0,0.0,0.41
2024-04-29,000981,10.26,10.76,10.81,10.26,766471,115003667.78,5.36,4.87,0.5,1.18
2024-04-30,000981,10.96,10.76,11.11,10.71,656116,101756341.48,3.72,0.0,0.0,1.01
2024-05-06,000981,10.91,10.86,11.06,10.81,592130,92246412.42,2.32,0.93,0.1,0.91
2024-05-07,000981,10.81,10.86,10.91,10.71,432356,66797199.0,1.84,0.0,0.0,0.66
2024-05-08,000981,10.91,10.76,10.91,10.76,285460,44079017.56,1.38,-0.92,-0.1,0.44
2024-05-09,000981,10.76,10.81,10.91,10.76,322411,49700012.1,1.39,0.46,0.05,0.5
2024-05-10,000981,10.81,10.61,10.86,10.61,433006,65673395.17,2.31,-1.85,-0.2,0.67
2024-05-13,000981,10.61,10.56,10.71,10.41,399519,59723051.01,2.83,-0.47,-0.05,0.61
2024-05-14,000981,10.56,10.61,10.71,10.51,308597,46484733.68,1.89,0.47,0.05,0.47
2024-05-15,000981,10.56,11.06,11.31,10.56,1193625,189933352.32,7.07,4.24,0.45,1.84
2024-05-16,000981,11.01,10.96,11.11,10.91,580299,91167097.64,1.81,-0.9,-0.1,0.89
2024-05-17,000981,10.96,10.86,11.06,10.76,542727,84451132.88,2.74,-0.91,-0.1,0.83
2024-05-20,000981,10.96,10.71,11.06,10.71,565939,87073295.08,3.22,-1.38,-0.15,0.87
2024-05-21,000981,10.71,10.76,10.81,10.61,301494,45803072.78,1.87,0.47,0.05,0.46
2024-05-22,000981,10.76,10.71,10.81,10.61,419774,63709784.34,1.86,-0.46,-0.05,0.65
2024-05-23,000981,10.66,10.51,10.71,10.46,388560,57856624.5,2.33,-1.87,-0.2,0.6
2024-05-24,000981,10.51,10.56,10.66,10.46,326772,48730535.77,1.9,0.48,0.05,0.5
2024-05-27,000981,10.61,10.61,10.66,10.56,201855,30236990.66,0.95,0.47,0.05,0.31
2024-05-28,000981,10.61,10.46,10.66,10.36,379766,56117704.22,2.83,-1.41,-0.15,0.58
2024-05-29,000981,10.41,10.36,10.46,10.16,466108,67202644.92,2.87,-0.96,-0.1,0.72
2024-05-30,000981,10.36,10.31,10.46,10.31,276615,40228977.35,1.45,-0.48,-0.05,0.43
2024-05-31,000981,10.26,10.26,10.41,10.21,280215,40260054.16,1.94,-0.48,-0.05,0.43
2024-06-03,000981,10.26,10.11,10.31,10.01,397197,55734405.62,2.92,-1.46,-0.15,0.61
2024-06-04,000981,10.06,10.06,10.11,9.91,327517,45223022.38,1.98,-0.49,-0.05,0.5
2024-06-05,000981,10.06,10.21,10.51,10.01,470330,67252141.93,4.97,1.49,0.15,0.72
2024-06-06,000981,10.11,9.91,10.21,9.81,571811,78384108.07,3.92,-2.94,-0.3,0.88
2024-06-07,000981,9.96,10.06,10.11,9.91,342297,47320073.94,2.02,1.51,0.15,0.53
2024-06-11,000981,10.06,10.06,10.16,9.96,232936,32391371.0,1.99,0.0,0.0,0.36
2024-06-12,000981,10.06,10.11,10.16,10.01,277112,38727840.4,1.49,0.5,0.05,0.43
2024-06-13,000981,10.11,10.01,10.16,9.96,248544,34415795.13,1.98,-0.99,-0.1,0.38
2024-06-14,000981,9.96,9.96,10.06,9.91,214363,29448857.25,1.5,-0.5,-0.05,0.33
2024-06-17,000981,10.01,9.96,10.11,9.91,210567,29064186.42,2.01,0.0,0.0,0.32
2024-06-18,000981,9.96,10.06,10.11,9.91,212340,29392779.17,2.01,1.0,0.1,0.33
2024-06-19,000981,10.06,10.01,10.11,9.96,164949,22805794.48,1.49,-0.5,-0.05,0.25
2024-06-20,000981,10.01,9.86,10.06,9.86,253127,34592207.56,2.0,-1.5,-0.15,0.39
2024-06-21,000981,9.91,9.86,9.96,9.86,186151,25241879.0,1.01,0.0,0.0,0.29
2024-06-24,000981,9.81,9.71,9.86,9.61,338894,44703617.35,2.54,-1.52,-0.15,0.52
2024-06-25,000981,9.66,9.76,9.81,9.61,248811,32910866.73,2.06,0.51,0.05,0.38
2024-06-26,000981,9.71,9.91,9.91,9.61,299140,39748617.44,3.07,1.54,0.15,0.46
2024-06-27,000981,9.86,9.76,10.01,9.76,278153,37637177.91,2.52,-1.51,-0.15,0.43
2024-06-28,000981,9.76,9.86,9.91,9.71,208657,28123272.44,2.05,1.02,0.1,0.32
2024-07-01,000981,9.91,10.01,10.06,9.86,237227,32611035.59,2.03,1.52,0.15,0.36
2024-07-02,000981,10.01,10.01,10.11,9.96,222070,30687624.64,1.5,0.0,0.0,0.34
2024-07-03,000981,10.01,9.96,10.06,9.91,176954,24308415.04,1.5,-0.5,-0.05,0.27
2024-07-04,000981,9.96,9.76,10.01,9.76,289546,38942333.88,2.51,-2.01,-0.2,0.44
2024-07-05,000981,9.76,9.81,9.91,9.66,224939,30062943.26,2.56,0.51,0.05,0.34
2024-07-08,000981,9.81,9.71,9.81,9.66,153556,20307608.2,1.53,-1.02,-0.1,0.24
2024-07-09,000981,9.71,9.66,9.76,9.51,295633,38513655.5,2.57,-0.51,-0.05,0.45
2024-07-10,000981,9.66,9.61,9.76,9.61,206255,27031878.0,1.55,-0.52,-0.05,0.32
2024-07-11,000981,9.66,9.81,9.86,9.66,360172,47972048.08,2.08,2.08,0.2,0.55
2024-07-12,000981,9.81,9.76,9.91,9.76,366411,49262857.44,1.53,-0.51,-0.05,0.56
2024-07-15,000981,9.66,9.36,9.66,9.21,714248,90146332.09,4.61,-4.1,-0.4,1.09
2024-07-16,000981,9.31,9.26,9.31,9.21,302313,37188840.53,1.07,-1.07,-0.1,0.46
2024-07-17,000981,9.21,9.26,9.31,9.16,133097,16401003.53,1.62,0.0,0.0,0.2
2024-07-18,000981,9.26,9.26,9.26,9.16,138798,16964985.58,1.08,0.0,0.0,0.21
2024-07-19,000981,9.21,9.26,9.26,9.16,216903,26484541.52,1.08,0.0,0.0,0.33
2024-07-22,000981,9.26,8.66,9.26,8.66,1107371,126773176.97,6.48,-6.48,-0.6,1.7
2024-07-23,000981,8.46,8.11,8.46,8.11,514088,51930878.0,4.04,-6.35,-0.55,0.79
2024-07-24,000981,7.61,7.61,7.61,7.61,119187,10726830.0,0.0,-6.17,-0.5,0.18
2024-07-25,000981,7.16,7.16,7.16,7.16,129700,10505700.0,0.0,-5.91,-0.45,0.2
2024-07-26,000981,6.96,7.41,7.56,6.96,4473007,373360152.73,8.38,3.49,0.25,6.86
2024-07-29,000981,7.86,7.86,7.86,7.86,207641,19725917.8,0.0,6.07,0.45,0.32
2024-07-30,000981,8.36,8.36,8.36,8.36,95462,10023529.95,0.0,6.36,0.5,0.15
2024-07-31,000981,8.91,8.91,8.91,8.91,127401,14778503.24,0.0,6.58,0.55,0.2
2024-08-01,000981,9.51,9.51,9.51,9.21,4777986,610631983.44,3.37,6.73,0.6,7.32
2024-08-02,000981,9.51,10.16,10.16,8.91,7534488,958787258.68,13.14,6.83,0.65,11.55
2024-08-05,000981,9.86,9.46,10.21,9.46,6024608,804584363.71,7.38,-6.89,-0.7,9.23
2024-08-06,000981,9.21,9.21,9.66,8.96,3473054,424401004.61,7.4,-2.64,-0.25,5.32
2024-08-07,000981,9.06,9.11,9.31,9.01,2170200,260305594.93,3.26,-1.09,-0.1,3.33
2024-08-08,000981,9.01,9.41,9.66,8.91,3578280,444257641.23,8.23,3.29,0.3,5.48
2024-08-09,000981,9.26,9.36,9.61,9.16,2586288,322955417.75,4.78,-0.53,-0.05,3.96
2024-08-12,000981,9.21,9.01,9.26,9.01,1865406,224285783.38,2.67,-3.74,-0.35,2.86
2024-08-13,000981,9.01,8.91,9.11,8.76,1613831,187370533.61,3.88,-1.11,-0.1,2.47
2024-08-14,000981,8.81,9.01,9.11,8.76,1744981,203175483.88,3.93,1.12,0.1,2.67
2024-08-15,000981,8.91,8.91,9.06,8.81,1339302,155363178.74,2.77,-1.11,-0.1,2.05
2024-08-16,000981,8.96,8.76,9.06,8.71,1625537,187304669.48,3.93,-1.68,-0.15,2.49
2024-08-19,000981,8.71,8.46,8.71,8.26,2379541,257122848.24,5.14,-3.42,-0.3,3.65
2024-08-20,000981,8.36,9.01,9.01,8.36,3368170,387573259.07,7.68,6.5,0.55,5.16
2024-08-21,000981,8.91,8.66,9.01,8.66,2486664,282972173.92,3.88,-3.88,-0.35,3.81
2024-08-22,000981,8.66,8.46,8.81,8.46,1611581,176020517.27,4.04,-2.31,-0.2,2.47
2024-08-23,000981,8.46,8.66,8.91,8.41,2120584,235147014.78,5.91,2.36,0.2,3.25
2024-08-26,000981,8.56,8.61,8.71,8.46,1316799,143947230.21,2.89,-0.58,-0.05,2.02
2024-08-27,000981,8.56,8.46,8.61,8.41,1172058,126150786.38,2.32,-1.74,-0.15,1.8
2024-08-28,000981,8.41,8.46,8.56,8.41,870743,93431524.05,1.77,0.0,0.0,1.33
2024-08-29,000981,8.41,8.46,8.56,8.36,1184589,126544127.27,2.36,0.0,0.0,1.82
2024-08-30,000981,8.46,8.51,8.66,8.41,1336089,144898531.98,2.96,0.59,0.05,2.05
2024-09-02,000981,8.46,8.46,8.56,8.41,1003788,107861393.51,1.76,-0.59,-0.05,1.54
2024-09-03,000981,8.46,8.36,8.51,8.16,1298256,136253514.38,4.14,-1.18,-0.1,1.99
2024-09-04,000981,8.31,8.26,8.36,8.16,1213800,125077390.25,2.39,-1.2,-0.1,1.86
2024-09-05,000981,8.21,8.56,8.76,8.11,3182091,343023441.64,7.87,3.63,0.3,4.88
2024-09-06,000981,8.51,8.31,8.51,8.31,1741990,183607726.68,2.34,-2.92,-0.25,2.67
2024-09-09,000981,8.26,8.36,8.56,8.21,1510130,158617340.19,4.21,0.6,0.05,2.31
2024-09-10,000981,8.36,8.31,8.36,8.21,1092738,113231007.54,1.79,-0.6,-0.05,1.67
2024-09-11,000981,8.26,8.26,8.36,8.21,714290,73819290.25,1.81,-0.6,-0.05,1.09
2024-09-12,000981,8.26,8.21,8.31,8.21,765186,78664347.34,1.21,-0.61,-0.05,1.17
2024-09-13,000981,8.21,8.26,8.31,8.16,773373,79285512.15,1.83,0.61,0.05,1.19
2024-09-18,000981,8.21,8.21,8.26,8.16,581156,59274634.04,1.21,-0.61,-0.05,0.89
2024-09-19,000981,8.21,8.26,8.36,8.16,965160,99298026.91,2.44,0.61,0.05,1.48
2024-09-20,000981,8.26,8.26,8.26,8.16,675371,69038203.26,1.21,0.0,0.0,1.04
2024-09-23,000981,8.21,8.36,8.51,8.16,1944882,203506492.51,4.24,1.21,0.1,2.98
2024-09-24,000981,8.31,8.46,8.51,8.26,2084725,220410336.33,2.99,1.2,0.1,3.19
2024-09-25,000981,8.61,8.66,8.96,8.61,3052367,345314265.73,4.14,2.36,0.2,4.68
2024-09-26,000981,8.61,9.21,9.21,8.56,4521920,529236145.58,7.51,6.35,0.55,6.93
2024-09-27,000981,9.21,9.31,9.51,9.06,4519932,556934502.48,4.89,1.09,0.1,6.93
2024-09-30,000981,9.36,9.81,9.86,9.21,7281639,931670574.03,6.98,5.37,0.5,11.16
2024-10-08,000981,10.41,9.86,10.46,9.36,8928564,1219785164.12,11.21,0.51,0.05,13.68
2024-10-09,000981,9.61,9.21,9.61,9.21,4027697,499333051.71,4.06,-6.59,-0.65,6.17
2024-10-10,000981,9.01,8.86,9.16,8.66,3903232,448979563.05,5.43,-3.8,-0.35,5.98
2024-10-11,000981,8.81,8.86,9.01,8.71,2439126,279889203.73,3.39,0.0,0.0,3.74
2024-10-14,000981,8.86,8.86,8.91,8.71,2367482,270055892.88,2.26,0.0,0.0,3.63
2024-10-15,000981,8.81,8.66,8.86,8.61,2411592,271099059.17,2.82,-2.26,-0.2,3.7
2024-10-16,000981,8.51,8.66,8.76,8.41,2342195,258317006.22,4.04,0.0,0.0,3.59
2024-10-17,000981,8.66,8.76,9.01,8.66,2991530,341756447.54,4.04,1.15,0.1,4.58
2024-10-18,000981,8.66,8.76,8.86,8.56,2909647,324714093.68,3.42,0.0,0.0,4.46
2024-10-21,000981,8.71,8.66,8.81,8.66,2306325,258178506.38,1.71,-1.14,-0.1,3.53
2024-10-22,000981,8.61,9.21,9.21,8.56,5649002,658970927.23,7.51,6.35,0.55,8.66
2024-10-23,000981,9.21,9.11,9.31,9.01,5422502,656412248.5,3.26,-1.09,-0.1,8.31
2024-10-24,000981,9.06,9.26,9.51,9.01,4377670,539981178.96,5.49,1.65,0.15,6.71
2024-10-25,000981,9.26,9.16,9.26,9.11,3109023,377263801.37,1.62,-1.08,-0.1,4.76
2024-10-28,000981,9.21,9.76,9.76,9.16,5583972,719516031.4,6.55,6.55,0.6,8.56
2024-10-29,000981,9.81,9.86,10.16,9.66,6954177,941075311.62,5.12,1.02,0.1,10.66
2024-10-30,000981,9.86,10.31,10.56,9.51,6994855,975414938.73,10.65,4.56,0.45,10.72
2024-10-31,000981,10.16,10.26,10.86,10.06,7215799,1065993679.86,7.76,-0.48,-0.05,11.06
2024-11-01,000981,10.26,9.91,10.36,9.61,5432356,749336986.61,7.31,-3.41,-0.35,8.33
2024-11-04,000981,9.76,9.91,10.01,9.76,3316835,449051000.14,2.52,0.0,0.0,5.08
2024-11-05,000981,9.81,10.61,10.61,9.81,5573195,802501628.95,8.07,7.06,0.7,8.54
2024-11-06,000981,11.01,11.36,11.36,10.81,7958659,1294250752.63,5.18,7.07,0.75,12.2
2024-11-07,000981,12.21,12.21,12.21,11.36,6113320,1095518424.02,7.48,7.48,0.85,9.37
2024-11-08,000981,13.11,13.11,13.11,13.11,973623,194724650.0,0.0,7.37,0.9,1.49
2024-11-11,000981,13.56,13.71,14.11,13.11,19744204,4250576522.4,7.63,4.58,0.6,30.26
2024-11-12,000981,13.11,12.66,13.61,12.66,12146978,2359900824.36,6.93,-7.66,-1.05,18.62
2024-11-13,000981,12.16,12.06,12.66,11.81,9502184,1710622091.84,6.71,-4.74,-0.6,14.56
2024-11-14,000981,11.86,11.36,12.01,11.31,7939316,1354972619.01,5.8,-5.8,-0.7,12.17
2024-11-15,000981,11.26,11.31,11.81,11.26,6324801,1060158255.41,4.84,-0.44,-0.05,9.69
2024-11-18,000981,11.36,12.11,12.11,11.11,7451484,1280279613.92,8.84,7.07,0.8,11.42
2024-11-19,000981,12.11,12.56,12.91,11.76,11366829,2107681197.79,9.5,3.72,0.45,17.42
2024-11-20,000981,12.26,12.31,12.51,11.91,7423002,1351444128.69,4.78,-1.99,-0.25,11.38
2024-11-21,000981,12.16,12.06,12.61,12.01,5709323,1038223031.4,4.87,-2.03,-0.25,8.75
2024-11-22,000981,11.91,11.66,12.31,11.61,5597048,984456240.98,5.8,-3.32,-0.4,8.58
2024-11-25,000981,11.56,11.61,11.86,11.26,4530228,761312915.41,5.15,-0.43,-0.05,6.94
2024-11-26,000981,11.61,11.66,12.06,11.51,4103065,706794300.4,4.74,0.43,0.05,6.29
2024-11-27,000981,11.61,11.61,11.61,11.31,3597977,601215975.56,2.57,-0.43,-0.05,5.51
2024-11-28,000981,11.56,11.96,12.41,11.46,7272114,1300288921.93,8.18,3.01,0.35,11.14
2024-11-29,000981,11.81,11.86,11.96,11.51,5264980,903642921.92,3.76,-0.84,-0.1,8.07
2024-12-02,000981,11.76,12.76,12.76,11.71,7523288,1392418784.72,8.85,7.59,0.9,11.53
