datetime,sec_code,open,close,high,low,volume,turnover,amplitude,price_change_percentage,price_change_amount,turnover_rate
1994-05-09,000034,7.2,6.76,7.2,6.45,51947,34856208.0,14.42,30.0,1.56,12.99
1994-05-10,000034,6.85,7.47,7.5,6.5,62124,43905040.0,14.79,10.5,0.71,15.53
1994-05-11,000034,7.45,6.85,7.5,6.8,52600,38143280.0,9.37,-8.3,-0.62,13.15
1994-05-12,000034,6.7,6.9,7.2,6.6,35637,24785470.0,8.76,0.73,0.05,8.91
1994-05-13,000034,7.9,8.0,8.02,7.36,125360,96666584.0,9.57,15.94,1.1,31.34
1994-05-16,000034,8.2,8.05,8.28,7.96,66768,54133392.0,4.0,0.63,0.05,16.69
1994-05-17,000034,8.0,7.63,8.0,7.6,22209,17292706.0,4.97,-5.22,-0.42,5.55
1994-05-18,000034,7.55,7.36,7.6,7.25,20429,15185336.0,4.59,-3.54,-0.27,5.11
1994-05-19,000034,7.38,7.8,7.88,7.3,24170,18429000.0,7.88,5.98,0.44,6.04
1994-05-20,000034,7.75,7.62,7.88,7.6,20185,15650856.0,3.59,-2.31,-0.18,5.05
1994-05-23,000034,7.52,7.48,7.62,7.36,8577,6440560.5,3.41,-1.84,-0.14,2.14
1994-05-24,000034,7.43,7.57,7.6,7.43,5242,3959813.0,2.27,1.2,0.09,1.31
1994-05-25,000034,7.57,7.41,7.57,7.4,6073,4514112.0,2.25,-2.11,-0.16,1.52
1994-05-26,000034,7.36,7.29,7.55,7.27,7426,5439884.0,3.78,-1.62,-0.12,1.86
1994-05-27,000034,7.2,7.14,7.4,7.11,8936,6487353.0,3.98,-2.06,-0.15,2.23
1994-05-30,000034,7.1,6.68,7.12,6.65,13046,8879046.0,6.58,-6.44,-0.46,3.26
1994-05-31,000034,6.58,6.8,6.98,6.58,11419,7782745.0,5.99,1.8,0.12,2.85
1994-06-01,000034,6.8,6.5,6.82,6.47,8892,5897010.0,5.15,-4.41,-0.3,2.22
1994-06-02,000034,6.45,6.48,6.65,6.4,5751,3754524.0,3.85,-0.31,-0.02,1.44
1994-06-03,000034,6.5,6.48,6.75,6.45,5602,3691023.0,4.63,0.0,0.0,1.4
1994-06-06,000034,6.48,6.32,6.55,6.3,4076,2592896.25,3.86,-2.47,-0.16,1.02
1994-06-07,000034,6.25,6.26,6.4,6.23,1251,783955.0,2.69,-0.95,-0.06,0.31
1994-06-08,000034,6.25,6.3,6.45,6.1,4595,2868045.0,5.59,0.64,0.04,1.15
1994-06-09,000034,6.3,6.22,6.41,6.2,3411,2136803.0,3.33,-1.27,-0.08,0.85
1994-06-10,000034,6.22,6.23,6.38,6.18,3905,2441878.0,3.22,0.16,0.01,0.98
1994-06-13,000034,6.13,5.95,6.15,5.95,6072,3660356.25,3.21,-4.49,-0.28,1.52
1994-06-14,000034,5.9,5.72,5.96,5.68,6710,3888998.25,4.71,-3.87,-0.23,1.68
1994-06-15,000034,5.6,5.76,5.84,5.6,4274,2456378.0,4.2,0.7,0.04,1.07
1994-06-16,000034,5.8,5.95,6.05,5.7,8271,4849870.0,6.08,3.3,0.19,2.07
1994-06-17,000034,5.95,6.25,6.3,5.81,12706,7748146.5,8.24,5.04,0.3,3.18
1994-06-20,000034,6.2,5.88,6.27,5.8,13269,8045083.5,7.52,-5.92,-0.37,3.32
1994-06-21,000034,6.05,5.78,6.05,5.73,2732,1584793.88,5.44,-1.7,-0.1,0.68
1994-06-22,000034,5.75,5.82,5.92,5.75,3455,2015440.12,2.94,0.69,0.04,0.86
1994-06-23,000034,5.82,5.72,5.9,5.7,1418,821465.0,3.44,-1.72,-0.1,0.35
1994-06-24,000034,5.72,5.6,5.72,5.6,2540,1432760.25,2.1,-2.1,-0.12,0.64
1994-06-27,000034,5.5,5.25,5.5,5.25,4096,2184686.75,4.46,-6.25,-0.35,1.02
1994-06-28,000034,5.18,5.13,5.2,5.12,2490,1287104.88,1.52,-2.29,-0.12,0.62
1994-06-29,000034,5.1,5.01,5.25,5.0,2859,1458521.0,4.87,-2.34,-0.12,0.71
1994-06-30,000034,5.0,5.08,5.19,4.95,3389,1711111.88,4.79,1.4,0.07,0.85
1994-07-01,000034,5.1,4.91,5.1,4.9,2861,1430249.25,3.94,-3.35,-0.17,0.72
1994-07-04,000034,4.75,4.74,4.83,4.7,3409,1619672.88,2.65,-3.46,-0.17,0.85
1994-07-08,000034,4.56,4.74,4.75,4.53,6409,2980216.0,4.64,0.0,0.0,1.6
1994-07-11,000034,4.7,4.45,4.7,4.45,2695,1234000.0,5.27,-6.12,-0.29,0.67
1994-07-12,000034,4.4,4.45,4.6,4.4,1976,888735.88,4.49,0.0,0.0,0.49
1994-07-13,000034,4.45,4.51,4.53,4.45,1895,854441.0,1.8,1.35,0.06,0.47
1994-07-14,000034,4.51,4.47,4.58,4.45,2937,1331316.75,2.88,-0.89,-0.04,0.73
1994-07-15,000034,4.48,4.26,4.48,4.26,2283,993731.69,4.92,-4.7,-0.21,0.57
1994-07-18,000034,4.06,4.08,4.15,4.05,1636,667952.06,2.35,-4.23,-0.18,0.41
1994-07-19,000034,4.07,4.1,4.14,3.93,2631,1058888.12,5.15,0.49,0.02,0.66
1994-07-20,000034,4.1,3.93,4.12,3.93,4681,1887082.12,4.63,-4.15,-0.17,1.17
1994-07-21,000034,3.95,3.9,3.99,3.86,3095,1211415.0,3.31,-0.76,-0.03,0.77
1994-07-22,000034,3.85,3.89,4.03,3.84,3680,1455101.75,4.87,-0.26,-0.01,0.92
1994-07-25,000034,3.9,4.11,4.11,3.81,12414,4937285.0,7.71,5.66,0.22,3.1
1994-07-26,000034,4.1,4.29,4.3,4.04,17839,7465786.5,6.33,4.38,0.18,4.46
1994-07-27,000034,4.29,4.03,4.32,4.0,12753,5334899.5,7.46,-6.06,-0.26,3.19
1994-07-28,000034,3.98,3.78,3.98,3.75,7950,3101761.75,5.71,-6.2,-0.25,1.99
1994-07-29,000034,3.77,3.7,3.78,3.65,6294,2330978.75,3.44,-2.12,-0.08,1.57
1994-08-01,000034,4.38,5.0,5.03,4.26,32496,15375187.0,20.81,35.14,1.3,8.12
1994-08-02,000034,5.15,4.9,5.78,4.79,46620,25008716.0,19.8,-2.0,-0.1,11.66
1994-08-03,000034,4.85,5.95,6.0,4.85,41454,22494226.0,23.47,21.43,1.05,10.36
1994-08-04,000034,6.3,6.25,6.65,5.99,53272,33519916.0,11.09,5.04,0.3,13.32
1994-08-05,000034,6.25,6.82,6.9,6.2,44661,28912884.0,11.2,9.12,0.57,11.17
1994-08-08,000034,6.98,6.6,7.0,6.45,52630,35409536.0,8.06,-3.23,-0.22,13.16
1994-08-09,000034,6.5,6.1,6.5,6.05,24757,15547870.0,6.82,-7.58,-0.5,6.19
1994-08-10,000034,6.3,6.83,6.9,6.1,41319,26935488.0,13.11,11.97,0.73,10.33
1994-08-11,000034,7.15,6.6,7.2,6.5,69214,47892372.0,10.25,-3.37,-0.23,17.3
1994-08-12,000034,6.6,6.45,6.98,6.43,25718,17073976.0,8.33,-2.27,-0.15,6.43
1994-08-15,000034,6.45,6.45,6.79,6.2,27733,18005816.0,9.15,0.0,0.0,6.93
1994-08-16,000034,6.4,6.57,6.71,6.4,18980,12529317.0,4.81,1.86,0.12,4.75
1994-08-17,000034,6.6,6.7,6.7,6.51,9614,6368064.5,2.89,1.98,0.13,2.4
1994-08-18,000034,6.8,6.8,6.96,6.7,26090,17816410.0,3.88,1.49,0.1,6.52
1994-08-19,000034,6.75,6.56,6.92,6.45,29579,19781316.0,6.91,-3.53,-0.24,7.39
1994-08-22,000034,6.4,6.49,6.88,6.33,25301,16799460.0,8.38,-1.07,-0.07,6.33
1994-08-23,000034,6.49,6.64,6.68,6.4,16178,10577497.0,4.31,2.31,0.15,4.04
1994-08-24,000034,6.7,6.57,6.7,6.51,12478,8265067.5,2.86,-1.05,-0.07,3.12
1994-08-25,000034,6.5,6.38,6.58,6.35,11996,7753289.5,3.5,-2.89,-0.19,3.0
1994-08-26,000034,6.38,6.2,6.45,6.15,10172,6385908.0,4.7,-2.82,-0.18,2.54
1994-08-29,000034,6.15,6.1,6.36,5.95,11508,7087011.0,6.61,-1.61,-0.1,2.88
1994-08-30,000034,6.08,6.39,6.5,6.08,14582,9179326.0,6.89,4.75,0.29,3.65
1994-08-31,000034,6.5,6.78,6.8,6.35,32717,21619198.0,7.04,6.1,0.39,8.18
1994-09-01,000034,6.9,7.25,7.36,6.78,73417,52801816.0,8.55,6.93,0.47,18.35
1994-09-02,000034,7.2,8.15,8.3,7.2,106966,84633464.0,15.17,12.41,0.9,26.74
1994-09-05,000034,8.35,9.62,9.8,8.35,90715,83433424.0,17.79,18.04,1.47,22.68
1994-09-06,000034,10.2,11.0,11.0,9.5,123692,123961440.0,15.59,14.35,1.38,30.92
1994-09-07,000034,11.3,11.05,11.5,9.72,130452,142057216.0,16.18,0.45,0.05,32.61
1994-09-08,000034,11.2,13.87,14.0,11.2,169454,216539136.0,25.34,25.52,2.82,42.36
1994-09-09,000034,13.85,12.5,13.87,12.5,93339,123956984.0,9.88,-9.88,-1.37,23.33
1994-09-12,000034,13.1,12.7,13.3,12.5,92170,118440336.0,6.4,1.6,0.2,23.04
1994-09-13,000034,12.99,12.65,12.99,12.1,63028,79426904.0,7.01,-0.39,-0.05,15.76
1994-09-14,000034,12.5,11.82,12.66,11.5,40910,49033140.0,9.17,-6.56,-0.83,10.23
1994-09-15,000034,11.82,11.29,11.98,11.18,42763,49704004.0,6.77,-4.48,-0.53,10.69
1994-09-16,000034,11.9,11.43,11.9,11.2,48848,56009360.0,6.2,1.24,0.14,12.21
1994-09-19,000034,11.2,11.12,11.6,11.0,22985,25751112.0,5.25,-2.71,-0.31,5.75
1994-09-20,000034,10.88,10.7,11.28,10.69,26929,29433212.0,5.31,-3.78,-0.42,6.73
1994-09-21,000034,10.7,11.2,11.28,10.7,16697,18482866.0,5.42,4.67,0.5,4.17
1994-09-22,000034,11.4,11.0,11.4,10.7,20001,22111082.0,6.25,-1.79,-0.2,5.0
1994-09-23,000034,10.79,10.63,10.8,10.5,15496,16505101.0,2.73,-3.36,-0.37,3.87
1994-09-26,000034,10.5,10.9,10.99,10.43,13478,14552396.0,5.27,2.54,0.27,3.37
1994-09-27,000034,11.02,11.0,11.26,10.55,22044,24045612.0,6.51,0.92,0.1,5.51
1994-09-28,000034,11.08,11.13,11.3,10.01,40380,44815468.0,11.73,1.18,0.13,10.1
1994-09-29,000034,11.2,9.85,11.3,8.8,29450,30015442.0,22.46,-11.5,-1.28,7.36
1994-09-30,000034,9.8,8.83,9.8,8.75,36630,33050494.0,10.66,-10.36,-1.02,9.16
1994-10-05,000034,8.6,7.61,8.69,7.4,28194,22558430.0,14.61,-13.82,-1.22,7.05
1994-10-06,000034,7.61,7.05,8.0,6.9,23521,18057072.0,14.45,-7.36,-0.56,5.88
1994-10-07,000034,7.0,8.0,8.3,6.4,59201,43654808.0,26.95,13.48,0.95,14.8
1994-10-10,000034,7.8,7.45,7.8,7.1,41035,30976666.0,8.75,-6.88,-0.55,10.26
1994-10-11,000034,7.45,7.65,7.75,7.36,26132,19795330.0,5.23,2.68,0.2,6.53
1994-10-12,000034,7.7,7.84,8.06,7.6,29892,23418998.0,6.01,2.48,0.19,7.47
1994-10-13,000034,8.0,7.38,8.0,7.3,22238,16719837.0,8.93,-5.87,-0.46,5.56
1994-10-14,000034,7.25,7.58,7.75,6.88,41087,30132954.0,11.79,2.71,0.2,10.27
1994-10-17,000034,7.41,7.16,7.41,7.11,9794,7077427.0,3.96,-5.54,-0.42,2.45
1994-10-18,000034,7.0,7.18,7.3,7.0,4969,3569675.75,4.19,0.28,0.02,1.24
1994-10-19,000034,7.15,7.4,7.48,7.02,10402,7635739.5,6.41,3.06,0.22,2.6
1994-10-20,000034,7.6,7.8,7.8,7.42,29959,22790826.0,5.14,5.41,0.4,7.49
1994-10-21,000034,8.0,7.39,8.0,7.3,37026,28593968.0,8.97,-5.26,-0.41,9.26
1994-10-24,000034,7.38,8.0,8.0,7.38,27153,21070872.0,8.39,8.25,0.61,6.79
1994-10-25,000034,8.0,8.17,8.58,7.85,114408,94114320.0,9.13,2.13,0.17,28.6
1994-10-26,000034,8.17,8.25,8.49,8.08,66038,54807304.0,5.02,0.98,0.08,16.51
1994-10-27,000034,8.32,8.23,8.35,8.08,19078,15663336.0,3.27,-0.24,-0.02,4.77
1994-10-28,000034,8.3,7.88,8.3,7.8,13957,11216342.0,6.08,-4.25,-0.35,3.49
1994-10-31,000034,7.9,7.4,7.9,7.35,19351,14525507.0,6.98,-6.09,-0.48,4.84
1994-11-01,000034,7.3,7.25,7.42,7.0,14247,10279465.0,5.68,-2.03,-0.15,3.56
1994-11-02,000034,7.25,7.22,7.3,7.1,4927,3534993.75,2.76,-0.41,-0.03,1.23
1994-11-03,000034,7.25,7.45,7.6,7.2,16898,12569978.0,5.54,3.19,0.23,4.22
1994-11-04,000034,7.45,7.15,7.58,7.1,12555,9129859.0,6.44,-4.03,-0.3,3.14
1994-11-07,000034,7.0,7.1,7.15,6.9,5928,4165006.25,3.5,-0.7,-0.05,1.48
1994-11-08,000034,7.1,7.33,7.5,7.1,15555,11387322.0,5.63,3.24,0.23,3.89
1994-11-09,000034,7.35,7.42,7.45,7.2,16213,11905519.0,3.41,1.23,0.09,4.05
1994-11-10,000034,7.5,7.3,7.72,7.26,16418,12328752.0,6.2,-1.62,-0.12,4.1
1994-11-11,000034,7.25,7.65,7.65,7.25,13937,10397322.0,5.48,4.79,0.35,3.48
1994-11-14,000034,7.7,7.6,7.78,7.5,19848,15222750.0,3.66,-0.65,-0.05,4.96
1994-11-15,000034,7.4,7.37,7.49,7.35,10557,7795114.0,1.84,-3.03,-0.23,2.64
1994-11-16,000034,7.35,7.4,7.4,7.25,5799,4237334.0,2.04,0.41,0.03,1.45
1994-11-17,000034,7.33,7.2,7.35,7.18,4057,2941747.5,2.3,-2.7,-0.2,1.01
1994-11-18,000034,7.0,7.14,7.2,6.99,12808,9045409.0,2.92,-0.83,-0.06,2.75
1994-11-21,000034,7.0,7.05,7.1,7.0,3543,2501219.0,1.4,-1.26,-0.09,0.76
1994-11-22,000034,7.01,7.06,7.08,7.01,3822,2695814.25,0.99,0.14,0.01,0.82
1994-11-23,000034,7.03,7.03,7.04,7.0,4061,2850523.75,0.57,-0.42,-0.03,0.87
1994-11-24,000034,7.03,7.0,7.08,6.95,3370,2359910.0,1.85,-0.43,-0.03,0.72
1994-11-25,000034,7.0,7.08,7.15,7.0,6081,4314924.5,2.14,1.14,0.08,1.31
1994-11-28,000034,7.0,7.06,7.08,7.0,3774,2659764.25,1.13,-0.28,-0.02,0.81
1994-11-29,000034,7.06,7.38,7.38,7.0,4825,3432522.75,5.38,4.53,0.32,1.04
1994-11-30,000034,7.4,7.23,7.43,7.2,19289,14131236.0,3.12,-2.03,-0.15,4.15
1994-12-02,000034,7.23,6.96,7.23,6.95,4821,3382000.0,3.87,-3.73,-0.27,1.04
1994-12-05,000034,6.96,6.7,6.96,6.65,6334,4294051.5,4.45,-3.74,-0.26,1.36
1994-12-06,000034,6.6,6.52,6.61,6.49,6312,4124028.5,1.79,-2.69,-0.18,1.36
1994-12-07,000034,6.5,6.62,6.66,6.5,2314,1522701.88,2.45,1.53,0.1,0.5
1994-12-08,000034,6.65,6.48,6.65,6.48,3693,2410573.0,2.57,-2.11,-0.14,0.79
1994-12-09,000034,6.5,6.43,6.57,6.35,2536,1633788.0,3.4,-0.77,-0.05,0.55
1994-12-12,000034,6.4,6.22,6.4,6.2,3249,2035334.25,3.11,-3.27,-0.21,0.7
1994-12-13,000034,6.1,6.39,6.45,6.1,6169,3898115.75,5.63,2.73,0.17,1.33
1994-12-14,000034,6.4,6.22,6.4,6.2,4712,2956805.5,3.13,-2.66,-0.17,1.01
1994-12-15,000034,6.2,6.98,7.0,6.18,23842,15859911.0,13.18,12.22,0.76,5.13
1994-12-16,000034,6.98,7.14,7.65,6.52,71341,52172236.0,16.19,2.29,0.16,15.34
1994-12-19,000034,7.1,6.8,7.38,6.71,26632,18730984.0,9.38,-4.76,-0.34,5.73
1994-12-20,000034,6.8,6.95,7.09,6.72,13164,9070698.0,5.44,2.21,0.15,2.83
1994-12-21,000034,6.81,6.8,7.0,6.78,9728,6684185.0,3.17,-2.16,-0.15,2.09
1994-12-22,000034,6.85,6.71,6.85,6.48,7445,4928754.0,5.44,-1.32,-0.09,1.6
1994-12-23,000034,6.67,6.72,6.95,6.51,8840,5978195.0,6.56,0.15,0.01,1.9
1994-12-26,000034,6.72,6.57,6.72,6.54,2261,1492148.0,2.68,-2.23,-0.15,0.49
1994-12-27,000034,6.55,6.58,6.69,6.53,2193,1444321.88,2.44,0.15,0.01,0.47
1994-12-28,000034,6.54,6.65,6.75,6.5,5559,3655971.5,3.8,1.06,0.07,1.2
1994-12-29,000034,6.7,6.61,6.7,6.6,2848,1885301.0,1.5,-0.6,-0.04,0.61
1994-12-30,000034,6.6,6.8,6.85,6.6,4490,3028825.5,3.78,2.87,0.19,0.97
1995-01-03,000034,6.6,6.65,6.7,6.5,1949,1287027.0,2.94,-2.21,-0.15,0.42
1995-01-04,000034,6.65,6.82,6.85,6.55,3377,2275422.0,4.51,2.56,0.17,0.73
1995-01-05,000034,6.82,6.75,6.95,6.7,6306,4284296.5,3.67,-1.03,-0.07,1.36
1995-01-06,000034,6.75,6.75,6.82,6.67,4023,2714720.5,2.22,0.0,0.0,0.87
1995-01-09,000034,6.75,6.6,6.8,6.56,3601,2398986.25,3.56,-2.22,-0.15,0.77
1995-01-10,000034,6.3,6.4,6.47,6.28,4911,3128307.0,2.88,-3.03,-0.2,1.06
1995-01-11,000034,6.7,6.61,6.74,6.5,7249,4807537.0,3.75,3.28,0.21,1.56
1995-01-12,000034,6.61,6.48,6.7,6.42,5551,3629243.75,4.24,-1.97,-0.13,1.19
1995-01-13,000034,6.48,6.48,6.53,6.38,5529,3577263.25,2.31,0.0,0.0,1.19
1995-01-16,000034,6.65,6.26,6.65,6.21,11584,7420710.5,6.79,-3.4,-0.22,2.49
1995-01-17,000034,5.69,5.88,6.07,5.67,5749,2843455.5,6.39,-6.07,-0.38,1.07
1995-01-18,000034,5.88,5.89,5.9,5.73,1843,914496.56,2.89,0.17,0.01,0.34
1995-01-19,000034,5.9,5.45,5.9,5.44,3627,1727902.75,7.81,-7.47,-0.44,0.67
1995-01-20,000034,5.45,5.49,6.48,5.33,5869,2804208.25,21.1,0.73,0.04,1.09
1995-01-23,000034,5.38,5.34,5.46,5.22,2716,1227632.0,4.37,-2.73,-0.15,0.5
1995-01-24,000034,5.28,5.42,5.51,5.28,2504,1138819.12,4.31,1.5,0.08,0.47
1995-01-25,000034,5.51,5.51,5.53,5.44,4579,2130150.75,1.66,1.66,0.09,0.85
1995-01-26,000034,5.51,5.42,5.51,5.39,3986,1836748.75,2.18,-1.63,-0.09,0.74
1995-01-27,000034,5.42,5.51,5.56,5.35,4559,2108081.75,3.87,1.66,0.09,0.85
1995-02-13,000034,5.51,5.54,5.56,5.28,872,404608.0,5.08,0.54,0.03,0.16
1995-02-14,000034,5.44,5.51,5.59,5.44,691,321315.0,2.71,-0.54,-0.03,0.13
1995-02-15,000034,5.46,5.46,5.52,5.46,477,220851.0,1.09,-0.91,-0.05,0.09
1995-02-16,000034,5.56,5.49,5.56,5.46,874,407284.0,1.83,0.55,0.03,0.16
1995-02-17,000034,5.44,5.52,5.52,5.43,755,350320.0,1.64,0.55,0.03,0.14
1995-02-20,000034,5.52,5.46,5.52,5.44,328,152060.81,1.45,-1.09,-0.06,0.06
1995-02-21,000034,5.44,5.51,5.51,5.42,495,229284.0,1.65,0.92,0.05,0.09
1995-02-22,000034,5.5,6.16,6.45,5.46,9973,5028386.5,17.97,11.8,0.65,1.85
1995-02-23,000034,6.13,5.99,6.22,5.7,13198,6723061.0,8.44,-2.76,-0.17,2.45
1995-02-24,000034,5.99,5.68,6.07,5.67,5550,2736150.0,6.68,-5.18,-0.31,1.03
1995-02-27,000034,5.9,5.69,6.11,5.66,8961,4410604.0,7.92,0.18,0.01,1.66
1995-02-28,000034,5.65,5.65,5.73,5.61,1223,585572.44,2.11,-0.7,-0.04,0.23
1995-03-01,000034,5.65,5.72,5.76,5.52,1212,582002.38,4.25,1.24,0.07,0.23
1995-03-02,000034,5.72,5.73,5.76,5.67,1368,662659.19,1.57,0.17,0.01,0.25
1995-03-03,000034,5.74,5.81,5.92,5.74,6355,3124118.0,3.14,1.4,0.08,1.18
1995-03-06,000034,5.81,6.22,6.22,5.81,15172,7792339.5,7.06,7.06,0.41,2.82
1995-03-07,000034,6.25,6.49,6.59,6.13,32412,17580270.0,7.4,4.34,0.27,6.02
1995-03-08,000034,6.48,6.42,6.53,6.3,12689,6928194.0,3.54,-1.08,-0.07,2.36
1995-03-09,000034,6.36,6.22,6.38,6.19,9177,4887670.5,2.96,-3.12,-0.2,1.71
1995-03-10,000034,6.13,6.05,6.19,6.02,6892,3557650.5,2.73,-2.73,-0.17,1.28
1995-03-13,000034,6.13,5.96,6.22,5.9,4750,2430100.0,5.29,-1.49,-0.09,0.88
1995-03-14,000034,5.96,5.9,6.02,5.9,2808,1412424.0,2.01,-1.01,-0.06,0.52
1995-03-15,000034,6.02,5.82,6.02,5.77,3327,1660172.88,4.24,-1.36,-0.08,0.62
1995-03-16,000034,5.81,5.92,5.92,5.76,1707,848720.44,2.75,1.72,0.1,0.32
1995-03-17,000034,5.38,5.99,6.02,5.38,2992,1457702.5,10.81,1.18,0.07,0.56
1995-03-20,000034,6.05,5.79,6.07,5.79,2516,1256993.62,4.67,-3.34,-0.2,0.47
1995-03-21,000034,5.79,5.9,5.91,5.76,2032,1007465.62,2.59,1.9,0.11,0.38
1995-03-22,000034,5.93,6.07,6.13,5.9,4713,2406457.75,3.9,2.88,0.17,0.88
1995-03-23,000034,6.13,5.95,6.13,5.9,5095,2596411.75,3.79,-1.98,-0.12,0.95
1995-03-24,000034,5.93,6.05,6.06,5.91,1682,855801.62,2.52,1.68,0.1,0.31
1995-03-27,000034,6.14,6.08,6.14,5.96,2436,1256488.75,2.98,0.5,0.03,0.45
1995-03-28,000034,6.11,6.02,6.11,5.93,1487,761046.62,2.96,-0.99,-0.06,0.28
1995-03-29,000034,6.02,6.08,6.12,5.98,1932,992275.25,2.33,1.0,0.06,0.36
1995-03-30,000034,6.08,6.05,6.19,6.04,7293,3761729.5,2.47,-0.49,-0.03,1.36
1995-03-31,000034,6.02,6.13,6.18,6.02,4601,2377796.75,2.64,1.32,0.08,0.85
1995-04-03,000034,6.19,6.26,6.3,6.18,6407,3388158.0,1.96,2.12,0.13,1.19
1995-04-04,000034,6.23,6.22,6.26,6.18,2989,1573331.0,1.28,-0.64,-0.04,0.56
1995-04-05,000034,6.25,6.16,6.25,6.13,2545,1338819.0,1.93,-0.96,-0.06,0.47
1995-04-06,000034,6.13,6.25,6.25,6.13,2592,1358413.0,1.95,1.46,0.09,0.48
1995-04-07,000034,6.19,6.33,6.38,6.19,8614,4615118.0,3.04,1.28,0.08,1.6
1995-04-10,000034,6.59,6.5,6.59,6.39,15671,8611350.0,3.16,2.69,0.17,2.91
1995-04-11,000034,6.48,6.19,6.48,6.13,10448,5604439.0,5.38,-4.77,-0.31,1.94
1995-04-12,000034,6.19,6.2,6.22,6.13,4755,2494323.0,1.45,0.16,0.01,0.88
1995-04-13,000034,6.19,6.13,6.25,6.11,2486,1301049.0,2.26,-1.13,-0.07,0.46
1995-04-14,000034,6.13,6.19,6.2,6.11,1980,1031738.0,1.47,0.98,0.06,0.37
1995-04-17,000034,6.23,6.12,6.23,6.1,1215,631782.0,2.1,-1.13,-0.07,0.23
1995-04-18,000034,6.07,6.07,6.18,6.07,1069,552741.0,1.8,-0.82,-0.05,0.2
1995-04-19,000034,6.05,6.11,6.13,6.05,1293,668366.0,1.32,0.66,0.04,0.24
1995-04-20,000034,6.1,6.1,6.18,6.06,1556,803982.0,1.96,-0.16,-0.01,0.29
1995-04-21,000034,6.1,5.96,6.11,5.93,3869,1970059.0,2.95,-2.3,-0.14,0.72
1995-04-24,000034,5.9,5.73,5.9,5.67,3317,1618359.0,3.86,-3.86,-0.23,0.62
1995-04-25,000034,5.73,5.58,5.73,5.51,3677,1730014.0,3.84,-2.62,-0.15,0.68
1995-04-26,000034,5.59,5.39,5.73,5.38,3251,1513651.0,6.27,-3.41,-0.19,0.6
1995-04-27,000034,5.33,5.07,5.61,4.75,9191,3932902.0,15.96,-5.94,-0.32,1.71
1995-04-28,000034,5.07,5.15,5.23,5.06,6528,2827388.0,3.35,1.58,0.08,1.21
1995-05-02,000034,4.93,4.91,5.0,4.87,5630,2342219.0,2.52,-4.66,-0.24,1.05
1995-05-03,000034,4.91,4.92,4.98,4.89,1878,780747.0,1.83,0.2,0.01,0.35
1995-05-04,000034,4.92,4.84,4.92,4.81,1673,682586.0,2.24,-1.63,-0.08,0.31
1995-05-05,000034,4.82,4.82,4.87,4.75,1824,738309.0,2.48,-0.41,-0.02,0.34
1995-05-08,000034,4.77,4.81,4.82,4.74,1458,585754.0,1.66,-0.21,-0.01,0.27
1995-05-09,000034,4.76,4.84,4.89,4.76,1708,694891.0,2.7,0.62,0.03,0.32
1995-05-10,000034,4.84,4.68,4.84,4.66,1874,749447.0,3.72,-3.31,-0.16,0.35
1995-05-11,000034,4.68,4.69,4.75,4.68,989,391682.0,1.5,0.21,0.01,0.18
1995-05-12,000034,4.7,4.82,4.92,4.69,2433,990672.0,4.9,2.77,0.13,0.45
1995-05-15,000034,4.83,4.78,4.87,4.75,739,297536.0,2.49,-0.83,-0.04,0.14
1995-05-16,000034,4.78,4.76,4.78,4.75,1151,462400.0,0.63,-0.42,-0.02,0.21
1995-05-17,000034,4.76,4.82,4.87,4.75,1315,529122.0,2.52,1.26,0.06,0.24
1995-05-18,000034,8.2,6.53,8.2,5.9,53596,30023440.0,47.72,35.48,1.71,9.96
1995-05-19,000034,6.65,6.81,6.94,6.36,33331,18959758.0,8.88,4.29,0.28,6.19
1995-05-22,000034,7.37,7.11,7.4,6.82,59764,36436312.0,8.52,4.41,0.3,11.1
1995-05-23,000034,6.36,5.74,6.58,5.67,33537,17341448.0,12.8,-19.27,-1.37,6.23
1995-05-24,000034,5.56,5.66,5.99,5.56,9982,4852384.0,7.49,-1.39,-0.08,1.85
1995-05-25,000034,5.67,5.33,5.87,5.33,6727,3185548.0,9.54,-5.83,-0.33,1.25
1995-05-26,000034,5.33,5.56,6.25,5.13,10041,4634898.0,21.01,4.32,0.23,1.87
1995-05-29,000034,5.61,5.44,5.61,5.33,3721,1709117.0,5.04,-2.16,-0.12,0.69
1995-05-30,000034,5.44,5.46,5.56,5.38,1793,831586.0,3.31,0.37,0.02,0.33
1995-05-31,000034,5.44,5.39,5.44,5.33,1403,637241.0,2.01,-1.28,-0.07,0.26
1995-06-01,000034,5.44,5.43,5.44,5.34,1159,528270.0,1.86,0.74,0.04,0.22
1995-06-02,000034,5.42,5.43,5.45,5.38,2112,969089.0,1.29,0.0,0.0,0.39
1995-06-05,000034,5.45,5.21,5.45,5.21,1710,767373.0,4.42,-4.05,-0.22,0.32
1995-06-06,000034,5.12,5.18,5.21,5.12,2238,972661.0,1.73,-0.58,-0.03,0.42
1995-06-07,000034,5.18,5.31,5.33,5.16,3173,1394841.0,3.28,2.51,0.13,0.59
1995-06-09,000034,5.19,5.2,5.27,5.16,1490,655094.0,2.07,-2.07,-0.11,0.28
1995-06-12,000034,5.21,5.13,5.21,5.1,1532,664000.0,2.12,-1.35,-0.07,0.28
1995-06-13,000034,5.11,5.18,5.19,5.11,648,281082.0,1.56,0.97,0.05,0.12
1995-06-14,000034,5.12,5.14,5.19,5.12,750,326066.0,1.35,-0.77,-0.04,0.14
1995-06-15,000034,5.13,4.85,5.15,4.75,5008,2056845.0,7.78,-5.64,-0.29,0.93
1995-06-16,000034,4.81,4.91,4.95,4.75,3671,1494113.0,4.12,1.24,0.06,0.68
1995-06-19,000034,4.87,4.84,4.87,4.77,1029,418055.0,2.04,-1.43,-0.07,0.19
1995-06-20,000034,4.84,4.85,4.92,4.82,536,219771.0,2.07,0.21,0.01,0.1
1995-06-21,000034,4.85,4.88,4.88,4.8,899,367082.0,1.65,0.62,0.03,0.17
1995-06-22,000034,4.88,4.84,4.9,4.82,567,232363.0,1.64,-0.82,-0.04,0.11
1995-06-23,000034,4.82,4.84,4.89,4.82,1342,548471.0,1.45,0.0,0.0,0.25
1995-06-26,000034,4.84,4.97,4.98,4.84,2700,1118739.0,2.89,2.69,0.13,0.5
1995-06-27,000034,4.98,4.89,5.01,4.87,1902,789006.0,2.82,-1.61,-0.08,0.35
1995-06-28,000034,4.9,4.93,4.95,4.87,1639,676324.0,1.64,0.82,0.04,0.3
1995-06-29,000034,4.89,4.91,4.93,4.87,1454,599070.0,1.22,-0.41,-0.02,0.27
1995-06-30,000034,4.87,4.84,4.92,4.81,2166,883760.0,2.24,-1.43,-0.07,0.4
1995-07-03,000034,4.76,4.77,4.81,4.75,1190,478619.0,1.24,-1.45,-0.07,0.22
1995-07-04,000034,4.75,4.8,4.81,4.75,859,346147.0,1.26,0.63,0.03,0.16
1995-07-05,000034,4.78,4.82,4.83,4.75,891,359198.0,1.67,0.42,0.02,0.17
1995-07-06,000034,4.75,4.78,4.89,4.75,793,322312.0,2.9,-0.83,-0.04,0.15
1995-07-07,000034,4.88,4.97,4.97,4.77,1994,820032.0,4.18,3.97,0.19,0.37
1995-07-10,000034,4.98,4.9,4.98,4.81,2554,1053966.0,3.42,-1.41,-0.07,0.47
1995-07-11,000034,4.91,4.8,4.91,4.78,1586,643000.0,2.65,-2.04,-0.1,0.29
1995-07-12,000034,4.8,4.8,4.82,4.78,797,322021.0,0.83,0.0,0.0,0.15
1995-07-13,000034,4.8,4.83,4.87,4.78,1703,691179.0,1.88,0.63,0.03,0.32
1995-07-14,000034,4.92,4.84,4.92,4.82,3237,1321905.0,2.07,0.21,0.01,0.6
1995-07-17,000034,4.85,4.97,5.03,4.76,7412,3097580.0,5.58,2.69,0.13,1.38
1995-07-18,000034,4.98,4.92,4.98,4.87,2545,1049661.0,2.21,-1.01,-0.05,0.47
1995-07-19,000034,4.9,4.78,4.91,4.75,2521,1026313.0,3.25,-2.85,-0.14,0.47
1995-07-20,000034,4.78,4.83,4.92,4.78,2454,1000027.0,2.93,1.05,0.05,0.46
1995-07-21,000034,4.81,4.88,4.88,4.78,5087,2064159.0,2.07,1.04,0.05,0.95
1995-07-24,000034,4.88,4.85,4.96,4.85,2341,964760.0,2.25,-0.61,-0.03,0.43
1995-07-25,000034,4.85,4.85,4.85,4.81,1842,747553.0,0.82,0.0,0.0,0.34
1995-07-26,000034,4.85,4.89,4.97,4.85,4031,1666840.0,2.47,0.82,0.04,0.75
1995-07-27,000034,4.9,4.87,4.9,4.84,1406,575884.0,1.23,-0.41,-0.02,0.26
1995-07-28,000034,4.87,4.85,4.97,4.83,820,336321.0,2.87,-0.41,-0.02,0.15
1995-07-31,000034,4.83,4.81,4.83,4.8,775,314027.0,0.62,-0.82,-0.04,0.14
1995-08-01,000034,4.84,4.85,4.85,4.8,900,366317.0,1.04,0.83,0.04,0.17
1995-08-02,000034,4.91,4.82,4.91,4.81,2277,931785.0,2.06,-0.62,-0.03,0.42
1995-08-03,000034,4.78,4.82,4.83,4.78,1852,749653.0,1.04,0.0,0.0,0.34
1995-08-07,000034,4.76,4.91,4.91,4.76,3446,1412961.0,3.11,1.87,0.09,0.64
1995-08-08,000034,4.96,4.95,5.04,4.92,12917,5422867.0,2.44,0.81,0.04,2.4
1995-08-09,000034,4.98,5.05,5.08,4.96,9519,4036195.0,2.42,2.02,0.1,1.77
1995-08-10,000034,5.07,4.98,5.08,4.93,3836,1619347.0,2.97,-1.39,-0.07,0.71
1995-08-11,000034,4.96,4.98,5.0,4.87,4936,2053636.0,2.61,0.0,0.0,0.92
1995-08-14,000034,4.98,5.19,5.21,4.92,13438,5718318.0,5.82,4.22,0.21,2.5
1995-08-15,000034,5.19,5.01,5.19,5.01,6146,2637039.0,3.47,-3.47,-0.18,1.14
1995-08-16,000034,4.97,5.01,5.06,4.93,5990,2516881.0,2.59,0.0,0.0,1.11
1995-08-17,000034,5.01,5.0,5.12,4.96,7925,3357450.0,3.19,-0.2,-0.01,1.47
1995-08-18,000034,5.0,5.26,5.5,4.96,33208,14786549.0,10.8,5.2,0.26,6.17
1995-08-21,000034,5.26,5.06,5.26,5.01,11530,5037257.0,4.75,-3.8,-0.2,2.14
1995-08-22,000034,4.98,4.98,5.13,4.97,5685,2406235.0,3.16,-1.58,-0.08,1.06
1995-08-23,000034,5.04,4.93,5.07,4.92,3653,1532016.0,3.01,-1.0,-0.05,0.68
1995-08-24,000034,4.93,4.93,5.01,4.87,2621,1086629.0,2.84,0.0,0.0,0.49
1995-08-25,000034,4.93,4.87,4.93,4.81,2804,1152322.0,2.43,-1.22,-0.06,0.52
1995-08-28,000034,4.55,4.54,4.65,4.52,4837,1848971.0,2.67,-6.78,-0.33,0.9
1995-08-29,000034,4.52,4.5,4.55,4.49,4593,1747647.0,1.32,-0.88,-0.04,0.85
1995-08-30,000034,4.5,4.41,4.52,4.38,1534,573809.0,3.11,-2.0,-0.09,0.29
1995-08-31,000034,4.41,4.46,4.5,4.41,1920,715970.0,2.04,1.13,0.05,0.36
1995-09-04,000034,4.29,4.43,4.5,4.29,1327,495973.0,4.71,-0.67,-0.03,0.25
1995-09-05,000034,4.5,4.46,4.52,4.41,2927,1099078.0,2.48,0.68,0.03,0.54
1995-09-06,000034,4.5,4.52,4.55,4.46,1133,427000.0,2.02,1.35,0.06,0.21
1995-09-07,000034,4.58,4.5,4.6,4.5,1535,585775.0,2.21,-0.44,-0.02,0.29
1995-09-08,000034,4.46,4.43,4.46,4.37,2502,926542.0,2.0,-1.56,-0.07,0.46
1995-09-11,000034,4.41,4.45,4.46,4.41,1015,377812.0,1.13,0.45,0.02,0.19
1995-09-12,000034,4.51,4.41,4.58,4.41,2144,801542.0,3.82,-0.9,-0.04,0.4
1995-09-13,000034,4.41,4.41,4.49,4.38,1869,691827.0,2.49,0.0,0.0,0.35
1995-09-14,000034,4.42,4.46,4.5,4.41,2441,909595.0,2.04,1.13,0.05,0.45
1995-09-15,000034,4.5,4.46,4.5,4.41,1263,471215.0,2.02,0.0,0.0,0.23
1995-09-18,000034,4.46,4.42,4.46,4.41,834,310526.0,1.12,-0.9,-0.04,0.15
1995-09-19,000034,4.46,4.34,4.46,4.34,1678,618995.0,2.71,-1.81,-0.08,0.31
1995-09-20,000034,4.31,4.27,4.32,4.26,2153,774709.0,1.38,-1.61,-0.07,0.4
1995-09-21,000034,4.27,4.46,4.46,4.18,2064,743858.0,6.56,4.45,0.19,0.38
1995-09-22,000034,4.43,4.46,4.46,4.3,3144,1160741.0,3.59,0.0,0.0,0.58
1995-09-25,000034,4.38,4.47,4.58,4.35,2616,990750.0,5.16,0.22,0.01,0.49
1995-09-26,000034,4.41,4.46,4.58,4.38,807,304130.0,4.47,-0.22,-0.01,0.15
1995-09-27,000034,4.46,4.35,4.46,4.34,1480,541846.0,2.69,-2.47,-0.11,0.27
1995-09-28,000034,4.35,4.35,4.35,4.32,1783,649018.0,0.69,0.0,0.0,0.33
1995-09-29,000034,4.29,4.41,4.64,4.29,2642,990351.0,8.05,1.38,0.06,0.49
1995-10-04,000034,4.41,4.46,4.52,4.39,1979,734630.0,2.95,1.13,0.05,0.37
1995-10-05,000034,4.46,4.46,4.46,4.41,789,292913.0,1.12,0.0,0.0,0.15
1995-10-06,000034,4.46,4.43,4.52,4.42,836,312492.0,2.24,-0.67,-0.03,0.16
1995-10-09,000034,4.41,4.41,4.51,4.35,785,288861.0,3.61,-0.45,-0.02,0.15
1995-10-10,000034,4.31,4.31,4.39,4.31,341,124041.0,1.81,-2.27,-0.1,0.06
1995-10-11,000034,4.32,4.21,4.39,4.19,1014,359715.0,4.64,-2.32,-0.1,0.19
1995-10-12,000034,4.28,4.18,4.28,4.14,2475,868348.0,3.33,-0.71,-0.03,0.46
1995-10-13,000034,4.22,4.2,4.22,4.18,703,246786.0,0.96,0.48,0.02,0.13
1995-10-16,000034,4.22,4.22,4.26,4.18,958,339714.0,1.9,0.48,0.02,0.18
1995-10-17,000034,4.2,4.22,4.27,4.2,386,137122.0,1.66,0.0,0.0,0.07
1995-10-18,000034,4.2,4.26,4.29,4.19,1473,521111.0,2.37,0.95,0.04,0.27
1995-10-19,000034,4.26,4.19,4.26,4.18,1358,479242.0,1.88,-1.64,-0.07,0.25
1995-10-20,000034,4.19,4.43,4.46,4.15,4063,1468580.0,7.4,5.73,0.24,0.75
1995-10-23,000034,4.44,4.38,4.47,4.31,3998,1480208.0,3.61,-1.13,-0.05,0.74
1995-10-24,000034,4.41,4.35,4.45,4.35,2041,749884.0,2.28,-0.68,-0.03,0.38
1995-10-25,000034,4.42,4.5,4.68,4.41,9756,3678224.0,6.21,3.45,0.15,1.81
1995-10-26,000034,4.46,4.36,4.47,4.34,2532,934925.0,2.89,-3.11,-0.14,0.47
1995-10-27,000034,4.35,4.24,4.35,4.23,2423,869977.0,2.75,-2.75,-0.12,0.45
1995-10-30,000034,4.26,4.18,4.27,4.18,1953,689183.0,2.12,-1.42,-0.06,0.36
1995-10-31,000034,4.16,4.18,4.21,4.16,1095,383835.0,1.2,0.0,0.0,0.2
1995-11-01,000034,4.18,4.2,4.23,4.15,1478,518776.0,1.91,0.48,0.02,0.27
1995-11-02,000034,4.21,4.16,4.21,4.16,1161,406663.0,1.19,-0.95,-0.04,0.22
1995-11-03,000034,4.2,4.21,4.21,4.15,880,308714.0,1.44,1.2,0.05,0.16
1995-11-06,000034,4.18,4.24,4.27,4.18,2403,845522.0,2.14,0.71,0.03,0.45
1995-11-07,000034,4.21,4.19,4.22,4.16,1824,639913.0,1.42,-1.18,-0.05,0.34
1995-11-08,000034,4.16,4.15,4.18,4.14,2161,752131.0,0.95,-0.95,-0.04,0.4
1995-11-09,000034,4.2,4.12,4.2,4.12,1510,522555.0,1.93,-0.72,-0.03,0.28
1995-11-10,000034,4.14,4.12,4.16,4.11,4581,1584782.0,1.21,0.0,0.0,0.85
1995-11-13,000034,4.06,4.08,4.13,4.06,1437,490183.0,1.7,-0.97,-0.04,0.27
1995-11-14,000034,4.0,4.06,4.08,4.0,2633,889710.0,1.96,-0.49,-0.02,0.49
1995-11-15,000034,4.04,4.09,4.11,3.99,3862,1301327.0,2.96,0.74,0.03,0.72
1995-11-16,000034,4.07,4.06,4.09,4.0,1678,568293.0,2.2,-0.73,-0.03,0.31
1995-11-17,000034,4.01,4.06,4.06,3.99,23,773488.0,1.72,0.0,0.0,0.0
1995-11-20,000034,4.01,4.06,4.06,4.0,482,163159.0,1.48,0.0,0.0,0.09
1995-11-21,000034,4.04,4.06,4.09,4.01,1426,483927.0,1.97,0.0,0.0,0.26
1995-11-22,000034,4.05,4.03,4.15,4.03,2266,773766.0,2.96,-0.74,-0.03,0.42
1995-11-23,000034,4.03,4.03,4.05,4.0,734,246808.0,1.24,0.0,0.0,0.14
1995-11-24,000034,4.03,4.11,4.12,4.03,3078,1054440.0,2.23,1.99,0.08,0.57
1995-11-27,000034,4.2,4.24,4.29,4.18,28499,10138146.0,2.68,3.16,0.13,5.3
1995-11-28,000034,4.2,4.21,4.23,4.13,8547,2991324.0,2.36,-0.71,-0.03,1.59
1995-11-29,000034,4.21,4.15,4.23,4.13,4329,1512077.38,2.38,-1.43,-0.06,0.8
1995-11-30,000034,4.07,4.14,4.22,4.04,4165,1429834.25,4.34,-0.24,-0.01,0.77
1995-12-01,000034,4.06,4.09,4.14,4.03,3385,1158292.75,2.66,-1.21,-0.05,0.63
1995-12-04,000034,4.06,4.06,4.13,4.06,1103,376585.5,1.71,-0.73,-0.03,0.2
1995-12-05,000034,4.12,4.09,4.12,4.06,648,222299.05,1.48,0.74,0.03,0.12
1995-12-06,000034,4.06,4.07,4.12,4.05,1742,596962.31,1.71,-0.49,-0.02,0.32
1995-12-07,000034,4.18,4.13,4.18,4.11,2623,909347.12,1.72,1.47,0.06,0.49
1995-12-08,000034,4.13,4.18,4.2,4.11,3480,1218990.38,2.18,1.21,0.05,0.65
1995-12-11,000034,4.15,4.08,4.19,4.06,2437,841919.5,3.11,-2.39,-0.1,0.45
1995-12-12,000034,3.95,4.11,4.15,3.95,3301,1116898.88,4.9,0.74,0.03,0.61
1995-12-13,000034,4.19,4.12,4.19,4.09,2657,811908.75,2.43,0.24,0.01,0.45
1995-12-14,000034,4.1,4.06,4.11,4.06,1592,480177.0,1.21,-1.46,-0.06,0.27
1995-12-15,000034,4.03,3.95,4.03,3.93,2019,593705.56,2.46,-2.71,-0.11,0.34
1995-12-18,000034,3.91,3.9,3.96,3.84,2263,651019.31,3.04,-1.27,-0.05,0.38
1995-12-19,000034,3.87,3.96,3.98,3.87,2258,654880.81,2.82,1.54,0.06,0.38
1995-12-20,000034,3.87,4.14,4.15,3.87,6325,1874803.25,7.07,4.55,0.18,1.07
1995-12-21,000034,4.14,4.02,4.19,4.02,7819,2367283.0,4.11,-2.9,-0.12,1.32
1995-12-22,000034,3.97,3.97,4.02,3.95,1364,400593.66,1.74,-1.24,-0.05,0.23
1995-12-25,000034,3.95,3.93,3.97,3.91,1504,435551.5,1.51,-1.01,-0.04,0.25
1995-12-26,000034,3.88,3.91,3.98,3.88,2124,617727.56,2.54,-0.51,-0.02,0.36
1995-12-27,000034,3.88,3.93,3.93,3.87,2184,626609.81,1.53,0.51,0.02,0.37
1995-12-28,000034,3.91,3.82,3.91,3.81,3252,918393.0,2.54,-2.8,-0.11,0.55
1995-12-29,000034,3.83,3.82,3.87,3.81,2134,601207.69,1.57,0.0,0.0,0.36
1996-01-02,000034,3.81,3.73,3.81,3.68,1546,423300.0,3.4,-2.36,-0.09,0.26
1996-01-03,000034,3.72,3.78,3.78,3.68,1144,314889.0,2.68,1.34,0.05,0.19
1996-01-04,000034,3.76,3.82,3.83,3.76,2730,764700.06,1.85,1.06,0.04,0.46
1996-01-05,000034,3.83,3.67,3.83,3.66,2044,559252.0,4.45,-3.93,-0.15,0.35
1996-01-08,000034,3.59,3.63,3.68,3.59,1343,359087.97,2.45,-1.09,-0.04,0.23
1996-01-09,000034,3.63,3.78,3.84,3.63,3359,926481.31,5.79,4.13,0.15,0.57
1996-01-10,000034,3.72,3.73,3.81,3.68,1798,492873.72,3.44,-1.32,-0.05,0.3
1996-01-11,000034,3.81,3.71,3.81,3.69,1006,274894.94,3.22,-0.54,-0.02,0.17
1996-01-12,000034,3.71,3.72,3.74,3.66,746,203475.58,2.16,0.27,0.01,0.13
1996-01-15,000034,3.74,3.74,3.74,3.66,1372,373384.97,2.15,0.54,0.02,0.23
1996-01-16,000034,3.73,3.73,3.81,3.69,946,260772.23,3.21,-0.27,-0.01,0.16
1996-01-17,000034,3.69,3.72,3.77,3.67,2008,546092.06,2.68,-0.27,-0.01,0.34
1996-01-18,000034,3.66,3.59,3.68,3.59,1029,273377.75,2.42,-3.49,-0.13,0.17
1996-01-19,000034,3.55,3.59,3.62,3.54,901,235821.05,2.23,0.0,0.0,0.15
1996-01-22,000034,3.58,3.52,3.58,3.49,603,155668.09,2.51,-1.95,-0.07,0.1
1996-01-23,000034,3.5,3.62,3.64,3.47,1528,395598.06,4.83,2.84,0.1,0.26
1996-01-24,000034,3.57,3.62,3.62,3.57,1418,372995.56,1.38,0.0,0.0,0.24
1996-01-25,000034,3.62,3.55,3.69,3.54,1765,470912.44,4.14,-1.93,-0.07,0.3
1996-01-26,000034,3.55,3.64,3.73,3.55,1441,383224.0,5.07,2.54,0.09,0.24
1996-01-29,000034,3.64,3.6,3.64,3.58,1113,293503.22,1.65,-1.1,-0.04,0.19
1996-01-30,000034,3.67,3.62,3.68,3.59,1952,518135.94,2.5,0.56,0.02,0.33
1996-01-31,000034,3.58,3.64,3.66,3.58,1141,302866.25,2.21,0.55,0.02,0.19
1996-02-01,000034,3.62,3.64,3.67,3.58,1006,266440.62,2.47,0.0,0.0,0.17
1996-02-02,000034,3.59,3.6,3.63,3.57,1426,375140.09,1.65,-1.1,-0.04,0.24
1996-02-05,000034,3.62,3.55,3.64,3.55,857,225673.62,2.5,-1.39,-0.05,0.14
1996-02-06,000034,3.53,3.5,3.57,3.5,1032,265683.91,1.97,-1.41,-0.05,0.17
1996-02-07,000034,3.49,3.5,3.52,3.49,929,237505.91,0.86,0.0,0.0,0.16
1996-02-08,000034,3.49,3.49,3.5,3.47,781,199524.59,0.86,-0.29,-0.01,0.13
1996-02-09,000034,3.47,3.5,3.54,3.47,431,110314.0,2.01,0.29,0.01,0.07
1996-02-12,000034,3.5,3.55,3.57,3.5,704,182991.09,2.0,1.43,0.05,0.12
1996-02-13,000034,3.57,3.63,3.63,3.55,1707,449455.47,2.25,2.25,0.08,0.29
1996-02-14,000034,3.62,3.58,3.68,3.57,1805,479912.62,3.03,-1.38,-0.05,0.3
1996-02-15,000034,3.62,3.59,3.62,3.58,824,217236.2,1.12,0.28,0.01,0.14
1996-02-16,000034,3.68,3.66,3.68,3.62,2033,544551.88,1.67,1.95,0.07,0.34
1996-03-04,000034,3.81,3.83,3.87,3.68,3810,1056954.12,5.19,4.64,0.17,0.64
1996-03-05,000034,3.87,3.73,3.87,3.69,2892,805565.31,4.7,-2.61,-0.1,0.49
1996-03-06,000034,3.68,3.59,3.71,3.54,1766,469341.0,4.56,-3.75,-0.14,0.3
1996-03-07,000034,3.55,3.6,3.62,3.55,832,219778.23,1.95,0.28,0.01,0.14
1996-03-08,000034,3.6,3.58,3.6,3.55,1039,271840.59,1.39,-0.56,-0.02,0.18
1996-03-11,000034,3.58,3.55,3.62,3.49,1248,324736.34,3.63,-0.84,-0.03,0.21
1996-03-12,000034,3.55,3.5,3.55,3.49,1056,270934.59,1.69,-1.41,-0.05,0.18
1996-03-13,000034,3.49,3.53,3.55,3.49,1028,264600.12,1.71,0.86,0.03,0.17
1996-03-14,000034,3.5,3.54,3.62,3.5,934,243492.94,3.4,0.28,0.01,0.16
1996-03-15,000034,3.5,3.57,3.58,3.5,596,154517.92,2.26,0.85,0.03,0.1
1996-03-18,000034,3.55,3.57,3.58,3.53,707,183934.56,1.4,0.0,0.0,0.12
1996-03-19,000034,3.54,3.57,3.6,3.54,845,221050.5,1.68,0.0,0.0,0.14
1996-03-20,000034,3.57,3.58,3.59,3.57,505,132461.73,0.56,0.28,0.01,0.09
1996-03-21,000034,3.57,3.62,3.72,3.57,1483,392856.66,4.19,1.12,0.04,0.25
1996-03-22,000034,3.6,3.64,3.64,3.58,1046,277505.94,1.66,0.55,0.02,0.18
1996-03-25,000034,3.66,3.64,3.68,3.63,1202,321851.03,1.37,0.0,0.0,0.2
1996-03-26,000034,3.62,3.64,3.73,3.62,3544,959915.19,3.02,0.0,0.0,0.6
1996-03-27,000034,3.64,3.74,3.77,3.64,8528,2334361.75,3.57,2.75,0.1,1.44
1996-03-28,000034,3.74,3.72,3.82,3.68,5727,1588138.62,3.74,-0.53,-0.02,0.97
1996-03-29,000034,3.69,3.67,3.72,3.64,2631,708820.5,2.15,-1.34,-0.05,0.44
1996-04-01,000034,3.71,3.66,3.79,3.66,2251,611477.69,3.54,-0.27,-0.01,0.38
1996-04-02,000034,3.67,3.59,3.68,3.55,1872,493645.41,3.55,-1.91,-0.07,0.32
1996-04-03,000034,3.66,3.62,3.66,3.58,1361,360851.56,2.23,0.84,0.03,0.23
1996-04-04,000034,3.67,3.64,3.67,3.59,1113,297931.97,2.21,0.55,0.02,0.19
1996-04-05,000034,3.63,4.12,4.21,3.63,56809,17101344.0,15.93,13.19,0.48,9.6
1996-04-08,000034,4.11,4.45,4.63,4.06,65673,21600720.0,13.83,8.01,0.33,11.09
1996-04-09,000034,4.25,4.33,4.43,4.25,26535,8528493.0,4.04,-2.7,-0.12,4.48
1996-04-10,000034,4.29,4.45,4.57,4.25,23880,7934404.0,7.39,2.77,0.12,4.03
1996-04-11,000034,4.38,4.5,4.53,4.38,16938,5605971.5,3.37,1.12,0.05,2.86
1996-04-12,000034,4.5,4.44,4.63,4.44,34451,11626175.0,4.22,-1.33,-0.06,5.82
1996-04-15,000034,4.4,4.41,4.52,4.31,18708,6143696.5,4.73,-0.68,-0.03,3.16
1996-04-16,000034,4.44,4.54,4.57,4.44,22696,7631804.5,2.95,2.95,0.13,3.83
1996-04-17,000034,4.54,4.44,4.57,4.41,18363,6116440.5,3.52,-2.2,-0.1,3.1
1996-04-18,000034,4.4,4.53,4.54,4.4,16813,5603005.5,3.15,2.03,0.09,2.84
1996-04-19,000034,4.57,4.52,4.63,4.44,23911,8053242.0,4.19,-0.22,-0.01,4.04
1996-04-22,000034,4.44,4.59,4.88,4.19,36693,12654016.0,15.27,1.55,0.07,6.2
1996-04-23,000034,4.54,4.86,4.88,4.54,31708,11293271.0,7.41,5.88,0.27,5.36
1996-04-24,000034,4.86,5.11,5.14,4.86,41770,15625301.0,5.76,5.14,0.25,7.06
1996-04-25,000034,5.2,4.78,5.55,4.71,42440,16015236.0,16.44,-6.46,-0.33,7.17
1996-04-26,000034,4.82,5.3,5.36,4.79,48401,18657334.0,11.92,10.88,0.52,8.18
1996-04-29,000034,5.26,5.59,5.74,4.83,75779,30077390.0,17.17,5.47,0.29,12.8
1996-04-30,000034,5.59,5.07,5.59,5.07,44542,17654096.0,9.3,-9.3,-0.52,7.52
1996-05-02,000034,5.36,4.82,5.45,4.76,25112,9475800.0,13.61,-4.93,-0.25,4.24
1996-05-03,000034,4.86,4.67,4.88,4.57,12367,4330445.0,6.43,-3.11,-0.15,2.09
1996-05-06,000034,4.76,4.96,4.97,4.63,14804,5340807.0,7.28,6.21,0.29,2.5
1996-05-07,000034,5.05,4.84,5.06,4.77,13507,4917258.0,5.85,-2.42,-0.12,2.28
1996-05-08,000034,4.79,4.72,4.82,4.69,7421,2623933.25,2.69,-2.48,-0.12,1.25
1996-05-09,000034,4.72,4.72,5.01,4.63,12963,4683497.5,8.05,0.0,0.0,2.19
1996-05-10,000034,4.69,4.71,4.71,4.57,7196,2483943.75,2.97,-0.21,-0.01,1.22
1996-05-13,000034,4.73,4.79,4.79,4.69,8942,3159998.25,2.12,1.7,0.08,1.51
1996-05-14,000034,4.88,4.84,5.05,4.82,21590,7963080.0,4.8,1.04,0.05,3.65
1996-05-15,000034,4.82,5.01,5.01,4.82,12456,4570657.0,3.93,3.51,0.17,2.1
1996-05-16,000034,5.11,5.07,5.26,4.96,36312,13919655.0,5.99,1.2,0.06,6.13
1996-05-17,000034,5.07,5.2,5.25,5.01,24435,9435171.0,4.73,2.56,0.13,4.13
1996-05-20,000034,5.33,5.26,5.55,5.14,51183,20767604.0,7.88,1.15,0.06,8.65
1996-05-21,000034,5.2,4.82,5.24,4.79,21061,7872109.5,8.56,-8.37,-0.44,3.56
1996-05-22,000034,4.74,4.84,4.91,4.71,8547,3067946.75,4.15,0.41,0.02,1.44
1996-05-23,000034,4.86,4.52,4.92,4.52,11587,4060594.5,8.26,-6.61,-0.32,1.96
1996-05-24,000034,4.57,4.6,4.69,4.5,8626,2949215.5,4.2,1.77,0.08,1.46
1996-05-27,000034,4.63,4.46,4.63,4.45,3975,1335229.62,3.91,-3.04,-0.14,0.67
1996-05-29,000034,4.53,4.65,4.65,4.53,2967,1018107.56,2.69,4.26,0.19,0.5
1996-05-30,000034,4.69,4.52,4.76,4.5,8495,2936074.25,5.59,-2.8,-0.13,1.43
1996-05-31,000034,4.57,4.62,4.76,4.48,9604,3281879.5,6.19,2.21,0.1,1.62
1996-06-03,000034,4.63,4.5,4.68,4.39,11855,3984485.0,6.28,-2.6,-0.12,2.0
1996-06-04,000034,4.57,4.54,4.57,4.41,14609,4863100.0,3.56,0.89,0.04,2.47
1996-06-05,000034,4.6,4.58,4.64,4.5,16112,5502813.0,3.08,0.88,0.04,2.72
1996-06-06,000034,4.58,4.67,4.81,4.41,22062,7612906.5,8.73,1.97,0.09,3.73
1996-06-07,000034,4.63,4.72,4.82,4.57,26719,9381823.0,5.35,1.07,0.05,4.51
1996-06-10,000034,4.88,4.89,5.16,4.82,32430,12062101.0,7.2,3.6,0.17,5.48
1996-06-11,000034,4.92,4.76,4.92,4.69,13374,4727271.0,4.7,-2.66,-0.13,2.26
1996-06-12,000034,4.79,4.88,5.01,4.69,18103,6538244.5,6.72,2.52,0.12,3.06
1996-06-13,000034,4.95,5.16,5.19,4.92,53625,20474772.0,5.53,5.74,0.28,9.06
1996-06-14,000034,5.3,4.98,5.33,4.82,41038,15984705.0,9.88,-3.49,-0.18,6.93
1996-06-17,000034,4.95,4.95,5.15,4.82,27212,10228003.0,6.63,-0.6,-0.03,4.6
1996-06-18,000034,4.92,5.05,5.06,4.87,11159,4126744.5,3.84,2.02,0.1,1.88
1996-06-19,000034,5.14,5.73,5.91,5.14,171692,73089792.0,15.25,13.47,0.68,29.0
1996-06-20,000034,5.83,6.07,6.4,5.83,155906,71874776.0,9.95,5.93,0.34,26.33
1996-06-21,000034,6.05,5.73,6.05,5.65,65754,28543368.0,6.59,-5.6,-0.34,11.11
1996-06-24,000034,5.77,5.88,5.89,5.68,34510,15120816.0,3.66,2.62,0.15,5.83
1996-06-25,000034,5.88,5.74,5.89,5.6,29317,12704025.0,4.93,-2.38,-0.14,4.95
1996-06-26,000034,5.7,5.76,5.77,5.63,16395,7023474.0,2.44,0.35,0.02,2.77
1996-06-27,000034,5.7,5.59,5.77,5.58,13833,5881954.5,3.3,-2.95,-0.17,2.34
1996-06-28,000034,5.51,5.43,5.58,5.35,20469,8352826.5,4.11,-2.86,-0.16,3.46
1996-07-01,000034,5.33,4.89,5.36,4.88,13680,5208937.5,8.84,-9.94,-0.54,2.31
1996-07-02,000034,4.87,5.11,5.11,4.83,12684,4725297.0,5.73,4.5,0.22,2.14
1996-07-03,000034,5.11,5.22,5.24,5.05,13587,5249522.5,3.72,2.15,0.11,2.3
1996-07-04,000034,5.24,5.22,5.29,5.06,13369,5153542.0,4.41,0.0,0.0,2.26
1996-07-05,000034,5.26,5.51,5.6,5.16,38865,15748330.0,8.43,5.56,0.29,6.56
1996-07-08,000034,5.58,5.59,5.67,5.45,34216,14325205.0,3.99,1.45,0.08,5.78
1996-07-09,000034,5.7,5.7,5.7,5.45,37169,15682032.0,4.47,1.97,0.11,6.28
1996-07-10,000034,5.77,5.97,6.13,5.73,56895,25406482.0,7.02,4.74,0.27,9.61
1996-07-11,000034,6.02,5.59,6.08,5.58,41088,17947590.0,8.38,-6.37,-0.38,6.94
1996-07-12,000034,5.46,6.02,6.08,5.4,55509,24603168.0,12.16,7.69,0.43,9.38
1996-07-15,000034,6.21,6.73,6.77,6.2,155964,77407584.0,9.47,11.79,0.71,26.34
1996-07-16,000034,7.19,7.93,8.0,6.87,180095,93948192.0,16.79,17.83,1.2,27.65
1996-07-17,000034,7.9,9.0,9.45,7.64,148584,92354032.0,22.82,13.49,1.07,22.82
1996-07-18,000034,8.75,10.58,10.59,8.68,118554,81710544.0,21.22,17.56,1.58,18.2
1996-07-19,000034,10.88,14.31,14.43,10.88,148500,134148944.0,33.55,35.26,3.73,22.8
1996-07-22,000034,14.46,15.68,17.19,13.57,176777,190675392.0,25.3,9.57,1.37,27.15
1996-07-23,000034,15.57,15.7,15.78,12.83,104828,112015848.0,18.81,0.13,0.02,16.1
1996-07-24,000034,15.49,15.74,16.25,14.88,80359,89010416.0,8.73,0.25,0.04,12.34
1996-07-25,000034,15.56,14.36,15.64,13.71,83588,84946696.0,12.26,-8.77,-1.38,12.84
1996-07-26,000034,13.76,13.9,14.32,13.53,46153,45097884.0,5.5,-3.2,-0.46,7.09
1996-07-29,000034,13.76,15.15,15.29,13.71,67858,71475672.0,11.37,8.99,1.25,10.42
1996-07-30,000034,15.15,14.18,15.5,14.04,59347,61348044.0,9.64,-6.4,-0.97,9.11
1996-07-31,000034,14.05,14.43,14.78,13.99,46922,47533452.0,5.57,1.76,0.25,7.21
1996-08-01,000034,14.44,14.79,14.81,14.33,35198,36353796.0,3.33,2.49,0.36,5.4
1996-08-02,000034,14.89,15.68,16.27,14.89,110703,122641736.0,9.33,6.02,0.89,17.0
1996-08-05,000034,15.71,16.1,16.25,15.31,68117,76525632.0,5.99,2.68,0.42,10.46
1996-08-06,000034,16.13,15.79,16.53,15.15,83897,94262552.0,8.57,-1.93,-0.31,12.88
1996-08-07,000034,15.82,16.57,16.68,15.43,108912,124468240.0,7.92,4.94,0.78,16.72
1996-08-08,000034,16.8,17.51,17.56,16.73,105411,129153856.0,5.01,5.67,0.94,16.19
1996-08-09,000034,17.67,16.96,17.88,16.62,68343,83501736.0,7.2,-3.14,-0.55,10.49
1996-08-12,000034,17.21,16.96,17.38,16.56,65304,78968520.0,4.83,0.0,0.0,10.03
1996-08-13,000034,18.35,17.34,18.35,17.03,72743,90033224.0,7.78,2.24,0.38,11.17
1996-08-14,000034,17.38,16.92,17.44,16.68,57390,69020488.0,4.38,-2.42,-0.42,8.81
1996-08-15,000034,16.8,16.38,16.89,15.92,63345,73356696.0,5.73,-3.19,-0.54,9.73
1996-08-16,000034,16.13,16.52,16.7,15.57,56455,64051928.0,6.9,0.85,0.14,8.67
1996-08-19,000034,16.55,16.06,16.55,15.96,27607,31596232.0,3.57,-2.78,-0.46,4.24
1996-08-20,000034,15.98,15.22,15.98,15.22,32145,35328496.0,4.73,-5.23,-0.84,4.94
1996-08-21,000034,15.22,15.5,15.84,15.13,36543,40103208.0,4.66,1.84,0.28,5.61
1996-08-22,000034,15.46,15.01,15.71,14.6,32917,35228036.0,7.16,-3.16,-0.49,5.05
1996-08-23,000034,14.85,14.32,15.0,13.9,42237,42679924.0,7.33,-4.6,-0.69,6.49
1996-08-26,000034,14.17,13.67,14.31,13.58,33983,33229160.0,5.1,-4.54,-0.65,5.22
1996-08-27,000034,13.69,14.64,14.72,13.69,40705,41459648.0,7.53,7.1,0.97,6.25
1996-08-28,000034,14.67,15.14,15.21,14.37,48040,50396528.0,5.74,3.42,0.5,7.38
1996-08-29,000034,15.18,16.02,16.1,15.15,64890,71901880.0,6.27,5.81,0.88,9.96
1996-08-30,000034,16.27,16.78,16.89,16.16,82387,97226496.0,4.56,4.74,0.76,12.65
1996-09-02,000034,16.77,16.73,16.96,16.34,70154,82619688.0,3.69,-0.3,-0.05,10.77
1996-09-03,000034,16.75,16.24,16.82,15.64,56812,65161376.0,7.05,-2.93,-0.49,8.72
1996-09-04,000034,16.21,16.68,16.75,15.92,55194,63593080.0,5.11,2.71,0.44,8.48
1996-09-05,000034,16.71,15.78,16.91,15.43,44528,50979160.0,8.87,-5.4,-0.9,6.84
1996-09-06,000034,15.57,15.32,16.04,15.13,41256,44907948.0,5.77,-2.92,-0.46,6.34
1996-09-09,000034,15.29,14.95,15.29,14.74,23095,24421438.0,3.59,-2.42,-0.37,3.55
1996-09-10,000034,14.74,15.06,15.92,14.47,60016,65012352.0,9.7,0.74,0.11,9.22
1996-09-11,000034,15.29,15.36,15.56,14.6,46397,49610376.0,6.37,1.99,0.3,7.12
1996-09-12,000034,15.29,14.76,15.39,14.29,31598,33291818.0,7.16,-3.91,-0.6,4.85
1996-09-16,000034,15.08,15.17,15.29,14.4,45353,47197752.0,6.03,2.78,0.41,6.96
1996-09-17,000034,15.36,15.38,15.49,14.74,55670,59748676.0,4.94,1.38,0.21,8.55
1996-09-18,000034,15.27,14.33,15.27,14.04,47213,48470184.0,8.0,-6.83,-1.05,7.25
1996-09-19,000034,14.18,14.4,14.63,13.76,38735,38501240.0,6.07,0.49,0.07,5.95
1996-09-20,000034,14.46,14.58,14.71,14.11,34211,34857132.0,4.17,1.25,0.18,5.25
1996-09-23,000034,14.53,14.18,14.57,14.12,25751,25829370.0,3.09,-2.74,-0.4,3.95
1996-09-24,000034,14.19,14.44,14.67,14.12,24327,24646722.0,3.88,1.83,0.26,3.74
1996-09-25,000034,14.46,14.51,14.6,14.04,24845,25065138.0,3.88,0.48,0.07,3.82
1996-09-26,000034,14.82,15.06,15.54,14.81,61925,66691740.0,5.03,3.79,0.55,9.51
1996-09-27,000034,15.13,15.14,15.28,14.85,35775,38142644.0,2.86,0.53,0.08,5.49
1996-10-03,000034,15.29,15.24,15.85,15.15,43194,47099676.0,4.62,0.66,0.1,6.63
1996-10-04,000034,15.01,15.22,15.22,14.76,24489,25848534.0,3.02,-0.13,-0.02,3.76
1996-10-07,000034,15.29,15.4,15.57,14.92,27104,29184166.0,4.27,1.18,0.18,4.16
1996-10-08,000034,15.43,16.06,16.38,15.13,66154,74141368.0,8.12,4.29,0.66,10.16
1996-10-09,000034,16.1,15.56,16.38,15.32,53946,60910044.0,6.6,-3.11,-0.5,8.28
1996-10-10,000034,15.64,15.85,16.0,15.36,30180,33454244.0,4.11,1.86,0.29,4.63
1996-10-11,000034,15.99,15.89,16.13,15.57,44123,49474900.0,3.53,0.25,0.04,6.78
1996-10-14,000034,15.96,16.28,16.41,15.92,53620,61565980.0,3.08,2.45,0.39,8.23
1996-10-15,000034,16.27,16.06,16.39,15.5,43529,49022756.0,5.47,-1.35,-0.22,6.68
1996-10-16,000034,16.06,17.07,17.38,15.96,100147,119369456.0,8.84,6.29,1.01,15.38
1996-10-17,000034,17.24,17.17,17.96,16.96,79353,98002416.0,5.86,0.59,0.1,12.19
1996-10-18,000034,17.17,15.96,17.38,15.85,60566,71209112.0,8.91,-7.05,-1.21,9.3
1996-10-21,000034,16.55,18.22,18.33,16.55,126308,155103088.0,11.15,14.16,2.26,19.4
1996-10-22,000034,17.63,17.8,18.72,16.96,95563,121141032.0,9.66,-2.31,-0.42,14.67
1996-10-23,000034,18.35,17.8,18.63,17.52,89755,113732656.0,6.24,0.0,0.0,13.78
1996-10-24,000034,18.32,17.59,18.34,17.45,59202,56942468.0,5.0,-1.18,-0.21,6.99
1996-10-25,000034,17.45,17.49,17.63,16.91,46138,43471996.0,4.09,-0.57,-0.1,5.45
1996-10-28,000034,17.27,18.61,18.72,17.09,107117,105919352.0,9.32,6.4,1.12,12.65
1996-10-29,000034,18.97,18.59,19.22,18.35,115178,118371616.0,4.67,-0.11,-0.02,13.6
1996-10-30,000034,18.63,17.99,18.81,17.65,78610,77393688.0,6.24,-3.23,-0.6,9.29
1996-10-31,000034,17.99,18.63,18.79,17.81,71465,71399776.0,5.45,3.56,0.64,8.44
1996-11-01,000034,17.99,17.79,18.35,17.27,58103,56684008.0,5.8,-4.51,-0.84,6.86
1996-11-04,000034,17.63,17.97,18.17,17.41,36349,35214752.0,4.27,1.01,0.18,4.29
1996-11-05,000034,18.1,18.05,18.7,17.92,54855,54737948.0,4.34,0.45,0.08,6.48
1996-11-06,000034,18.17,17.52,18.34,17.31,25830,24855172.0,5.71,-2.94,-0.53,3.05
1996-11-07,000034,17.63,17.27,17.81,17.23,16298,15430655.0,3.31,-1.43,-0.25,1.93
1996-11-08,000034,17.45,17.56,17.72,17.29,19016,18092564.0,2.49,1.68,0.29,2.25
1996-11-11,000034,17.81,19.91,20.31,17.74,169497,175741120.0,14.64,13.38,2.35,20.02
1996-11-12,000034,19.89,19.87,19.91,19.08,129155,138025440.0,4.17,-0.2,-0.04,15.26
1996-11-13,000034,20.07,20.16,20.85,19.89,123824,137140800.0,4.83,1.46,0.29,14.63
1996-11-14,000034,20.43,20.49,20.71,19.86,110172,122441360.0,4.22,1.64,0.33,13.01
1996-11-15,000034,20.34,20.85,21.07,20.02,109585,124010032.0,5.12,1.76,0.36,12.94
1996-11-18,000034,21.21,21.76,22.52,21.07,100153,118879856.0,6.95,4.36,0.91,11.83
1996-11-19,000034,21.95,21.76,22.06,21.23,76371,89517536.0,3.81,0.0,0.0,9.02
1996-11-20,000034,21.57,22.19,22.61,21.25,115055,138538832.0,6.25,1.98,0.43,13.59
1996-11-21,000034,22.3,20.34,22.52,20.16,92912,110130264.0,10.64,-8.34,-1.85,10.97
1996-11-22,000034,19.98,21.03,21.07,19.08,67084,72575608.0,9.78,3.39,0.69,7.92
1996-11-25,000034,21.25,21.97,21.97,20.36,109769,128646832.0,7.66,4.47,0.94,12.97
1996-11-26,000034,22.33,22.88,23.51,22.33,152326,190723616.0,5.37,4.14,0.91,17.99
1996-11-27,000034,22.88,22.06,23.42,21.61,72767,89649488.0,7.91,-3.58,-0.82,8.6
1996-11-28,000034,21.61,21.43,21.79,21.07,42604,49831932.0,3.26,-2.86,-0.63,5.03
1996-11-29,000034,21.52,21.57,21.97,20.89,37383,43904204.0,5.04,0.65,0.14,4.42
1996-12-02,000034,21.72,21.21,21.94,20.92,34451,40030920.0,4.73,-1.67,-0.36,4.07
1996-12-03,000034,21.07,22.15,22.15,20.71,33627,39440080.0,6.79,4.43,0.94,3.97
1996-12-04,000034,22.61,22.15,22.84,21.61,58907,71954816.0,5.55,0.0,0.0,6.96
1996-12-05,000034,22.15,22.37,22.42,21.97,56624,68813136.0,2.03,0.99,0.22,6.69
1996-12-06,000034,22.61,23.02,23.24,22.44,88930,111744296.0,3.58,2.91,0.65,10.5
1996-12-09,000034,23.15,23.33,23.78,22.97,65657,83734024.0,3.52,1.35,0.31,7.76
1996-12-10,000034,23.15,22.66,23.24,22.33,54952,68120152.0,3.9,-2.87,-0.67,6.49
1996-12-11,000034,22.52,23.26,23.51,22.42,65026,82044888.0,4.81,2.65,0.6,7.68
1996-12-12,000034,23.51,24.32,25.14,23.42,171827,229366224.0,7.39,4.56,1.06,20.3
1996-12-13,000034,24.14,23.06,25.03,22.88,71628,94260624.0,8.84,-5.18,-1.26,8.46
1996-12-16,000034,20.81,20.81,20.81,20.81,2567,2916112.0,0.0,-9.76,-2.25,0.3
1996-12-17,000034,18.75,18.75,18.75,18.75,9066,9265452.0,0.0,-9.9,-2.06,1.07
1996-12-18,000034,16.91,20.53,20.58,16.91,72518,73839096.0,19.57,9.49,1.78,8.57
1996-12-19,000034,20.53,18.54,21.21,18.54,62495,66831660.0,13.01,-9.69,-1.99,7.38
1996-12-20,000034,16.94,16.71,18.35,16.71,47202,44025236.0,8.85,-9.87,-1.83,5.58
1996-12-23,000034,17.11,17.47,18.08,17.09,35630,33841828.0,5.92,4.55,0.76,4.21
1996-12-24,000034,17.72,16.0,17.99,15.82,29216,26823800.0,12.42,-8.41,-1.47,3.45
1996-12-25,000034,16.0,16.46,16.55,15.12,30012,26164320.0,8.94,2.88,0.46,3.55
1996-12-26,000034,16.55,16.44,16.82,16.27,16006,14403388.0,3.34,-0.12,-0.02,1.89
1996-12-27,000034,16.91,17.36,17.38,16.27,41693,38522624.0,6.75,5.6,0.92,4.92
1996-12-31,000034,17.63,18.21,18.9,16.98,56525,56998668.0,11.06,4.9,0.85,6.68
1997-01-02,000034,18.35,18.17,18.72,17.63,33774,33550246.0,5.99,-0.22,-0.04,3.99
1997-01-03,000034,18.26,17.58,18.39,17.45,27110,26552636.0,5.17,-3.25,-0.59,3.2
1997-01-06,000034,17.45,16.46,17.45,16.36,16600,15184168.0,6.2,-6.37,-1.12,1.96
1997-01-07,000034,16.18,16.91,17.45,15.91,22931,20953634.0,9.36,2.73,0.45,2.71
1997-01-08,000034,16.96,16.64,16.96,16.29,13413,12140817.0,3.96,-1.6,-0.27,1.58
1997-01-09,000034,16.73,16.87,17.09,16.64,11420,10486860.0,2.7,1.38,0.23,1.35
1997-01-10,000034,17.05,16.83,17.09,16.55,10639,9714254.0,3.2,-0.24,-0.04,1.26
1997-01-13,000034,17.0,17.2,17.36,16.78,18348,17037016.0,3.45,2.2,0.37,2.17
1997-01-14,000034,17.36,16.78,17.36,16.58,11407,10466792.0,4.53,-2.44,-0.42,1.35
1997-01-15,000034,16.67,16.76,16.91,16.58,8771,7984913.0,1.97,-0.12,-0.02,1.04
1997-01-16,000034,16.91,16.87,17.0,16.73,8279,7580425.5,1.61,0.66,0.11,0.98
1997-01-17,000034,16.55,17.18,17.32,16.55,19466,18123562.0,4.56,1.84,0.31,2.3
1997-01-20,000034,17.2,17.27,17.43,17.09,17734,16676217.0,1.98,0.52,0.09,2.09
1997-01-21,000034,17.32,17.05,17.5,17.0,12092,11337706.0,2.9,-1.27,-0.22,1.43
1997-01-22,000034,17.09,18.1,18.57,17.09,61541,60814512.0,8.68,6.16,1.05,7.27
1997-01-23,000034,18.08,18.41,18.54,17.99,49812,49726036.0,3.04,1.71,0.31,5.88
1997-01-24,000034,18.44,18.32,18.44,17.85,30715,30420344.0,3.2,-0.49,-0.09,3.63
1997-01-27,000034,18.48,18.9,19.22,18.48,42591,43942188.0,4.04,3.17,0.58,5.03
1997-01-28,000034,18.9,18.57,19.02,18.35,27509,27918502.0,3.54,-1.75,-0.33,3.25
1997-01-29,000034,18.57,18.63,18.79,18.44,18351,18652376.0,1.88,0.32,0.06,2.17
1997-01-30,000034,18.54,18.86,18.9,18.37,22236,22620438.0,2.84,1.23,0.23,2.63
1997-01-31,000034,18.81,18.82,18.9,18.63,28292,29017606.0,1.43,-0.21,-0.04,3.34
1997-02-17,000034,18.82,18.75,19.02,18.52,15119,15425054.0,2.66,-0.37,-0.07,1.79
1997-02-18,000034,18.5,16.87,18.64,16.87,28826,27690616.0,9.44,-10.03,-1.88,3.4
1997-02-19,000034,16.73,17.69,17.79,16.55,21760,20625624.0,7.35,4.86,0.82,2.57
1997-02-20,000034,15.97,16.98,17.2,15.97,29907,27139226.0,6.95,-4.01,-0.71,3.53
1997-02-21,000034,16.98,17.41,17.45,16.93,17993,16843996.0,3.06,2.53,0.43,2.13
1997-02-24,000034,17.5,17.56,17.99,17.5,18612,17962458.0,2.81,0.86,0.15,2.2
1997-02-25,000034,17.72,18.12,18.12,17.56,21421,20886910.0,3.19,3.19,0.56,2.53
1997-02-26,000034,18.28,18.57,19.02,18.26,28959,29432274.0,4.19,2.48,0.45,3.42
1997-02-27,000034,18.9,18.48,18.9,18.37,33309,33909524.0,2.85,-0.48,-0.09,3.93
1997-02-28,000034,18.54,19.62,19.71,18.5,85084,89501480.0,6.55,6.17,1.14,10.05
1997-03-03,000034,19.98,20.49,20.98,19.98,77787,87180824.0,5.1,4.43,0.87,9.19
1997-03-04,000034,20.34,19.96,20.45,19.8,50207,55019656.0,3.17,-2.59,-0.53,5.93
1997-03-05,000034,19.98,19.44,20.34,19.26,28880,31285406.0,5.41,-2.61,-0.52,3.41
1997-03-06,000034,19.17,19.77,19.86,19.08,23826,25512090.0,4.01,1.7,0.33,2.81
1997-03-07,000034,19.89,19.53,19.96,19.4,25386,27114874.0,2.83,-1.21,-0.24,3.0
1997-03-10,000034,19.53,20.25,20.53,19.35,28627,30985016.0,6.04,3.69,0.72,3.38
1997-03-11,000034,20.43,21.25,21.43,20.16,117459,134395600.0,6.27,4.94,1.0,13.87
1997-03-12,000034,21.61,21.72,22.33,21.52,112172,134122528.0,3.81,2.21,0.47,13.25
1997-03-13,000034,21.79,21.12,21.88,20.8,45270,52589424.0,4.97,-2.76,-0.6,5.35
1997-03-14,000034,21.12,21.97,21.97,20.89,51021,59955924.0,5.11,4.02,0.85,6.03
1997-03-17,000034,22.33,22.28,22.52,21.7,90751,109744904.0,3.73,1.41,0.31,10.72
1997-03-18,000034,22.52,22.08,22.52,21.7,54470,65517408.0,3.68,-0.9,-0.2,6.43
1997-03-19,000034,22.17,23.17,23.69,21.97,97244,122352152.0,7.79,4.94,1.09,11.49
1997-03-20,000034,23.35,22.03,23.71,21.97,73208,91495168.0,7.51,-4.92,-1.14,8.65
1997-03-21,000034,21.79,22.62,22.7,21.79,47310,57929932.0,4.13,2.68,0.59,5.59
1997-03-24,000034,22.99,22.82,23.15,22.26,59761,74098088.0,3.93,0.88,0.2,7.06
1997-03-25,000034,23.0,22.66,23.06,22.26,44365,54662572.0,3.51,-0.7,-0.16,5.24
1997-03-26,000034,22.84,22.88,23.42,22.48,47343,59365740.0,4.15,0.97,0.22,5.59
1997-03-27,000034,22.91,23.75,24.32,22.7,89574,114192880.0,7.08,3.8,0.87,10.58
1997-03-28,000034,23.4,23.02,23.75,22.88,48511,61890892.0,3.66,-3.07,-0.73,5.73
1997-03-31,000034,23.15,23.62,23.96,23.08,44319,57226812.0,3.82,2.61,0.6,5.24
1997-04-01,000034,23.78,23.71,23.96,23.33,40537,52199848.0,2.67,0.38,0.09,4.79
1997-04-02,000034,23.78,23.38,23.96,23.33,27466,35349140.0,2.66,-1.39,-0.33,3.24
1997-04-03,000034,23.38,23.0,23.55,22.7,28572,35971644.0,3.64,-1.63,-0.38,3.37
1997-04-04,000034,23.15,23.17,23.78,22.97,46742,59479512.0,3.52,0.74,0.17,5.52
1997-04-07,000034,22.88,22.5,22.88,22.17,86843,106472696.0,3.06,-2.89,-0.67,10.26
1997-04-08,000034,22.48,21.76,22.5,21.72,41975,50554104.0,3.47,-3.29,-0.74,4.96
1997-04-09,000034,21.59,22.26,22.57,21.52,33422,40309572.0,4.83,2.3,0.5,3.95
1997-04-10,000034,22.42,21.83,22.42,21.79,27582,33102048.0,2.83,-1.93,-0.43,3.26
1997-04-11,000034,21.79,21.32,21.79,19.95,27008,31247460.0,8.43,-2.34,-0.51,3.19
1997-04-14,000034,21.07,21.95,21.97,20.89,32029,37196688.0,5.07,2.95,0.63,3.78
1997-04-15,000034,22.15,21.59,22.3,21.36,15418,18229542.0,4.28,-1.64,-0.36,1.82
1997-04-16,000034,21.61,21.63,21.97,21.25,17573,20625258.0,3.33,0.19,0.04,2.08
1997-04-17,000034,21.61,21.54,21.92,21.39,15768,18595064.0,2.45,-0.42,-0.09,1.86
1997-04-18,000034,21.61,21.39,21.61,21.18,16721,19475024.0,2.0,-0.7,-0.15,1.98
1997-04-21,000034,21.79,21.63,21.97,21.54,28869,34382884.0,2.01,1.12,0.24,3.41
1997-04-22,000034,21.79,21.65,21.94,21.52,20295,24025252.0,1.94,0.09,0.02,2.4
1997-04-23,000034,21.7,21.43,21.79,21.21,25101,29246688.0,2.68,-1.02,-0.22,2.96
1997-04-24,000034,21.43,21.21,21.43,20.8,25542,29277928.0,2.94,-1.03,-0.22,3.02
1997-04-25,000034,21.25,22.39,22.88,20.67,56162,66340032.0,10.42,5.56,1.18,6.63
1997-04-28,000034,22.79,21.3,23.33,21.25,57320,69177960.0,9.29,-4.87,-1.09,6.77
1997-04-29,000034,19.2,19.95,20.89,19.2,35593,38208812.0,7.93,-6.34,-1.35,4.2
1997-04-30,000034,19.8,19.55,19.95,19.26,28639,30466918.0,3.46,-2.01,-0.4,3.38
1997-05-05,000034,19.55,19.89,20.62,19.3,37501,40761384.0,6.75,1.74,0.34,4.43
1997-05-06,000034,19.98,20.49,20.89,19.82,43496,48299600.0,5.38,3.02,0.6,5.14
1997-05-07,000034,20.49,20.51,20.85,19.8,38438,42472964.0,5.12,0.1,0.02,4.54
1997-05-08,000034,20.49,19.11,20.49,18.9,30512,33099920.0,7.75,-6.83,-1.4,3.6
1997-05-09,000034,19.08,19.69,19.86,19.01,25947,27473076.0,4.45,3.04,0.58,3.06
1997-05-12,000034,19.62,21.45,21.52,19.26,56962,64465980.0,11.48,8.94,1.76,6.73
1997-05-13,000034,21.61,20.53,21.85,19.98,26015,29478556.0,8.72,-4.29,-0.92,3.07
1997-05-14,000034,20.16,19.2,20.49,18.99,20491,21897714.0,7.31,-6.48,-1.33,2.42
1997-05-15,000034,18.86,19.49,19.68,18.72,14933,15708459.0,5.0,1.51,0.29,1.76
1997-05-16,000034,17.58,17.58,19.08,17.58,18713,18522338.0,7.7,-9.8,-1.91,2.21
1997-05-19,000034,17.63,17.99,18.35,17.59,9411,9120454.0,4.32,2.33,0.41,1.11
1997-05-20,000034,17.99,18.25,18.54,17.9,14401,14303236.0,3.56,1.45,0.26,1.7
1997-05-21,000034,18.14,17.38,18.17,17.27,10856,10399163.0,4.93,-4.77,-0.87,1.28
1997-05-22,000034,15.66,15.66,16.22,15.66,11236,9606157.0,3.22,-9.9,-1.72,1.33
1997-05-23,000034,15.1,14.92,15.64,14.56,14808,11993019.0,6.9,-4.73,-0.74,1.75
1997-05-26,000034,15.19,14.5,15.37,13.62,9600,7577529.5,11.73,-2.82,-0.42,1.13
1997-05-27,000034,14.74,15.26,15.28,14.52,12618,10204908.0,5.24,5.24,0.76,1.49
1997-05-28,000034,15.28,15.15,15.64,14.77,12458,10360798.0,5.7,-0.72,-0.11,1.47
1997-05-29,000034,15.3,15.23,15.64,15.03,10210,8492955.0,4.03,0.53,0.08,1.21
1997-06-02,000034,15.93,16.73,16.73,15.93,18569,16717009.0,5.25,9.85,1.5,2.19
1997-06-03,000034,17.43,18.37,18.37,17.27,62741,61910260.0,6.58,9.8,1.64,7.41
1997-06-04,000034,18.97,18.44,19.08,18.17,38775,39189460.0,4.95,0.38,0.07,4.58
1997-06-05,000034,18.54,18.81,18.9,17.85,28152,28292138.0,5.69,2.01,0.37,3.33
1997-06-06,000034,17.07,17.63,18.5,17.0,42548,40997316.0,7.97,-6.27,-1.18,5.03
1997-06-09,000034,17.99,19.33,19.35,17.72,59409,60886908.0,9.25,9.64,1.7,7.02
1997-06-10,000034,19.3,17.94,19.3,17.63,29843,30040404.0,8.64,-7.19,-1.39,3.53
1997-06-11,000034,17.99,17.49,18.05,16.18,21782,20162474.0,10.42,-2.51,-0.45,2.57
1997-06-12,000034,17.63,17.11,17.81,17.05,11662,11035341.0,4.35,-2.17,-0.38,1.38
1997-06-13,000034,15.82,17.9,17.99,15.82,19888,18801616.0,12.68,4.62,0.79,2.35
1997-06-16,000034,18.35,18.03,18.77,17.99,16453,16500024.0,4.36,0.73,0.13,1.94
1997-06-17,000034,17.63,17.63,18.08,17.56,8716,8428863.0,2.88,-2.22,-0.4,1.03
1997-06-18,000034,17.23,17.32,17.94,17.23,7141,6799750.0,4.03,-1.76,-0.31,0.84
1997-06-19,000034,17.49,17.45,17.99,17.27,8207,7881509.0,4.16,0.75,0.13,0.97
1997-06-20,000034,18.35,18.79,18.9,17.65,34232,34639008.0,7.16,7.68,1.34,4.04
1997-06-23,000034,19.37,18.75,19.95,17.99,43474,44994704.0,10.43,-0.21,-0.04,5.14
1997-06-24,000034,18.86,19.1,19.13,18.35,16539,16915732.0,4.16,1.87,0.35,1.95
1997-06-25,000034,19.08,18.66,19.08,18.54,14781,15056784.0,2.83,-2.3,-0.44,1.75
1997-06-26,000034,18.43,18.44,18.81,18.08,11457,11483860.0,3.91,-1.18,-0.22,1.35
1997-06-27,000034,18.44,17.38,18.72,17.29,17237,16679949.0,7.75,-5.75,-1.06,2.04
1997-07-02,000034,17.38,15.97,17.63,15.66,13196,11596990.0,11.33,-8.11,-1.41,1.56
1997-07-03,000034,15.7,14.59,15.71,14.56,12365,9950402.0,7.2,-8.64,-1.38,1.46
1997-07-04,000034,14.37,14.9,15.06,13.98,9805,7837573.5,7.4,2.12,0.31,1.16
1997-07-07,000034,14.74,13.43,14.74,13.43,7897,5991697.0,8.79,-9.87,-1.47,0.93
1997-07-08,000034,12.93,13.65,13.83,12.22,11113,7902864.5,11.99,1.64,0.22,1.31
1997-07-09,000034,13.62,13.51,13.83,13.11,5924,4336520.0,5.27,-1.03,-0.14,0.7
1997-07-10,000034,13.47,13.22,13.81,13.11,12941,9375834.0,5.18,-2.15,-0.29,1.53
1997-07-11,000034,13.11,13.54,13.56,12.71,9028,6495655.0,6.43,2.42,0.32,1.07
1997-07-14,000034,13.54,13.85,14.01,13.2,21135,15605242.0,5.98,2.29,0.31,2.5
1997-07-15,000034,14.01,14.01,14.43,13.74,17533,13442657.0,4.98,1.16,0.16,2.07
1997-07-16,000034,14.16,13.56,14.37,13.29,10896,8058094.5,7.71,-3.21,-0.45,1.29
1997-07-17,000034,13.52,13.65,13.67,13.11,10169,7349839.0,4.13,0.66,0.09,1.2
1997-07-18,000034,13.65,13.72,13.9,13.25,11174,8224493.5,4.76,0.51,0.07,1.32
1997-07-21,000034,13.74,13.43,13.87,13.33,8028,5907948.0,3.94,-2.11,-0.29,0.95
1997-07-22,000034,13.4,13.71,13.92,12.86,12541,9010178.0,7.89,2.08,0.28,1.48
1997-07-23,000034,13.94,13.96,14.7,13.83,25524,19821262.0,6.35,1.82,0.25,3.01
1997-07-24,000034,13.83,14.54,15.06,13.65,32354,25474454.0,10.1,4.15,0.58,3.82
1997-07-25,000034,14.37,14.14,14.52,13.83,15611,11975755.0,4.75,-2.75,-0.4,1.84
1997-07-28,000034,14.19,14.32,14.56,13.99,12335,9558310.0,4.03,1.27,0.18,1.46
1997-07-29,000034,14.19,13.9,14.56,13.56,8746,6644624.0,6.98,-2.93,-0.42,1.03
1997-07-30,000034,13.92,14.19,14.21,13.58,9165,6937713.5,4.53,2.09,0.29,1.08
1997-07-31,000034,14.37,13.99,14.47,13.83,8450,6443252.5,4.51,-1.41,-0.2,1.0
1997-08-01,000034,14.01,14.16,14.32,13.87,5340,4076131.0,3.22,1.22,0.17,0.63
1997-08-04,000034,14.1,14.39,14.47,14.01,8968,6954766.5,3.25,1.62,0.23,1.06
1997-08-05,000034,14.47,14.39,14.65,14.37,8769,6899822.0,1.95,0.0,0.0,1.04
1997-08-06,000034,14.37,13.76,14.37,13.69,6711,5087318.0,4.73,-4.38,-0.63,0.79
1997-08-07,000034,13.65,13.96,14.1,13.47,5708,4229529.0,4.58,1.45,0.2,0.67
1997-08-08,000034,14.12,13.81,14.18,13.65,6707,5054723.0,3.8,-1.07,-0.15,0.79
1997-08-11,000034,13.83,14.18,14.45,13.83,10119,7784614.0,4.49,2.68,0.37,1.2
1997-08-12,000034,14.19,13.47,14.19,13.4,6531,4863077.0,5.57,-5.01,-0.71,0.77
1997-08-13,000034,13.62,12.95,13.62,12.93,6362,4560613.5,5.12,-3.86,-0.52,0.75
1997-08-14,000034,12.75,13.27,13.29,12.75,6240,4416175.0,4.17,2.47,0.32,0.74
1997-08-15,000034,13.29,12.93,13.29,12.84,6064,4262926.5,3.39,-2.56,-0.34,0.72
1997-08-18,000034,12.75,12.35,12.75,12.2,5140,3438388.0,4.25,-4.49,-0.58,0.61
1997-08-19,000034,12.29,12.24,12.53,12.2,4306,2879827.5,2.67,-0.89,-0.11,0.51
1997-08-20,000034,12.2,12.37,12.38,12.2,3112,2066912.75,1.47,1.06,0.13,0.37
1997-08-21,000034,12.35,12.78,12.86,12.35,2854,1958271.62,4.12,3.31,0.41,0.34
1997-08-22,000034,12.78,12.86,13.11,12.66,4273,2987854.25,3.52,0.63,0.08,0.5
1997-08-25,000034,12.86,12.57,12.86,12.38,5239,3563593.0,3.73,-2.26,-0.29,0.62
1997-08-26,000034,12.57,12.96,13.07,12.31,6763,4685368.5,6.05,3.1,0.39,0.8
1997-08-27,000034,12.93,13.25,13.47,12.71,5773,4130915.0,5.86,2.24,0.29,0.68
1997-08-28,000034,13.42,13.05,13.42,12.95,6079,4299429.5,3.55,-1.51,-0.2,0.72
1997-08-29,000034,13.05,12.71,13.16,12.48,9691,6743263.5,5.21,-2.61,-0.34,1.14
1997-09-01,000034,11.57,12.1,12.48,11.57,19888,12758503.0,7.16,-4.8,-0.61,2.35
1997-09-02,000034,12.2,12.13,12.35,11.86,9267,6033148.0,4.05,0.25,0.03,1.09
1997-09-03,000034,12.2,12.2,12.29,12.02,8880,5829428.0,2.23,0.58,0.07,1.05
1997-09-04,000034,12.17,12.46,12.66,12.04,11129,7431582.0,5.08,2.13,0.26,1.31
1997-09-05,000034,12.44,12.35,12.44,12.17,6750,4492068.5,2.17,-0.88,-0.11,0.8
1997-09-08,000034,12.24,12.55,12.69,12.2,9053,6145227.0,3.97,1.62,0.2,1.07
1997-09-09,000034,12.62,12.42,12.66,12.31,8158,5510900.5,2.79,-1.04,-0.13,0.96
1997-09-10,000034,12.38,13.25,13.27,12.22,23675,16429406.0,8.45,6.68,0.83,2.8
1997-09-11,000034,13.29,12.86,13.65,12.71,31747,22833638.0,7.09,-2.94,-0.39,3.75
1997-09-12,000034,12.71,12.35,12.93,12.28,9342,6399996.0,5.05,-3.97,-0.51,1.1
1997-09-15,000034,12.35,11.99,12.44,11.95,5334,3509101.0,3.97,-2.91,-0.36,0.63
1997-09-16,000034,11.99,11.97,12.17,11.86,3837,2491856.25,2.59,-0.17,-0.02,0.45
1997-09-17,000034,11.88,11.82,12.15,11.81,2937,1891197.0,2.84,-1.25,-0.15,0.35
1997-09-18,000034,11.93,12.08,12.2,11.84,3679,2379241.75,3.05,2.2,0.26,0.43
1997-09-19,000034,12.2,12.04,12.31,11.9,3651,2385037.75,3.39,-0.33,-0.04,0.43
1997-09-22,000034,12.1,10.92,12.11,10.9,5302,3256613.0,10.05,-9.3,-1.12,0.63
1997-09-23,000034,10.76,9.89,10.76,9.85,8607,4753510.5,8.33,-9.43,-1.03,1.02
1997-09-24,000034,10.21,10.41,10.54,9.89,7354,4076540.0,6.57,5.26,0.52,0.87
1997-09-25,000034,10.4,10.56,10.74,10.34,6617,3746423.5,3.84,1.44,0.15,0.78
1997-09-26,000034,10.58,10.94,11.12,10.05,10855,6238913.5,10.13,3.6,0.38,1.28
1997-09-29,000034,10.72,10.36,10.76,10.21,4247,2391504.5,5.03,-5.3,-0.58,0.5
1997-09-30,000034,10.21,10.38,10.58,10.21,3250,1821302.5,3.57,0.19,0.02,0.38
1997-10-06,000034,10.41,10.34,10.49,10.21,2525,1410689.5,2.7,-0.39,-0.04,0.3
1997-10-07,000034,10.21,10.3,10.4,10.18,2514,1386174.0,2.13,-0.39,-0.04,0.3
1997-10-08,000034,10.56,10.83,10.85,10.43,5178,2987140.75,4.08,5.15,0.53,0.61
1997-10-09,000034,10.83,11.72,11.75,10.65,26247,16235544.0,10.16,8.22,0.89,3.1
1997-10-10,000034,11.84,11.66,11.84,11.39,18046,11371726.0,3.84,-0.51,-0.06,2.13
1997-10-13,000034,11.77,11.37,11.82,11.28,9151,5667127.0,4.63,-2.49,-0.29,1.08
1997-10-14,000034,11.3,11.61,11.61,10.96,8232,4997124.0,5.72,2.11,0.24,0.97
1997-10-15,000034,11.61,11.46,11.93,11.41,9693,6120703.5,4.48,-1.29,-0.15,1.14
1997-10-16,000034,11.57,11.48,11.81,11.12,10623,6594640.5,6.02,0.17,0.02,1.25
1997-10-17,000034,11.48,11.77,11.99,11.3,17324,10890607.0,6.01,2.53,0.29,2.05
1997-10-20,000034,11.97,12.93,12.93,11.84,16228,11267040.0,9.26,9.86,1.16,1.92
1997-10-21,000034,14.19,14.19,14.19,14.19,26329,20273630.0,0.0,9.74,1.26,3.11
1997-10-22,000034,14.88,14.21,15.44,14.03,124005,98537392.0,9.94,0.14,0.02,14.65
1997-10-23,000034,14.19,15.6,15.6,13.65,118570,98092048.0,13.72,9.78,1.39,14.01
1997-10-24,000034,15.64,16.17,16.47,15.28,91802,79668760.0,7.63,3.65,0.57,10.84
1997-10-27,000034,16.42,16.74,17.63,16.09,81636,75243712.0,9.52,3.53,0.57,9.64
1997-10-28,000034,16.53,16.8,17.41,15.91,72296,65759792.0,8.96,0.36,0.06,8.54
1997-10-29,000034,16.55,18.35,18.39,16.31,84862,81532272.0,12.38,9.23,1.55,10.02
1997-10-30,000034,18.35,17.09,18.72,16.91,70317,68632296.0,9.86,-6.87,-1.26,8.31
1997-10-31,000034,16.51,16.91,17.43,16.18,46981,42859352.0,7.31,-1.05,-0.18,5.55
1997-11-03,000034,17.0,17.58,17.78,16.91,30289,28614872.0,5.14,3.96,0.67,3.58
1997-11-04,000034,17.65,17.18,17.72,16.73,21854,20324956.0,5.63,-2.28,-0.4,2.58
1997-11-05,000034,17.45,17.09,17.45,16.74,10625,9854192.0,4.13,-0.52,-0.09,1.26
1997-11-06,000034,17.05,16.53,17.2,16.36,32812,29680826.0,4.92,-3.28,-0.56,3.88
1997-11-07,000034,16.36,16.78,17.31,16.33,21596,19834642.0,5.93,1.51,0.25,2.55
1997-11-10,000034,16.64,15.75,16.78,15.37,25636,22328670.0,8.4,-6.14,-1.03,3.03
1997-11-11,000034,15.64,15.97,16.46,15.46,18135,15902620.0,6.35,1.4,0.22,2.14
1997-11-12,000034,16.0,15.95,16.46,15.57,11836,10230418.0,5.57,-0.13,-0.02,1.4
1997-11-13,000034,15.79,17.29,17.43,15.66,47422,43304604.0,11.1,8.4,1.34,5.6
1997-11-14,000034,17.23,16.87,17.65,16.82,27080,25467284.0,4.8,-2.43,-0.42,3.2
1997-11-17,000034,16.51,16.53,17.2,16.51,11454,10453900.0,4.09,-2.02,-0.34,1.35
1997-11-18,000034,16.55,16.0,16.67,16.0,10714,9466198.0,4.05,-3.21,-0.53,1.27
1997-11-19,000034,16.0,15.97,16.55,15.73,5383,4727378.5,5.13,-0.19,-0.03,0.64
1997-11-20,000034,16.0,15.55,16.18,15.5,7556,6464798.0,4.26,-2.63,-0.42,0.89
1997-11-21,000034,15.82,15.01,15.82,14.83,11916,9873643.0,6.37,-3.47,-0.54,1.41
1997-11-24,000034,14.9,14.36,14.92,14.19,10671,8417951.0,4.86,-4.33,-0.65,1.26
1997-11-25,000034,14.28,14.56,14.92,14.19,6397,5010837.5,5.08,1.39,0.2,0.76
1997-11-26,000034,14.74,14.56,14.79,14.25,4421,3468293.75,3.71,0.0,0.0,0.52
1997-11-27,000034,14.52,13.76,14.68,13.74,6961,5322552.0,6.46,-5.49,-0.8,0.82
1997-11-28,000034,13.65,14.18,14.19,13.29,7031,5223864.5,6.54,3.05,0.42,0.83
1997-12-01,000034,14.01,13.56,14.18,13.56,6318,4730083.0,4.37,-4.37,-0.62,0.75
1997-12-02,000034,13.83,13.47,13.83,13.43,3986,2935659.75,2.95,-0.66,-0.09,0.47
1997-12-03,000034,13.49,13.04,13.49,12.93,6292,4469338.0,4.16,-3.19,-0.43,0.74
1997-12-04,000034,13.13,13.83,13.89,12.89,11552,8471605.0,7.67,6.06,0.79,1.36
1997-12-05,000034,13.83,14.18,14.88,13.74,18203,14266434.0,8.24,2.53,0.35,2.15
1997-12-08,000034,14.16,14.12,14.5,14.1,6079,4703596.0,2.82,-0.42,-0.06,0.72
1997-12-09,000034,14.12,14.12,14.32,13.92,4252,3263908.25,2.83,0.0,0.0,0.5
1997-12-10,000034,14.54,14.19,14.63,14.01,5823,4521099.5,4.39,0.5,0.07,0.69
1997-12-11,000034,14.23,13.9,14.34,13.65,6580,4941616.0,4.86,-2.04,-0.29,0.78
1997-12-12,000034,14.16,13.56,14.16,13.47,8437,6249966.0,4.96,-2.45,-0.34,1.0
1997-12-15,000034,13.29,13.4,13.62,13.14,9561,6892013.5,3.54,-1.18,-0.16,1.13
1997-12-16,000034,13.47,13.65,13.74,13.14,8816,6395062.0,4.48,1.87,0.25,1.04
1997-12-17,000034,13.65,13.14,13.65,13.07,9044,6489455.0,4.25,-3.74,-0.51,1.07
1997-12-18,000034,13.02,13.04,13.34,12.93,4204,2990827.5,3.12,-0.76,-0.1,0.5
1997-12-19,000034,13.05,12.75,13.22,12.57,9590,6657106.5,4.98,-2.22,-0.29,1.13
1997-12-22,000034,12.69,12.29,12.69,12.02,13194,8760379.0,5.25,-3.61,-0.46,1.56
1997-12-23,000034,12.28,13.51,13.51,12.28,8354,6031218.5,10.01,9.93,1.22,0.99
1997-12-24,000034,14.36,13.42,14.61,12.98,29129,21950516.0,12.07,-0.67,-0.09,3.44
1997-12-25,000034,13.2,13.36,13.8,12.96,11971,8662102.0,6.26,-0.45,-0.06,1.41
1997-12-26,000034,13.49,13.52,13.8,12.93,11232,8230795.0,6.51,1.2,0.16,1.33
1997-12-29,000034,13.38,13.87,14.34,13.29,13844,10415643.0,7.77,2.59,0.35,1.64
1997-12-30,000034,13.83,13.81,14.16,13.67,9414,7106395.0,3.53,-0.43,-0.06,1.11
1997-12-31,000034,13.65,13.42,14.01,13.25,10873,7918951.5,5.5,-2.82,-0.39,1.28
1998-01-05,000034,13.43,13.31,13.65,13.04,15127,10856043.0,4.55,-0.82,-0.11,1.79
1998-01-06,000034,13.47,13.58,13.74,13.07,12748,9197164.0,5.03,2.03,0.27,1.51
1998-01-07,000034,13.65,13.65,13.83,13.29,14767,10828991.0,3.98,0.52,0.07,1.74
1998-01-08,000034,13.74,14.5,14.99,13.67,77230,61752904.0,9.67,6.23,0.85,9.12
1998-01-09,000034,14.34,14.28,14.72,13.83,27567,21109862.0,6.14,-1.52,-0.22,3.26
1998-01-12,000034,14.21,14.28,14.97,13.83,25543,19966432.0,7.98,0.0,0.0,3.02
1998-01-13,000034,14.19,13.31,14.19,12.89,23687,17079548.0,9.1,-6.79,-0.97,2.8
1998-01-14,000034,13.11,13.98,14.34,13.11,20027,14898265.0,9.24,5.03,0.67,2.37
1998-01-15,000034,14.01,15.01,15.28,13.98,53356,42547052.0,9.3,7.37,1.03,6.3
1998-01-16,000034,15.19,14.1,15.37,14.01,27023,21420130.0,9.06,-6.06,-0.91,3.19
1998-01-19,000034,14.01,13.74,14.05,13.51,15432,11452203.0,3.83,-2.55,-0.36,1.82
1998-01-20,000034,13.65,13.43,13.83,13.29,10175,7433883.5,3.93,-2.26,-0.31,1.2
1998-01-21,000034,13.47,13.14,13.56,12.93,9962,7134364.0,4.69,-2.16,-0.29,1.18
1998-01-22,000034,13.11,13.18,13.31,12.89,10393,7380066.5,3.2,0.3,0.04,1.23
1998-01-23,000034,13.29,13.31,13.47,13.2,5112,3685959.25,2.05,0.99,0.13,0.6
1998-02-09,000034,13.71,13.92,14.16,13.49,7551,5636378.0,5.03,4.58,0.61,0.89
1998-02-10,000034,13.9,13.83,14.27,13.58,8112,6132193.5,4.96,-0.65,-0.09,0.96
1998-02-11,000034,13.83,14.19,14.28,13.65,11392,8684727.0,4.56,2.6,0.36,1.35
1998-02-12,000034,14.47,13.9,14.52,13.85,8853,6787108.0,4.72,-2.04,-0.29,1.05
1998-02-13,000034,13.83,13.69,13.99,13.56,7086,5267370.5,3.09,-1.51,-0.21,0.84
1998-02-16,000034,13.65,13.45,13.65,13.38,11237,8213556.5,1.97,-1.75,-0.24,1.33
1998-02-17,000034,13.47,13.81,13.83,13.43,6190,4563744.0,2.97,2.68,0.36,0.73
1998-02-18,000034,13.87,13.56,13.96,13.43,6836,5060792.5,3.84,-1.81,-0.25,0.81
1998-02-19,000034,13.62,13.83,13.92,13.56,6237,4637994.5,2.65,1.99,0.27,0.74
1998-02-20,000034,13.65,13.4,13.87,13.38,6807,4989448.5,3.54,-3.11,-0.43,0.8
1998-02-23,000034,13.38,13.25,13.4,12.89,8029,5697283.5,3.81,-1.12,-0.15,0.95
1998-02-24,000034,13.11,13.11,13.42,13.07,5492,3926603.25,2.64,-1.06,-0.14,0.65
1998-02-25,000034,13.11,13.05,13.29,12.98,4793,3405865.0,2.36,-0.46,-0.06,0.57
1998-02-26,000034,13.05,13.14,13.29,12.89,6534,4604695.5,3.07,0.69,0.09,0.77
1998-02-27,000034,13.18,12.98,13.27,12.93,5728,4040348.25,2.59,-1.22,-0.16,0.68
1998-03-02,000034,12.71,12.37,12.75,12.22,7938,5386941.0,4.08,-4.7,-0.61,0.94
1998-03-03,000034,12.2,12.55,12.57,12.13,5240,3525680.75,3.56,1.46,0.18,0.62
1998-03-04,000034,12.66,12.58,12.69,12.38,2882,1958176.38,2.47,0.24,0.03,0.34
1998-03-05,000034,12.71,12.37,12.75,12.31,4501,3025182.0,3.5,-1.67,-0.21,0.53
1998-03-06,000034,12.49,12.29,12.49,12.2,5127,3404108.25,2.34,-0.65,-0.08,0.61
1998-03-09,000034,12.57,12.37,12.71,12.2,2499,1666273.25,4.15,0.65,0.08,0.3
1998-03-10,000034,12.38,12.26,12.4,11.99,4976,3258341.25,3.31,-0.89,-0.11,0.59
1998-03-11,000034,12.2,11.86,12.2,11.84,5350,3476716.0,2.94,-3.26,-0.4,0.63
1998-03-12,000034,11.84,11.66,11.84,11.48,5085,3194923.75,3.04,-1.69,-0.2,0.6
1998-03-13,000034,11.72,11.91,11.91,11.66,2720,1731700.0,2.14,2.14,0.25,0.32
1998-03-16,000034,11.93,12.35,12.58,11.3,8836,5778224.0,10.75,3.69,0.44,1.04
1998-03-17,000034,12.29,12.38,12.48,12.17,6542,4352786.0,2.51,0.24,0.03,0.77
1998-03-18,000034,12.35,12.1,12.35,12.04,3371,2220187.5,2.5,-2.26,-0.28,0.4
1998-03-19,000034,12.11,12.11,12.37,12.04,3749,2477825.75,2.73,0.08,0.01,0.44
1998-03-20,000034,12.2,12.42,12.64,12.17,5111,3424973.75,3.88,2.56,0.31,0.6
1998-03-23,000034,12.42,12.06,12.44,11.84,3252,2139982.5,4.83,-2.9,-0.36,0.38
1998-03-24,000034,12.06,12.1,12.15,11.9,4056,2636348.75,2.07,0.33,0.04,0.48
1998-03-25,000034,12.38,12.42,12.55,12.11,6242,4167158.25,3.64,2.64,0.32,0.74
1998-03-26,000034,12.38,12.55,12.8,12.38,8568,5847166.0,3.38,1.05,0.13,1.01
1998-03-27,000034,12.55,12.95,13.16,12.24,12294,8517863.0,7.33,3.19,0.4,1.45
1998-03-30,000034,12.87,13.13,13.29,12.84,11739,8337317.0,3.47,1.39,0.18,1.39
1998-03-31,000034,13.31,12.82,13.31,12.73,8135,5714284.0,4.42,-2.36,-0.31,0.96
1998-04-01,000034,12.91,13.11,13.11,12.48,10184,7021618.5,4.91,2.26,0.29,1.2
1998-04-02,000034,13.11,13.11,13.65,13.07,15830,11444010.0,4.42,0.0,0.0,1.87
1998-04-03,000034,13.11,13.54,13.63,12.84,19132,13860982.0,6.03,3.28,0.43,2.26
1998-04-06,000034,13.56,13.74,14.28,13.54,17393,13041613.0,5.47,1.48,0.2,2.05
1998-04-07,000034,13.74,13.56,13.92,13.29,10096,7379989.0,4.59,-1.31,-0.18,1.19
1998-04-08,000034,13.56,14.81,14.9,13.29,61438,48409940.0,11.87,9.22,1.25,7.26
1998-04-09,000034,14.83,14.03,15.04,13.85,33824,26280780.0,8.04,-5.27,-0.78,4.0
1998-04-10,000034,13.83,13.72,13.98,13.47,14072,10432347.0,3.64,-2.21,-0.31,1.66
1998-04-13,000034,13.72,13.29,13.72,13.2,14821,10688916.0,3.79,-3.13,-0.43,1.75
1998-04-14,000034,13.16,13.42,13.56,13.07,5843,4233146.0,3.69,0.98,0.13,0.69
1998-04-15,000034,13.25,13.43,13.63,13.25,7214,5258270.5,2.83,0.07,0.01,0.85
1998-04-16,000034,13.38,13.54,13.83,13.11,10181,7444662.5,5.36,0.82,0.11,1.2
1998-04-17,000034,13.65,13.25,13.65,13.24,8509,6164169.0,3.03,-2.14,-0.29,1.01
1998-04-20,000034,13.16,13.22,13.38,12.93,5886,4205738.5,3.4,-0.23,-0.03,0.7
1998-04-21,000034,13.29,13.4,13.51,12.95,5622,4069394.0,4.24,1.36,0.18,0.66
1998-04-22,000034,13.38,13.67,13.76,13.29,8324,6132895.5,3.51,2.01,0.27,0.98
1998-04-23,000034,13.87,13.78,13.99,13.63,11853,8857663.0,2.63,0.8,0.11,1.4
1998-04-24,000034,13.74,13.11,13.78,13.07,9597,6946124.5,5.15,-4.86,-0.67,1.13
1998-04-27,000034,12.84,12.64,13.04,12.57,9978,6866564.5,3.59,-3.59,-0.47,1.18
1998-04-28,000034,11.66,11.66,12.04,11.41,23747,14861538.0,4.98,-7.75,-0.98,2.81
1998-04-29,000034,11.66,11.79,12.01,11.3,13723,8640934.0,6.09,1.11,0.13,1.62
1998-04-30,000034,11.75,11.99,12.01,11.66,10843,6930261.0,2.97,1.7,0.2,1.28
1998-05-04,000034,12.02,11.84,12.11,11.7,12394,7904062.0,3.42,-1.25,-0.15,1.46
1998-05-05,000034,11.93,12.42,12.55,11.68,18227,11943758.0,7.35,4.9,0.58,2.15
1998-05-06,000034,12.38,12.53,12.64,12.2,11916,8017610.5,3.54,0.89,0.11,1.41
1998-05-07,000034,12.57,12.71,13.4,12.42,26587,18864014.0,7.82,1.44,0.18,3.14
1998-05-08,000034,12.71,13.04,13.27,12.49,19544,13712495.0,6.14,2.6,0.33,2.31
1998-05-11,000034,13.25,13.34,13.98,13.13,29205,21474158.0,6.52,2.3,0.3,3.45
1998-05-12,000034,13.43,13.11,13.47,12.75,13116,9226861.0,5.4,-1.72,-0.23,1.55
1998-05-13,000034,13.02,13.29,13.74,12.89,15147,10998371.0,6.48,1.37,0.18,1.79
1998-05-14,000034,13.29,12.93,13.38,12.86,12436,8764839.0,3.91,-2.71,-0.36,1.47
1998-05-15,000034,12.89,12.62,13.11,12.58,9734,6714832.0,4.1,-2.4,-0.31,1.15
1998-05-18,000034,12.49,12.73,13.02,12.38,8177,5629559.5,5.07,0.87,0.11,0.97
1998-05-19,000034,12.66,12.69,12.91,12.58,3678,2530717.25,2.59,-0.31,-0.04,0.43
1998-05-20,000034,12.71,12.6,12.93,12.57,3708,2548948.0,2.84,-0.71,-0.09,0.44
1998-05-21,000034,12.86,12.71,12.86,12.38,5306,3603366.0,3.81,0.87,0.11,0.63
1998-05-22,000034,12.84,13.14,13.29,12.69,13843,9828919.0,4.72,3.38,0.43,1.64
1998-05-25,000034,13.13,13.87,14.16,13.11,43631,32486730.0,7.99,5.56,0.73,5.15
1998-05-26,000034,13.98,13.52,14.1,13.38,15863,11680824.0,5.19,-2.52,-0.35,1.87
1998-05-27,000034,13.51,13.74,14.16,13.34,24817,18706622.0,6.07,1.63,0.22,2.93
1998-05-28,000034,13.78,13.43,13.83,13.38,11700,8537402.0,3.28,-2.26,-0.31,1.38
1998-05-29,000034,13.43,13.81,13.92,13.2,17162,12604639.0,5.36,2.83,0.38,2.03
1998-06-01,000034,13.87,14.39,14.68,13.52,41707,32001310.0,8.4,4.2,0.58,4.93
1998-06-02,000034,14.45,14.25,14.47,13.83,18883,14524545.0,4.45,-0.97,-0.14,2.23
1998-06-03,000034,14.16,14.12,14.37,13.83,11907,9102528.0,3.79,-0.91,-0.13,1.41
1998-06-04,000034,14.12,14.19,14.37,13.83,15854,12156205.0,3.82,0.5,0.07,1.87
1998-06-05,000034,14.19,14.7,14.92,13.83,81936,64604384.0,7.68,3.59,0.51,9.68
1998-06-08,000034,14.74,14.03,14.92,13.89,40530,31941654.0,7.01,-4.56,-0.67,4.79
1998-06-09,000034,14.01,13.13,14.01,12.75,31491,22657798.0,8.98,-6.41,-0.9,3.72
1998-06-10,000034,13.13,13.09,13.38,12.66,11774,8278861.0,5.48,-0.3,-0.04,1.39
1998-06-11,000034,12.93,12.58,13.29,12.57,7439,5143868.5,5.5,-3.9,-0.51,0.88
1998-06-12,000034,13.13,13.16,13.22,12.76,8932,6310411.0,3.66,4.61,0.58,1.06
1998-06-15,000034,13.16,12.66,13.2,12.62,7136,4966743.0,4.41,-3.8,-0.5,0.84
1998-06-16,000034,12.57,12.62,12.73,12.17,6198,4167890.75,4.42,-0.32,-0.04,0.73
1998-06-17,000034,12.67,12.69,12.93,12.57,3489,2416666.75,2.85,0.55,0.07,0.41
1998-06-18,000034,12.93,12.75,13.02,12.71,5009,3476605.0,2.44,0.47,0.06,0.59
1998-06-19,000034,12.93,13.02,13.02,12.62,6174,4275232.5,3.14,2.12,0.27,0.73
1998-06-22,000034,12.93,12.73,12.93,12.66,5689,3931695.75,2.07,-2.23,-0.29,0.67
1998-06-23,000034,12.73,12.49,12.84,12.44,7077,4808629.0,3.14,-1.89,-0.24,0.84
1998-06-24,000034,12.38,12.57,12.57,12.2,6812,4555578.0,2.96,0.64,0.08,0.8
1998-06-25,000034,12.84,12.28,12.89,12.24,4822,3226887.0,5.17,-2.31,-0.29,0.57
1998-06-26,000034,12.22,12.33,12.46,12.2,3147,2104391.25,2.12,0.41,0.05,0.37
1998-06-29,000034,12.35,12.06,12.35,11.93,3988,2597732.0,3.41,-2.19,-0.27,0.47
1998-06-30,000034,12.04,11.9,12.22,11.86,2672,1729184.12,2.99,-1.33,-0.16,0.32
1998-07-01,000034,12.2,11.86,12.29,11.84,3844,2492790.0,3.78,-0.34,-0.04,0.45
1998-07-02,000034,11.86,12.62,12.66,11.75,6315,4078779.25,7.67,6.41,0.76,0.75
1998-07-03,000034,12.57,12.37,12.78,12.26,10644,7215600.5,4.12,-1.98,-0.25,1.26
1998-07-06,000034,12.37,11.9,12.38,11.84,3067,1982624.0,4.37,-3.8,-0.47,0.36
1998-07-07,000034,11.81,12.06,12.06,11.79,2219,1432055.62,2.27,1.34,0.16,0.26
1998-07-08,000034,11.93,12.02,12.19,11.93,1403,912881.69,2.16,-0.33,-0.04,0.17
1998-07-09,000034,12.11,11.9,12.11,11.86,2308,1490377.38,2.08,-1.0,-0.12,0.27
1998-07-10,000034,11.84,12.08,12.2,11.84,3010,1966597.0,3.03,1.51,0.18,0.36
1998-07-13,000034,12.02,12.11,12.19,11.93,2383,1549739.75,2.15,0.25,0.03,0.28
1998-07-14,000034,12.11,11.86,12.11,11.84,2982,1928886.0,2.23,-2.06,-0.25,0.35
1998-07-15,000034,11.66,11.75,11.93,11.66,3088,1956947.62,2.28,-0.93,-0.11,0.36
1998-07-16,000034,11.81,11.63,11.84,11.59,2729,1724684.25,2.13,-1.02,-0.12,0.32
1998-07-17,000034,11.66,11.64,11.93,11.63,2978,1879084.75,2.58,0.09,0.01,0.35
1998-07-20,000034,11.66,11.32,11.66,11.12,3322,2038426.5,4.64,-2.75,-0.32,0.39
1998-07-21,000034,11.39,11.44,11.72,11.23,4639,2852888.75,4.33,1.06,0.12,0.55
1998-07-22,000034,11.63,11.37,11.66,11.34,2845,1762030.25,2.8,-0.61,-0.07,0.34
1998-07-23,000034,11.34,11.52,11.75,11.3,2314,1438856.25,3.96,1.32,0.15,0.27
1998-07-24,000034,11.55,11.75,11.84,11.5,3217,2031551.25,2.95,2.0,0.23,0.38
1998-07-27,000034,11.84,11.61,11.84,11.48,2292,1434008.0,3.06,-1.19,-0.14,0.27
1998-07-28,000034,11.64,12.01,12.04,11.57,4950,3166521.0,4.05,3.45,0.4,0.58
1998-07-29,000034,11.99,11.61,12.01,11.59,2056,1306956.25,3.5,-3.33,-0.4,0.24
1998-07-30,000034,11.66,11.7,11.77,11.57,1876,1181609.12,1.72,0.78,0.09,0.22
1998-07-31,000034,11.84,12.4,12.51,11.77,16785,11213504.0,6.32,5.98,0.7,1.98
1998-08-03,000034,12.66,13.31,13.56,12.6,44488,31822644.0,7.74,7.34,0.91,5.25
1998-08-04,000034,13.31,12.84,13.31,12.67,16916,11848107.0,4.81,-3.53,-0.47,2.0
1998-08-05,000034,12.84,13.05,13.22,12.67,11355,7975583.5,4.28,1.64,0.21,1.34
1998-08-06,000034,13.11,12.71,13.11,12.66,6846,4747136.5,3.45,-2.61,-0.34,0.81
1998-08-07,000034,12.66,12.11,12.66,12.08,8972,5980186.5,4.56,-4.72,-0.6,1.06
1998-08-10,000034,11.84,11.81,12.19,11.68,6745,4359133.0,4.21,-2.48,-0.3,0.8
1998-08-11,000034,11.68,11.75,12.06,11.57,5158,3279770.0,4.15,-0.51,-0.06,0.61
1998-08-12,000034,11.75,11.84,11.97,11.3,5879,3701979.25,5.7,0.77,0.09,0.69
1998-08-13,000034,11.86,12.08,12.2,11.55,5301,3392952.5,5.49,2.03,0.24,0.63
1998-08-14,000034,12.02,11.48,12.02,11.48,4608,2896645.75,4.47,-4.97,-0.6,0.54
1998-08-17,000034,11.14,10.36,11.3,10.36,6674,3832084.75,8.19,-9.76,-1.12,0.79
1998-08-18,000034,10.3,9.71,10.54,9.56,5682,3076883.25,9.46,-6.27,-0.65,0.67
1998-08-19,000034,9.71,10.25,10.29,9.71,5682,3108416.75,5.97,5.56,0.54,0.67
1998-08-20,000034,10.32,10.72,10.76,10.07,6779,3857677.75,6.73,4.59,0.47,0.8
1998-08-21,000034,10.4,10.49,10.79,10.25,8128,4584805.0,5.04,-2.15,-0.23,0.96
1998-08-24,000034,10.49,11.37,11.52,10.47,19848,12103275.0,10.01,8.39,0.88,2.34
1998-08-25,000034,11.44,11.15,11.46,10.87,8950,5350089.0,5.19,-1.93,-0.22,1.06
1998-08-26,000034,11.12,10.92,11.21,10.9,4936,2946272.0,2.78,-2.06,-0.23,0.58
1998-08-27,000034,10.76,10.43,10.85,10.4,5866,3344080.0,4.12,-4.49,-0.49,0.69
1998-08-28,000034,10.4,10.47,10.58,10.21,3641,2046882.88,3.55,0.38,0.04,0.43
1998-08-31,000034,10.18,10.5,10.58,9.67,4668,2530648.0,8.69,0.29,0.03,0.55
1998-09-01,000034,10.49,10.2,10.58,10.12,4758,2640110.0,4.38,-2.86,-0.3,0.56
1998-09-02,000034,10.03,10.11,10.36,9.85,3101,1695231.5,5.0,-0.88,-0.09,0.37
1998-09-03,000034,10.03,10.14,10.3,10.03,2499,1367306.25,2.67,0.3,0.03,0.3
1998-09-04,000034,10.21,10.36,10.54,10.14,3179,1769174.25,3.94,2.17,0.22,0.38
1998-09-07,000034,10.21,10.54,10.58,10.21,4677,2599323.0,3.57,1.74,0.18,0.55
1998-09-08,000034,10.56,10.4,10.72,10.3,4860,2750234.75,3.98,-1.33,-0.14,0.57
1998-09-09,000034,10.36,10.76,10.76,10.25,5835,3340943.0,4.9,3.46,0.36,0.69
1998-09-10,000034,10.94,10.78,10.94,10.58,7852,4558419.0,3.35,0.19,0.02,0.93
1998-09-11,000034,10.78,10.67,10.9,10.58,6995,4036641.0,2.97,-1.02,-0.11,0.83
1998-09-14,000034,10.67,11.1,11.12,10.58,8762,5166836.0,5.06,4.03,0.43,1.03
1998-09-15,000034,11.12,10.78,11.39,10.76,8272,4972356.0,5.68,-2.88,-0.32,0.98
1998-09-16,000034,10.72,10.83,10.97,10.58,6931,4014006.0,3.62,0.46,0.05,0.82
1998-09-17,000034,10.85,10.88,11.52,10.76,12487,7510316.0,7.02,0.46,0.05,1.47
1998-09-18,000034,10.81,10.87,11.28,10.58,10423,6209123.0,6.43,-0.09,-0.01,1.23
1998-09-21,000034,10.67,10.96,11.05,10.67,6040,3532017.5,3.5,0.83,0.09,0.71
1998-09-22,000034,11.12,10.92,11.21,10.85,4289,2553846.75,3.28,-0.36,-0.04,0.51
1998-09-23,000034,10.94,10.88,11.21,10.76,3405,2009140.75,4.12,-0.37,-0.04,0.4
1998-09-24,000034,10.88,10.32,11.03,10.3,5549,3167502.75,6.71,-5.15,-0.56,0.66
1998-09-25,000034,10.3,10.67,10.68,10.21,3304,1855781.0,4.55,3.39,0.35,0.39
1998-09-28,000034,10.76,10.68,10.76,10.41,3734,2130509.75,3.28,0.09,0.01,0.44
1998-09-29,000034,10.76,10.5,10.79,10.49,2655,1517791.12,2.81,-1.69,-0.18,0.31
1998-09-30,000034,10.68,10.96,11.12,10.41,6615,3851432.75,6.76,4.38,0.46,0.78
1998-10-05,000034,12.02,11.34,12.02,11.3,22625,14093551.0,6.57,3.47,0.38,2.67
1998-10-06,000034,11.14,10.88,11.23,10.85,6873,4073016.25,3.35,-4.06,-0.46,0.81
1998-10-07,000034,10.88,10.85,11.03,10.76,2687,1573570.0,2.48,-0.28,-0.03,0.32
1998-10-08,000034,10.85,10.96,11.05,10.76,4109,2408509.75,2.67,1.01,0.11,0.49
1998-10-09,000034,11.15,10.87,11.15,10.85,2897,1710106.75,2.74,-0.82,-0.09,0.34
1998-10-12,000034,11.3,11.12,11.3,10.92,7509,4514214.0,3.5,2.3,0.25,0.89
1998-10-13,000034,11.14,10.92,11.35,10.81,6142,3632317.5,4.86,-1.8,-0.2,0.73
1998-10-14,000034,11.12,11.1,11.12,10.88,4414,2626956.0,2.2,1.65,0.18,0.52
1998-10-15,000034,11.28,11.35,11.48,10.96,10469,6379203.5,4.68,2.25,0.25,1.24
1998-10-16,000034,11.37,11.17,11.37,11.12,6617,4009896.75,2.2,-1.59,-0.18,0.78
1998-10-19,000034,11.14,11.48,11.48,10.99,10425,6299474.0,4.39,2.78,0.31,1.23
1998-10-20,000034,11.48,11.21,11.55,11.12,5524,3373179.25,3.75,-2.35,-0.27,0.65
1998-10-21,000034,11.12,10.61,11.12,10.59,7997,4653500.5,4.73,-5.35,-0.6,0.94
1998-10-22,000034,10.41,10.68,10.74,10.4,5784,3278682.5,3.2,0.66,0.07,0.68
1998-10-23,000034,10.67,10.63,10.94,10.54,3856,2230835.75,3.75,-0.47,-0.05,0.46
1998-10-26,000034,10.41,10.41,10.61,10.21,5617,3137092.0,3.76,-2.07,-0.22,0.66
1998-10-27,000034,10.4,10.59,10.72,10.3,2860,1626275.75,4.03,1.73,0.18,0.34
1998-10-28,000034,10.58,10.78,10.9,10.54,4240,2457782.75,3.4,1.79,0.19,0.5
1998-10-29,000034,10.76,10.61,10.85,10.5,3959,2267689.75,3.25,-1.58,-0.17,0.47
1998-10-30,000034,10.58,10.74,10.85,10.58,5096,2948158.0,2.54,1.23,0.13,0.6
1998-11-02,000034,10.7,11.3,11.35,10.68,14205,8550878.0,6.24,5.21,0.56,1.68
1998-11-03,000034,11.25,10.97,11.3,10.9,6545,3903006.5,3.54,-2.92,-0.33,0.77
1998-11-04,000034,10.99,10.92,11.21,10.85,4812,2879058.25,3.28,-0.46,-0.05,0.57
1998-11-05,000034,10.99,11.08,11.12,10.85,5767,3421879.5,2.47,1.47,0.16,0.68
1998-11-06,000034,11.06,10.94,11.26,10.88,6321,3733476.25,3.43,-1.26,-0.14,0.75
1998-11-09,000034,10.94,11.26,11.3,10.72,8666,5122454.0,5.3,2.93,0.32,1.02
1998-11-10,000034,11.26,11.08,11.28,10.96,7010,4195518.0,2.84,-1.6,-0.18,0.83
1998-11-11,000034,11.28,11.46,11.73,11.03,25448,15773686.0,6.32,3.43,0.38,3.01
1998-11-12,000034,11.48,11.15,11.66,11.12,16326,10077133.0,4.71,-2.71,-0.31,1.93
1998-11-13,000034,11.12,11.81,12.01,11.12,40362,25773738.0,7.98,5.92,0.66,4.77
1998-11-16,000034,11.88,11.93,12.02,11.75,20807,13360564.0,2.29,1.02,0.12,2.46
1998-11-17,000034,12.02,12.17,12.35,11.95,21328,13988712.0,3.35,2.01,0.24,2.52
1998-11-18,000034,12.2,12.02,12.24,11.75,15061,9682732.0,4.03,-1.23,-0.15,1.78
1998-11-19,000034,11.93,11.64,11.93,11.57,8424,5350836.5,3.0,-3.16,-0.38,1.0
1998-11-20,000034,11.61,11.5,11.66,11.39,6527,4063363.5,2.32,-1.2,-0.14,0.77
1998-11-23,000034,11.35,11.25,11.59,11.21,5922,3613343.75,3.3,-2.17,-0.25,0.7
1998-11-24,000034,11.26,11.34,11.66,11.26,3965,2435852.75,3.56,0.8,0.09,0.47
1998-11-25,000034,11.48,11.14,11.59,11.12,4455,2712887.75,4.14,-1.76,-0.2,0.53
1998-11-26,000034,11.12,11.19,11.43,11.12,4563,2756845.75,2.78,0.45,0.05,0.54
1998-11-27,000034,11.21,11.3,11.44,11.17,4439,2707573.25,2.41,0.98,0.11,0.52
1998-11-30,000034,11.44,11.32,11.44,11.19,3752,2285122.75,2.21,0.18,0.02,0.44
1998-12-01,000034,11.34,11.63,11.66,11.34,9204,5742199.5,2.83,2.74,0.31,1.09
1998-12-02,000034,11.64,11.75,11.77,11.39,9558,5992973.5,3.27,1.03,0.12,1.13
1998-12-03,000034,11.66,11.61,11.86,11.44,5631,3540096.75,3.57,-1.19,-0.14,0.67
1998-12-04,000034,11.52,11.03,11.63,10.99,5970,3614580.0,5.51,-5.0,-0.58,0.71
1998-12-07,000034,11.34,10.72,11.34,10.67,5085,2988633.0,6.07,-2.81,-0.31,0.6
1998-12-08,000034,10.72,10.88,10.92,10.68,2487,1454965.5,2.24,1.49,0.16,0.29
1998-12-09,000034,10.94,11.01,11.06,10.87,1227,724616.0,1.75,1.19,0.13,0.14
1998-12-10,000034,10.94,10.67,10.99,10.61,2057,1201598.62,3.45,-3.09,-0.34,0.24
1998-12-11,000034,10.5,10.74,10.76,10.43,2260,1287102.88,3.09,0.66,0.07,0.27
1998-12-14,000034,10.76,10.56,10.9,10.54,1298,743527.0,3.35,-1.68,-0.18,0.15
1998-12-15,000034,10.56,10.61,10.65,10.21,2476,1378698.5,4.17,0.47,0.05,0.29
1998-12-16,000034,10.54,10.38,10.54,10.36,1510,850114.75,1.7,-2.17,-0.23,0.18
1998-12-17,000034,10.3,10.12,10.38,10.12,3022,1665000.0,2.5,-2.5,-0.26,0.36
1998-12-18,000034,9.8,9.89,10.21,9.8,2933,1575042.0,4.05,-2.27,-0.23,0.35
1998-12-21,000034,9.85,10.0,10.03,9.76,1535,819976.19,2.73,1.11,0.11,0.18
1998-12-22,000034,10.12,10.32,10.36,9.96,2214,1217169.0,4.0,3.2,0.32,0.26
1998-12-23,000034,10.23,10.18,10.47,10.12,2384,1317402.38,3.39,-1.36,-0.14,0.28
1998-12-24,000034,10.18,9.98,10.18,9.94,2278,1225076.88,2.36,-1.96,-0.2,0.27
1998-12-25,000034,10.2,10.07,10.2,9.94,1838,995538.75,2.61,0.9,0.09,0.22
1998-12-28,000034,10.0,9.89,10.18,9.82,1604,860693.56,3.57,-1.79,-0.18,0.19
1998-12-29,000034,9.85,9.87,10.03,9.78,1914,1016422.25,2.53,-0.2,-0.02,0.23
1998-12-30,000034,9.78,9.85,9.98,9.6,2567,1349137.88,3.85,-0.2,-0.02,0.3
1998-12-31,000034,9.74,9.74,9.96,9.67,1226,644321.19,2.94,-1.12,-0.11,0.14
1999-01-04,000034,9.85,9.45,9.85,9.45,2263,1159962.12,4.11,-2.98,-0.29,0.27
1999-01-05,000034,9.45,10.03,10.38,9.36,6757,3618753.5,10.79,6.14,0.58,0.8
1999-01-06,000034,9.87,10.02,10.18,9.87,4247,2298421.75,3.09,-0.1,-0.01,0.5
1999-01-07,000034,9.94,10.2,10.25,9.85,3794,2052826.38,3.99,1.8,0.18,0.45
1999-01-08,000034,10.09,10.3,10.43,10.09,6596,3657676.75,3.33,0.98,0.1,0.78
1999-01-11,000034,10.21,10.02,10.21,9.82,5245,2814882.75,3.79,-2.72,-0.28,0.62
1999-01-12,000034,9.94,9.62,10.0,9.56,4976,2609824.75,4.39,-3.99,-0.4,0.59
1999-01-13,000034,9.58,9.45,9.6,9.35,6577,3347121.5,2.6,-1.77,-0.17,0.78
1999-01-14,000034,9.45,8.86,9.53,8.77,9345,4554764.0,8.04,-6.24,-0.59,1.1
1999-01-15,000034,8.75,8.3,8.75,8.28,9817,4445345.0,5.3,-6.32,-0.56,1.16
1999-01-18,000034,7.95,8.19,8.21,7.75,8340,3547906.75,5.54,-1.33,-0.11,0.99
1999-01-19,000034,8.04,8.39,8.41,7.95,7867,3409115.25,5.62,2.44,0.2,0.93
1999-01-20,000034,8.35,8.22,8.53,8.13,4517,2005905.38,4.77,-2.03,-0.17,0.53
1999-01-21,000034,8.22,8.21,8.31,8.06,3896,1703509.62,3.04,-0.12,-0.01,0.46
1999-01-22,000034,8.31,8.26,8.42,8.13,3850,1703030.88,3.53,0.61,0.05,0.45
1999-01-25,000034,8.31,8.55,8.68,8.26,8428,3844555.25,5.08,3.51,0.29,1.0
1999-01-26,000034,8.55,8.33,8.62,8.22,5084,2276913.0,4.68,-2.57,-0.22,0.6
1999-01-27,000034,8.33,8.68,8.88,8.26,7671,3546864.5,7.44,4.2,0.35,0.91
1999-01-28,000034,8.73,8.59,8.73,8.5,4615,2124941.25,2.65,-1.04,-0.09,0.55
1999-01-29,000034,8.64,8.69,8.86,8.62,4896,2297843.25,2.79,1.16,0.1,0.58
1999-02-01,000034,8.6,8.84,9.02,8.6,5148,2445640.0,4.83,1.73,0.15,0.61
1999-02-02,000034,8.75,8.46,8.91,8.41,4616,2109704.75,5.66,-4.3,-0.38,0.55
1999-02-03,000034,8.41,8.28,8.53,8.24,2964,1321813.62,3.43,-2.13,-0.18,0.35
1999-02-04,000034,8.28,8.17,8.33,8.13,2089,920180.69,2.42,-1.33,-0.11,0.25
1999-02-05,000034,8.1,7.77,8.17,7.77,3639,1542477.88,4.9,-4.9,-0.4,0.43
1999-02-08,000034,7.81,7.81,8.15,7.75,4830,2035260.0,5.15,0.51,0.04,0.57
1999-02-09,000034,7.86,8.04,8.06,7.86,2883,1229143.88,2.56,2.94,0.23,0.34
1999-03-01,000034,8.22,8.31,8.39,7.97,3070,1355085.62,5.22,3.36,0.27,0.36
1999-03-02,000034,8.41,8.51,8.77,8.22,5103,2323828.5,6.62,2.41,0.2,0.6
1999-03-03,000034,8.5,8.71,8.98,8.5,11616,5456932.5,5.64,2.35,0.2,1.37
1999-03-04,000034,8.79,9.56,9.56,8.59,13722,6740956.0,11.14,9.76,0.85,1.62
1999-03-05,000034,9.85,9.89,10.49,9.85,42335,23114164.0,6.69,3.45,0.33,5.0
1999-03-08,000034,9.85,9.65,9.89,9.49,13139,6802561.0,4.04,-2.43,-0.24,1.55
1999-03-09,000034,9.71,9.89,10.4,9.6,13019,6977277.0,8.29,2.49,0.24,1.54
1999-03-10,000034,9.87,9.96,10.3,9.6,12897,6981860.0,7.08,0.71,0.07,1.52
1999-03-11,000034,9.89,10.25,10.4,9.85,15603,8577728.0,5.52,2.91,0.29,1.84
1999-03-12,000034,10.58,10.54,11.12,10.49,37954,22115700.0,6.15,2.83,0.29,4.48
1999-03-15,000034,10.54,10.45,10.54,10.21,19249,10704949.0,3.13,-0.85,-0.09,2.27
1999-03-16,000034,10.38,10.34,10.49,10.03,10225,5633488.5,4.4,-1.05,-0.11,1.21
1999-03-17,000034,10.21,9.92,10.43,9.85,9139,5011343.5,5.61,-4.06,-0.42,1.08
1999-03-18,000034,9.85,9.74,10.12,9.71,10297,5454824.0,4.13,-1.81,-0.18,1.22
1999-03-19,000034,9.92,10.05,10.05,9.67,7759,4116076.25,3.9,3.18,0.31,0.92
1999-03-22,000034,10.0,9.64,10.05,9.64,9011,4735233.5,4.08,-4.08,-0.41,1.06
1999-03-23,000034,9.64,10.0,10.03,9.45,10317,5369802.5,6.02,3.73,0.36,1.22
1999-03-24,000034,9.96,9.76,10.03,9.67,4876,2575497.25,3.6,-2.4,-0.24,0.58
1999-03-25,000034,9.69,9.67,9.89,9.58,4182,2192860.0,3.18,-0.92,-0.09,0.49
1999-03-26,000034,9.69,9.91,9.96,9.64,5130,2709045.0,3.31,2.48,0.24,0.61
1999-03-29,000034,9.82,10.09,10.12,9.76,10190,5495936.0,3.63,1.82,0.18,1.2
1999-03-30,000034,10.14,9.76,10.18,9.74,4322,2318142.25,4.36,-3.27,-0.33,0.51
1999-03-31,000034,9.67,9.87,10.0,9.58,4532,2381524.5,4.3,1.13,0.11,0.54
1999-04-01,000034,9.85,10.18,10.21,9.71,11616,6303080.0,5.07,3.14,0.31,1.37
1999-04-02,000034,10.12,10.07,10.38,10.0,11238,6167414.5,3.73,-1.08,-0.11,1.33
1999-04-05,000034,10.07,10.18,10.4,10.05,9966,5463082.0,3.48,1.09,0.11,1.18
1999-04-06,000034,10.18,10.03,10.3,9.94,8017,4336024.0,3.54,-1.47,-0.15,0.95
1999-04-07,000034,10.12,10.54,10.79,10.12,19949,11320374.0,6.68,5.08,0.51,2.36
1999-04-08,000034,10.54,10.36,10.72,10.21,9393,5244075.5,4.84,-1.71,-0.18,1.11
1999-04-09,000034,10.36,10.12,10.36,10.02,8701,4740376.0,3.28,-2.32,-0.24,1.03
1999-04-12,000034,10.03,9.91,10.18,9.87,8133,4354427.0,3.06,-2.08,-0.21,0.96
1999-04-13,000034,9.94,9.82,10.16,9.67,6509,3451231.75,4.94,-0.91,-0.09,0.77
1999-04-14,000034,9.82,9.91,10.07,9.6,7264,3833592.25,4.79,0.92,0.09,0.86
1999-04-15,000034,9.91,9.58,9.94,9.51,7214,3752671.0,4.34,-3.33,-0.33,0.85
1999-04-16,000034,9.58,9.26,9.67,9.11,12015,6007296.0,5.85,-3.34,-0.32,1.42
1999-04-19,000034,9.13,9.15,9.35,8.95,6178,3021003.25,4.32,-1.19,-0.11,0.73
1999-04-20,000034,9.11,9.62,9.67,9.09,7150,3633470.5,6.34,5.14,0.47,0.84
1999-04-21,000034,9.67,9.4,9.69,9.4,5851,2990013.75,3.01,-2.29,-0.22,0.69
1999-04-22,000034,9.36,9.26,9.4,8.97,6286,3095245.25,4.57,-1.49,-0.14,0.74
1999-04-23,000034,9.22,9.51,9.76,9.22,7745,3980158.75,5.83,2.7,0.25,0.91
1999-04-26,000034,9.51,9.6,9.82,9.31,11037,5728259.0,5.36,0.95,0.09,1.3
1999-04-27,000034,9.62,8.91,9.71,8.8,14837,7290460.0,9.48,-7.19,-0.69,1.75
1999-04-28,000034,8.77,8.31,9.04,8.24,10971,5022044.5,8.98,-6.73,-0.6,1.3
1999-04-30,000034,7.92,8.48,8.71,7.92,18308,8128942.5,9.51,2.05,0.17,2.16
1999-05-04,000034,8.48,8.35,8.69,8.3,7250,3270388.5,4.6,-1.53,-0.13,0.86
1999-05-05,000034,8.31,8.04,8.31,8.01,5985,2595531.75,3.59,-3.71,-0.31,0.71
1999-05-06,000034,8.01,8.39,8.44,8.01,6445,2862464.75,5.35,4.35,0.35,0.76
1999-05-07,000034,8.26,8.37,8.55,8.22,4412,1985301.0,3.93,-0.24,-0.02,0.52
1999-05-10,000034,8.22,7.97,8.22,7.97,4658,2001921.38,2.99,-4.78,-0.4,0.55
1999-05-11,000034,7.97,8.12,8.22,7.75,3316,1409459.25,5.9,1.88,0.15,0.39
1999-05-12,000034,8.17,8.01,8.17,7.92,2160,922730.19,3.08,-1.35,-0.11,0.26
1999-05-13,000034,7.9,7.86,7.95,7.83,2435,1026375.31,1.5,-1.87,-0.15,0.29
1999-05-14,000034,7.86,7.5,7.86,7.48,5864,2386336.75,4.83,-4.58,-0.36,0.69
1999-05-17,000034,7.5,7.21,7.5,7.19,3851,1500367.62,4.13,-3.87,-0.29,0.45
1999-05-18,000034,7.14,7.32,7.52,7.14,3042,1194621.12,5.27,1.53,0.11,0.36
1999-05-19,000034,7.32,7.68,7.68,7.32,6178,2513336.75,4.92,4.92,0.36,0.73
1999-05-20,000034,7.65,7.97,8.06,7.65,6967,2937626.75,5.34,3.78,0.29,0.82
1999-05-21,000034,8.03,8.03,8.35,7.92,12977,5700451.0,5.4,0.75,0.06,1.53
1999-05-24,000034,8.01,7.88,8.06,7.65,9880,4100410.75,5.11,-1.87,-0.15,1.17
1999-05-25,000034,7.86,7.92,8.26,7.61,15299,6573073.0,8.25,0.51,0.04,1.81
1999-05-26,000034,7.93,8.08,8.13,7.77,11379,4805682.0,4.55,2.02,0.16,1.34
1999-05-27,000034,8.08,7.95,8.08,7.83,12774,5395019.0,3.09,-1.61,-0.13,1.51
1999-05-28,000034,7.92,8.33,8.33,7.83,21880,9468330.0,6.29,4.78,0.38,2.58
1999-05-31,000034,8.44,8.01,8.5,7.95,11762,5137245.0,6.6,-3.84,-0.32,1.39
1999-06-01,000034,8.1,8.41,8.41,8.04,18210,8153223.5,4.62,4.99,0.4,2.15
1999-06-02,000034,8.41,8.6,8.77,8.22,19504,8942708.0,6.54,2.26,0.19,2.3
1999-06-03,000034,8.6,8.48,8.88,8.42,10279,4739904.5,5.35,-1.4,-0.12,1.21
1999-06-04,000034,8.46,8.31,8.59,8.26,8668,3903047.75,3.89,-2.0,-0.17,1.02
1999-06-07,000034,8.28,8.41,8.41,8.08,9993,4394885.0,3.97,1.2,0.1,1.18
1999-06-08,000034,8.59,8.79,8.79,8.28,17747,8284891.0,6.06,4.52,0.38,2.1
1999-06-09,000034,9.22,9.22,9.22,9.22,7363,3645175.0,0.0,4.89,0.43,0.87
1999-06-10,000034,9.67,9.67,9.67,9.67,18183,9455446.0,0.0,4.88,0.45,2.15
1999-06-11,000034,10.14,10.14,10.14,10.14,4422,2414761.5,0.0,4.86,0.47,0.52
1999-06-14,000034,10.63,10.63,10.63,10.63,4248,2434121.25,0.0,4.83,0.49,0.5
1999-06-15,000034,11.15,10.25,11.15,10.12,92052,53913708.0,9.69,-3.57,-0.38,10.87
1999-06-16,000034,10.58,10.76,10.76,10.3,8739,5047430.0,4.49,4.98,0.51,1.03
1999-06-17,000034,11.28,11.28,11.28,11.28,9444,5751664.0,0.0,4.83,0.52,1.12
1999-06-18,000034,11.82,11.82,11.82,11.82,13954,8916727.0,0.0,4.79,0.54,1.65
1999-06-21,000034,12.4,12.38,12.4,11.66,79653,52963628.0,6.26,4.74,0.56,9.41
1999-06-22,000034,12.37,12.96,12.96,12.02,31185,20992202.0,7.59,4.68,0.58,3.68
1999-06-23,000034,13.38,13.38,13.6,13.11,26023,19048228.0,3.78,3.24,0.42,3.07
1999-06-24,000034,12.93,13.43,13.83,12.89,96471,68366800.0,7.03,0.37,0.05,11.4
1999-06-25,000034,13.83,14.09,14.09,12.78,65257,47468292.0,9.75,4.91,0.66,7.71
1999-06-28,000034,14.56,14.77,14.77,14.37,24265,19440274.0,2.84,4.83,0.68,2.87
1999-06-29,000034,15.5,15.5,15.5,15.1,66280,55697656.0,2.71,4.94,0.73,7.83
1999-06-30,000034,16.18,16.26,16.26,14.74,32307,28181038.0,9.81,4.9,0.76,3.82
1999-07-01,000034,16.36,16.55,17.05,15.46,64378,58065172.0,9.78,1.78,0.29,7.6
1999-07-02,000034,16.51,17.34,17.34,16.47,42004,39097892.0,5.26,4.77,0.79,4.96
1999-07-05,000034,17.9,18.19,18.19,16.91,70814,67605576.0,7.38,4.9,0.85,8.36
1999-07-06,000034,18.05,17.29,18.1,17.29,58466,55683484.0,4.45,-4.95,-0.9,6.91
1999-07-07,000034,16.44,17.03,17.18,16.44,74864,67105348.0,4.28,-1.5,-0.26,8.84
1999-07-08,000034,16.91,17.81,17.87,16.36,30062,28608420.0,8.87,4.58,0.78,3.55
1999-07-09,000034,17.85,18.7,18.7,17.85,36676,37174836.0,4.77,5.0,0.89,4.33
1999-07-12,000034,19.62,19.62,19.62,19.26,12883,13772152.0,1.93,4.92,0.92,1.52
1999-07-14,000034,20.6,20.6,20.6,20.58,20631,23190122.0,0.1,4.99,0.98,2.44
1999-07-15,000034,21.61,21.61,21.61,21.61,33964,40077872.0,0.0,4.9,1.01,4.01
1999-07-16,000034,22.68,21.7,22.68,21.61,67654,82358664.0,4.95,0.42,0.09,7.99
1999-07-19,000034,21.76,20.65,22.3,20.65,40848,47017804.0,7.6,-4.84,-1.05,4.83
1999-07-20,000034,20.16,20.94,21.34,19.64,44555,48662456.0,8.23,1.4,0.29,5.26
1999-07-21,000034,20.53,21.27,21.57,19.89,34355,39129164.0,8.02,1.58,0.33,4.06
1999-07-22,000034,21.23,20.91,21.72,20.62,15131,17484258.0,5.17,-1.69,-0.36,1.79
1999-07-23,000034,20.71,20.05,21.23,19.98,19697,21937746.0,5.98,-4.11,-0.86,2.33
1999-07-26,000034,20.16,21.05,21.05,19.8,12985,14747672.0,6.23,4.99,1.0,1.53
1999-07-27,000034,22.08,21.94,22.08,21.45,31189,37478216.0,2.99,4.23,0.89,3.68
1999-07-28,000034,21.97,20.89,22.14,20.85,31281,36420648.0,5.88,-4.79,-1.05,3.69
1999-07-29,000034,21.07,20.53,21.07,20.22,14244,15976532.0,4.07,-1.72,-0.36,1.68
1999-07-30,000034,20.34,20.2,20.89,20.09,10164,11335528.0,3.9,-1.61,-0.33,1.2
1999-08-02,000034,20.16,19.2,20.16,19.2,22343,23630060.0,4.75,-4.95,-1.0,2.64
1999-08-03,000034,18.26,19.06,19.24,18.26,33050,33703964.0,5.1,-0.73,-0.14,3.9
1999-08-04,000034,19.08,20.0,20.0,18.92,22014,23877552.0,5.67,4.93,0.94,2.6
1999-08-05,000034,20.38,19.89,20.53,19.53,11691,12709396.0,5.0,-0.55,-0.11,1.38
1999-08-06,000034,19.82,19.84,20.25,19.26,7699,8275510.0,4.98,-0.25,-0.05,0.91
1999-08-09,000034,19.8,20.07,20.31,19.64,15251,16733285.0,3.38,1.16,0.23,1.8
1999-08-10,000034,20.16,20.36,21.01,19.77,19284,21543596.0,6.18,1.44,0.29,2.28
1999-08-11,000034,21.01,20.45,21.34,20.18,5818,6527336.5,5.7,0.44,0.09,0.69
1999-08-12,000034,20.71,19.44,20.71,19.4,11875,12748987.0,6.41,-4.94,-1.01,1.4
1999-08-13,000034,19.35,18.48,19.62,18.48,15276,15584455.0,5.86,-4.94,-0.96,1.8
1999-08-16,000034,18.23,18.35,18.86,17.63,7344,7279649.5,6.66,-0.7,-0.13,0.87
1999-08-17,000034,18.35,18.66,18.72,18.35,5768,5800411.5,2.02,1.69,0.31,0.68
1999-08-18,000034,18.72,18.57,18.99,18.35,4672,4763408.0,3.43,-0.48,-0.09,0.55
1999-08-19,000034,18.63,19.15,19.17,18.48,9012,9224567.0,3.72,3.12,0.58,1.06
1999-08-20,000034,19.44,20.09,20.09,18.9,10738,11473107.0,6.21,4.91,0.94,1.27
1999-08-23,000034,20.34,20.4,20.89,20.07,9409,10461168.0,4.08,1.54,0.31,1.11
1999-08-24,000034,20.53,20.25,20.71,20.25,4933,5480873.5,2.25,-0.74,-0.15,0.58
1999-08-25,000034,20.16,19.87,20.25,19.44,6665,7212697.5,4.0,-1.88,-0.38,0.79
1999-08-26,000034,19.62,19.84,20.25,19.62,3931,4245648.0,3.17,-0.15,-0.03,0.46
1999-08-27,000034,19.87,19.46,20.16,19.44,5698,6094590.5,3.63,-1.92,-0.38,0.67
1999-08-30,000034,19.49,19.49,19.78,19.44,2798,2991377.75,1.75,0.15,0.03,0.33
1999-08-31,000034,19.62,19.33,19.62,19.26,3980,4216232.0,1.85,-0.82,-0.16,0.47
1999-09-01,000034,19.26,19.06,19.44,18.92,2962,3098107.5,2.69,-1.4,-0.27,0.35
1999-09-02,000034,19.08,19.24,19.26,18.17,6686,6787323.5,5.72,0.94,0.18,0.79
1999-09-03,000034,19.26,19.35,19.44,18.35,8877,9209334.0,5.67,0.57,0.11,1.05
1999-09-06,000034,19.4,20.29,20.29,19.04,25553,28156500.0,6.46,4.86,0.94,3.02
1999-09-07,000034,20.8,21.28,21.28,20.49,35539,41181240.0,3.89,4.88,0.99,4.2
1999-09-08,000034,21.39,20.71,21.97,20.62,25632,29804014.0,6.34,-2.68,-0.57,3.03
1999-09-09,000034,20.71,21.74,21.74,20.56,40832,47359864.0,5.7,4.97,1.03,4.82
1999-09-10,000034,21.97,22.8,22.8,21.76,35821,43962764.0,4.78,4.88,1.06,4.23
1999-09-13,000034,22.88,23.91,23.91,22.73,25024,32500146.0,5.18,4.87,1.11,2.96
1999-09-14,000034,23.91,25.08,25.08,23.91,35036,47981096.0,4.89,4.89,1.17,4.14
1999-09-15,000034,25.46,25.19,25.74,24.7,30994,42937204.0,4.15,0.44,0.11,3.66
1999-09-16,000034,25.26,23.94,26.13,23.94,37191,50337280.0,8.69,-4.96,-1.25,4.39
1999-09-17,000034,22.77,22.77,22.77,22.77,16647,20708868.0,0.0,-4.89,-1.17,1.97
1999-09-20,000034,21.65,23.26,23.89,21.65,73075,91163120.0,9.84,2.15,0.49,8.63
1999-09-21,000034,22.88,24.41,24.41,22.7,64850,85220992.0,7.35,4.94,1.15,7.66
1999-09-22,000034,25.14,25.41,25.63,24.6,51674,71545992.0,4.22,4.1,1.0,6.1
1999-09-23,000034,25.77,25.17,25.77,24.87,23224,32161596.0,3.54,-0.94,-0.24,2.74
1999-09-24,000034,25.14,24.4,25.23,24.14,11985,16088896.0,4.33,-3.06,-0.77,1.42
1999-09-27,000034,23.82,24.7,25.57,23.82,8430,11550617.0,7.17,1.23,0.3,1.0
1999-09-28,000034,24.83,24.69,25.32,24.22,5683,7657618.5,4.45,-0.04,-0.01,0.67
1999-09-29,000034,24.69,24.05,24.83,23.96,11086,14702890.0,3.52,-2.59,-0.64,1.31
1999-09-30,000034,24.02,24.11,24.25,23.87,7233,9518616.0,1.58,0.25,0.06,0.85
1999-10-08,000034,23.96,24.18,24.85,23.96,3086,4098158.25,3.69,0.29,0.07,0.36
1999-10-11,000034,24.18,23.38,24.18,23.15,9392,12132522.0,4.26,-3.31,-0.8,1.11
1999-10-12,000034,23.35,23.4,23.93,23.17,4024,5174505.0,3.25,0.09,0.02,0.48
1999-10-13,000034,23.8,23.69,24.41,23.56,10227,13457837.0,3.63,1.24,0.29,1.21
1999-10-14,000034,23.78,23.24,23.96,23.18,5697,7323706.5,3.29,-1.9,-0.45,0.67
1999-10-15,000034,23.26,24.34,24.36,23.26,4805,6272968.5,4.73,4.73,1.1,0.57
1999-10-18,000034,23.6,23.38,24.47,23.33,4749,6169118.0,4.68,-3.94,-0.96,0.56
1999-10-19,000034,23.42,22.26,23.42,22.23,9584,11815075.0,5.09,-4.79,-1.12,1.13
1999-10-20,000034,22.3,22.48,22.86,21.86,3553,4313926.5,4.49,0.99,0.22,0.42
1999-10-21,000034,22.86,21.94,22.86,21.79,2530,3048515.0,4.76,-2.4,-0.54,0.3
1999-10-22,000034,21.94,22.24,22.88,21.94,4191,5138007.0,4.28,1.37,0.3,0.5
1999-10-25,000034,22.52,22.32,22.61,22.17,4091,4993499.5,1.98,0.36,0.08,0.48
1999-10-26,000034,22.32,22.35,22.7,22.1,4608,5642560.0,2.69,0.13,0.03,0.54
1999-10-27,000034,22.52,22.42,22.73,22.19,12506,15347212.0,2.42,0.31,0.07,1.48
1999-10-28,000034,22.48,23.51,23.53,22.12,19329,24147790.0,6.29,4.86,1.09,2.28
1999-10-29,000034,23.4,23.53,24.14,22.89,22020,28455306.0,5.32,0.09,0.02,2.6
1999-11-01,000034,23.06,22.37,23.87,22.37,11119,13906491.0,6.37,-4.93,-1.16,1.31
1999-11-02,000034,21.95,22.33,22.61,21.65,9473,11537763.0,4.29,-0.18,-0.04,1.12
1999-11-03,000034,22.42,21.5,22.42,21.34,6048,7227615.5,4.84,-3.72,-0.83,0.71
1999-11-04,000034,21.5,20.54,21.61,20.43,16343,18440244.0,5.49,-4.47,-0.96,1.93
1999-11-05,000034,20.53,20.78,20.98,20.18,7240,8154726.0,3.89,1.17,0.24,0.86
1999-11-08,000034,20.89,20.81,21.43,20.8,5501,6328269.0,3.03,0.14,0.03,0.65
1999-11-09,000034,20.81,20.27,20.89,20.2,5258,5845184.0,3.32,-2.59,-0.54,0.62
1999-11-10,000034,20.34,20.4,20.43,19.37,7990,8641885.0,5.23,0.64,0.13,0.94
1999-11-11,000034,20.8,20.72,20.98,20.24,5970,6717319.0,3.63,1.57,0.32,0.71
1999-11-12,000034,20.74,20.62,20.96,20.53,3440,3898366.25,2.08,-0.48,-0.1,0.41
1999-11-15,000034,20.36,19.91,20.71,19.8,7208,7936088.0,4.41,-3.44,-0.71,0.85
1999-11-16,000034,19.98,20.29,20.49,19.98,2448,2692220.25,2.56,1.91,0.38,0.29
1999-11-17,000034,20.34,20.62,20.89,19.98,4217,4671138.0,4.48,1.63,0.33,0.5
1999-11-18,000034,20.87,20.87,20.96,20.16,4674,5258251.5,3.88,1.21,0.25,0.55
1999-11-19,000034,20.89,21.36,21.76,20.89,9178,10740887.0,4.17,2.35,0.49,1.08
1999-11-22,000034,21.59,21.25,21.61,21.09,4520,5270671.5,2.43,-0.51,-0.11,0.53
1999-11-23,000034,21.19,21.34,21.48,20.91,2065,2398553.25,2.68,0.42,0.09,0.24
1999-11-24,000034,21.65,21.43,21.65,21.07,3106,3601899.0,2.72,0.42,0.09,0.37
1999-11-25,000034,21.61,21.3,21.61,21.1,2786,3233026.75,2.38,-0.61,-0.13,0.33
1999-11-26,000034,21.34,21.9,22.35,21.25,8262,9894147.0,5.16,2.82,0.6,0.98
1999-11-29,000034,21.9,21.25,22.06,21.21,3436,4034311.0,3.88,-2.97,-0.65,0.41
1999-11-30,000034,20.98,20.85,21.25,20.71,4270,4848670.5,2.54,-1.88,-0.4,0.5
1999-12-02,000034,20.98,20.74,21.57,20.71,2894,3310127.0,4.12,-0.53,-0.11,0.34
1999-12-03,000034,20.36,20.74,21.05,20.36,2167,2458609.0,3.33,0.0,0.0,0.26
1999-12-06,000034,21.03,20.74,21.03,20.45,7827,8811721.0,2.8,0.0,0.0,0.92
1999-12-07,000034,20.89,20.51,20.89,20.45,2171,2440415.75,2.12,-1.11,-0.23,0.26
1999-12-08,000034,20.47,20.05,20.49,19.98,3860,4242633.5,2.49,-2.24,-0.46,0.46
1999-12-09,000034,20.18,20.4,20.71,19.98,1743,1913943.5,3.64,1.75,0.35,0.21
1999-12-10,000034,20.89,20.16,20.89,20.0,2257,2502714.75,4.36,-1.18,-0.24,0.27
1999-12-13,000034,20.18,19.17,20.2,19.17,6717,7141311.5,5.11,-4.91,-0.99,0.79
1999-12-14,000034,19.17,18.73,19.42,18.52,8298,8475500.0,4.69,-2.3,-0.44,0.98
1999-12-15,000034,18.68,18.82,19.22,18.54,5657,5805454.5,3.63,0.48,0.09,0.67
1999-12-16,000034,18.9,18.52,19.15,18.5,5900,5999137.0,3.45,-1.59,-0.3,0.7
1999-12-17,000034,18.54,17.99,18.68,17.99,4048,4034820.0,3.73,-2.86,-0.53,0.48
1999-12-21,000034,17.97,18.25,18.54,17.72,4261,4210533.0,4.56,1.45,0.26,0.5
1999-12-22,000034,17.99,17.45,18.25,17.34,4603,4408601.5,4.99,-4.38,-0.8,0.54
1999-12-23,000034,17.54,16.65,17.59,16.6,11103,10057084.0,5.67,-4.58,-0.8,1.31
1999-12-24,000034,16.36,15.86,16.56,15.84,10716,9316352.0,4.32,-4.74,-0.79,1.27
1999-12-27,000034,15.86,16.64,16.64,15.82,2226,1979450.75,5.17,4.92,0.78,0.26
1999-12-28,000034,17.11,17.45,17.45,17.05,1724,1636944.0,2.4,4.87,0.81,0.2
1999-12-29,000034,18.28,17.14,18.3,16.73,13596,12986678.0,9.0,-1.78,-0.31,1.61
1999-12-30,000034,17.2,17.52,17.96,16.55,6166,5921653.0,8.23,2.22,0.38,0.73
2000-01-04,000034,17.61,18.39,18.39,17.61,8070,7925402.5,4.45,4.97,0.87,0.95
2000-01-05,000034,18.54,19.3,19.3,18.35,6322,6617174.5,5.17,4.95,0.91,0.75
2000-01-06,000034,19.55,20.25,20.25,19.39,23483,25547692.0,4.46,4.92,0.95,2.77
2000-01-07,000034,20.67,20.76,21.25,20.53,24373,27925610.0,3.56,2.52,0.51,2.88
2000-01-10,000034,20.89,21.76,21.76,19.89,40517,46350364.0,9.01,4.82,1.0,4.79
2000-01-11,000034,22.82,22.3,22.82,21.79,68964,85347200.0,4.73,2.48,0.54,8.15
2000-01-12,000034,21.97,21.19,22.3,21.19,31859,37425956.0,4.98,-4.98,-1.11,3.76
2000-01-13,000034,20.43,20.42,20.85,20.2,13251,14822999.0,3.07,-3.63,-0.77,1.57
2000-01-14,000034,20.16,20.02,20.53,19.62,7480,8202262.5,4.46,-1.96,-0.4,0.88
2000-01-17,000034,20.16,19.91,20.33,19.04,11545,12248975.0,6.44,-0.55,-0.11,1.36
2000-01-18,000034,19.8,20.04,20.16,19.3,4843,5213863.0,4.32,0.65,0.13,0.57
2000-01-19,000034,20.22,19.77,20.22,19.37,6544,6975433.0,4.24,-1.35,-0.27,0.77
2000-01-20,000034,19.62,20.74,20.74,19.35,8232,9136684.0,7.03,4.91,0.97,0.97
2000-01-21,000034,21.3,20.98,21.77,20.91,30130,35332588.0,4.15,1.16,0.24,3.56
2000-01-24,000034,20.76,20.38,21.43,19.95,13197,14754620.0,7.05,-2.86,-0.6,1.56
2000-01-25,000034,20.22,19.93,20.53,19.62,12382,13449621.0,4.47,-2.21,-0.45,1.46
2000-01-26,000034,20.53,20.0,20.85,19.82,7669,8400218.0,5.17,0.35,0.07,0.91
2000-01-27,000034,20.16,19.66,20.29,19.37,13710,14750114.0,4.6,-1.7,-0.34,1.62
2000-01-28,000034,19.53,20.63,20.63,19.28,16983,18437380.0,6.87,4.93,0.97,2.01
2000-02-14,000034,21.65,21.65,21.65,21.65,8674,10253365.0,0.0,4.94,1.02,1.02
2000-02-15,000034,22.71,22.71,22.71,22.71,9879,12260708.0,0.0,4.9,1.06,1.17
2000-02-16,000034,23.78,23.84,23.84,21.79,73820,95708744.0,9.03,4.98,1.13,8.72
2000-02-17,000034,25.01,23.85,25.01,23.8,74286,100583920.0,5.08,0.04,0.01,8.77
2000-02-18,000034,23.78,24.7,25.03,22.68,28152,36601136.0,9.85,3.56,0.85,3.33
2000-02-21,000034,25.93,25.93,25.93,24.16,67842,95207992.0,7.17,4.98,1.23,8.01
2000-02-22,000034,27.22,27.22,27.22,26.31,54528,80867856.0,3.51,4.97,1.29,6.44
2000-02-23,000034,27.22,25.88,27.36,25.88,29202,41702652.0,5.44,-4.92,-1.34,3.45
2000-02-24,000034,24.6,24.6,25.01,24.6,12133,16354969.0,1.58,-4.95,-1.28,1.43
2000-02-25,000034,23.47,23.4,25.28,23.4,38457,50757688.0,7.64,-4.88,-1.2,4.54
2000-02-28,000034,23.42,24.56,24.56,23.4,20689,27488706.0,4.96,4.96,1.16,2.44
2000-02-29,000034,25.7,25.77,25.77,25.23,49673,69759508.0,2.2,4.93,1.21,5.87
2000-03-01,000034,26.95,25.81,26.95,25.05,25135,35638248.0,7.37,0.16,0.04,2.97
2000-03-02,000034,25.95,26.78,27.04,25.52,25590,36813576.0,5.89,3.76,0.97,3.02
2000-03-03,000034,26.78,28.1,28.1,26.78,32521,49546540.0,4.93,4.93,1.32,3.84
2000-03-06,000034,28.48,26.71,29.5,26.71,41296,63833692.0,9.93,-4.95,-1.39,4.88
2000-03-07,000034,25.59,26.31,26.66,25.39,23595,33311604.0,4.75,-1.5,-0.4,2.79
2000-03-08,000034,26.64,27.58,27.62,25.55,13712,19910852.0,7.87,4.83,1.27,1.62
2000-03-09,000034,27.4,27.65,28.38,26.87,19958,30141718.0,5.47,0.25,0.07,2.36
2000-03-10,000034,27.69,26.86,27.72,26.31,21320,31403832.0,5.1,-2.86,-0.79,2.52
2000-03-13,000034,26.84,28.2,28.2,26.13,32612,49705184.0,7.71,4.99,1.34,3.85
2000-03-14,000034,26.8,26.98,28.12,26.8,48444,72090544.0,4.68,-4.33,-1.22,5.72
2000-03-15,000034,27.4,27.67,28.27,27.22,31050,47436812.0,3.89,2.56,0.69,3.67
2000-03-16,000034,27.49,26.3,27.49,26.3,40134,58169668.0,4.3,-4.95,-1.37,4.74
2000-03-17,000034,25.92,27.29,27.47,25.92,38429,56004164.0,5.89,3.76,0.99,4.54
2000-03-20,000034,26.86,28.65,28.65,26.51,73530,114137968.0,7.84,4.98,1.36,8.69
2000-03-21,000034,29.21,30.06,30.06,29.21,38288,62882840.0,2.97,4.92,1.41,4.52
2000-03-22,000034,31.49,30.75,31.54,29.75,49874,84719424.0,5.95,2.3,0.69,5.89
2000-03-23,000034,31.38,30.55,31.38,30.11,21613,36566128.0,4.13,-0.65,-0.2,2.55
2000-03-24,000034,31.02,30.4,31.2,30.11,18167,30387796.0,3.57,-0.49,-0.15,2.15
2000-03-27,000034,30.4,31.02,31.9,30.4,24876,42852136.0,4.93,2.04,0.62,2.94
2000-03-28,000034,31.2,30.26,31.56,30.11,16766,27987796.0,4.67,-2.45,-0.76,1.98
2000-03-29,000034,30.47,30.44,30.98,29.21,24079,39281568.0,5.85,0.59,0.18,2.84
2000-03-30,000034,31.02,31.54,31.94,30.4,22377,38648716.0,5.06,3.61,1.1,2.64
2000-03-31,000034,32.1,32.81,33.1,31.54,24222,43192420.0,4.95,4.03,1.27,2.86
2000-04-03,000034,33.01,31.78,33.35,31.74,14740,26104326.0,4.91,-3.14,-1.03,1.74
2000-04-04,000034,31.92,30.71,32.28,30.46,16482,28206770.0,5.73,-3.37,-1.07,1.95
2000-04-05,000034,30.29,30.75,31.16,30.29,8549,14415992.0,2.83,0.13,0.04,1.01
2000-04-06,000034,30.66,31.63,31.92,30.38,10320,17602214.0,5.01,2.86,0.88,1.22
2000-04-07,000034,31.81,30.85,31.9,30.66,8525,14545986.0,3.92,-2.47,-0.78,1.01
2000-04-10,000034,31.2,30.44,31.29,30.11,9607,16069717.0,3.82,-1.33,-0.41,1.13
2000-04-11,000034,30.42,30.46,30.93,30.26,6575,11016772.0,2.2,0.07,0.02,0.78
2000-04-12,000034,30.75,30.47,31.38,30.31,8638,14557274.0,3.51,0.03,0.01,1.02
2000-04-13,000034,30.98,30.06,31.02,29.9,12790,21201346.0,3.68,-1.35,-0.41,1.51
2000-04-14,000034,30.04,30.38,31.02,29.75,10789,17911442.0,4.22,1.06,0.32,1.27
2000-04-17,000034,29.93,29.39,30.75,28.88,19053,30534620.0,6.16,-3.26,-0.99,2.25
2000-04-18,000034,29.41,28.41,29.41,27.94,14132,22011940.0,5.0,-3.33,-0.98,1.67
2000-04-19,000034,28.3,29.46,29.82,27.94,14123,22730096.0,6.62,3.7,1.05,1.67
2000-04-20,000034,29.71,29.41,30.91,28.09,14895,23434090.0,9.57,-0.17,-0.05,1.76
2000-04-21,000034,29.57,29.17,29.71,28.39,2747,4345416.0,4.49,-0.82,-0.24,0.32
2000-04-24,000034,28.81,27.92,28.81,27.85,7445,11454181.0,3.29,-4.29,-1.25,0.88
2000-04-25,000034,27.85,27.07,27.91,26.59,14532,21420134.0,4.73,-3.04,-0.85,1.72
2000-04-26,000034,27.09,27.18,27.85,26.82,8965,13395168.0,3.8,0.41,0.11,1.06
2000-04-27,000034,27.18,26.69,27.4,26.46,8067,11900085.0,3.46,-1.8,-0.49,0.95
2000-04-28,000034,26.68,26.17,27.04,25.86,8880,12779664.0,4.42,-1.95,-0.52,1.05
2000-05-08,000034,26.13,24.87,26.13,24.87,11084,15207479.0,4.81,-4.97,-1.3,1.31
2000-05-09,000034,24.69,25.21,25.45,24.11,6983,9431284.0,5.39,1.37,0.34,0.82
2000-05-10,000034,25.23,24.7,25.43,24.45,3335,4512536.5,3.89,-2.02,-0.51,0.39
2000-05-11,000034,25.03,23.47,25.03,23.47,9616,12636987.0,6.32,-4.98,-1.23,1.14
2000-05-12,000034,23.46,23.24,23.96,23.13,5795,7441859.0,3.54,-0.98,-0.23,0.68
2000-05-15,000034,23.6,23.96,24.03,23.15,2986,3826827.25,3.79,3.1,0.72,0.35
2000-05-16,000034,24.05,24.96,25.05,24.05,4202,5696064.0,4.17,4.17,1.0,0.5
2000-05-17,000034,25.05,25.59,26.19,24.29,8292,11616424.0,7.61,2.52,0.63,0.98
2000-05-18,000034,25.68,25.77,26.13,25.59,5623,7954663.0,2.11,0.7,0.18,0.66
2000-05-19,000034,25.77,25.41,25.95,25.14,5736,7973167.0,3.14,-1.4,-0.36,0.68
2000-05-22,000034,25.41,26.15,26.3,25.41,5069,7184086.0,3.5,2.91,0.74,0.6
2000-05-24,000034,27.36,25.9,27.36,24.99,5770,8305550.0,9.06,-0.96,-0.25,0.68
2000-05-25,000034,26.13,25.59,26.13,24.96,10075,14047183.0,4.52,-1.2,-0.31,1.19
2000-05-26,000034,25.59,24.96,25.59,24.76,10712,14641228.0,3.24,-2.46,-0.63,1.27
2000-05-29,000034,24.96,26.19,26.19,24.96,4049,5711136.5,4.93,4.93,1.23,0.48
2000-05-30,000034,27.4,27.49,27.49,27.4,2777,4178158.5,0.34,4.96,1.3,0.33
2000-05-31,000034,28.85,28.52,28.85,28.03,45382,71411600.0,2.98,3.75,1.03,5.36
2000-06-01,000034,28.56,29.93,29.93,28.09,18575,30182554.0,6.45,4.94,1.41,2.19
2000-06-02,000034,31.02,29.19,31.2,28.67,26221,42686560.0,8.45,-2.47,-0.74,3.1
2000-06-05,000034,29.19,29.48,30.44,28.85,10485,17005456.0,5.45,0.99,0.29,1.24
2000-06-06,000034,29.57,29.15,30.38,29.05,7513,12173838.0,4.51,-1.12,-0.33,0.89
2000-06-07,000034,28.86,29.01,29.53,28.58,6317,10041657.0,3.26,-0.48,-0.14,0.75
2000-06-08,000034,29.05,29.21,29.66,28.77,5285,8438709.0,3.07,0.69,0.2,0.62
2000-06-09,000034,29.23,28.67,29.39,28.3,5982,9446555.0,3.73,-1.85,-0.54,0.71
2000-06-12,000034,28.85,27.4,28.85,27.33,9686,14718493.0,5.3,-4.43,-1.27,1.14
2000-06-13,000034,27.4,28.76,28.76,27.4,10902,17134660.0,4.96,4.96,1.36,1.29
2000-06-14,000034,28.85,29.1,30.17,28.21,13476,21555836.0,6.82,1.18,0.34,1.59
2000-06-15,000034,29.12,28.56,29.19,28.47,4752,7462357.5,2.47,-1.86,-0.54,0.56
2000-06-16,000034,28.54,28.39,28.85,27.87,5659,8782075.0,3.43,-0.6,-0.17,0.67
2000-06-19,000034,27.76,27.44,28.3,27.04,7976,12043444.0,4.44,-3.35,-0.95,0.94
2000-06-20,000034,26.04,26.46,27.22,26.04,14248,20511300.0,4.3,-3.57,-0.98,1.68
2000-06-21,000034,26.53,26.17,26.64,25.77,8137,11606851.0,3.29,-1.1,-0.29,0.96
2000-06-22,000034,26.17,25.88,26.6,25.59,9378,13294437.0,3.86,-1.11,-0.29,1.11
2000-06-23,000034,25.63,25.95,26.1,25.59,11391,16086624.0,1.97,0.27,0.07,1.35
2000-06-26,000034,26.1,27.24,27.24,25.97,9444,14045712.0,4.89,4.97,1.29,1.12
2000-06-27,000034,28.1,27.07,28.52,27.0,14491,22084730.0,5.58,-0.62,-0.17,1.71
2000-06-28,000034,27.22,26.95,27.36,26.31,8521,12481112.0,3.88,-0.44,-0.12,1.01
2000-06-29,000034,27.22,27.0,27.56,26.69,4920,7284008.5,3.23,0.19,0.05,0.58
2000-06-30,000034,27.04,25.95,27.4,25.92,10183,14648218.0,5.48,-3.89,-1.05,1.2
2000-07-03,000034,25.95,25.74,26.59,25.23,8645,12081610.0,5.24,-0.81,-0.21,1.02
2000-07-04,000034,25.43,25.79,25.95,25.41,4826,6776736.5,2.1,0.19,0.05,0.57
2000-07-05,000034,25.86,25.92,25.99,25.23,4761,6660484.0,2.95,0.5,0.13,0.56
2000-07-06,000034,25.81,26.6,27.2,25.79,6582,9571000.0,5.44,2.62,0.68,0.78
2000-07-07,000034,26.31,26.4,27.13,26.13,5135,7470165.0,3.76,-0.75,-0.2,0.61
2000-07-10,000034,26.31,25.7,26.62,25.68,6866,9798369.0,3.56,-2.65,-0.7,0.81
2000-07-11,000034,25.77,25.5,26.13,25.41,7066,9898999.0,2.8,-0.78,-0.2,0.83
2000-07-12,000034,26.04,25.68,26.49,25.37,16811,23555462.0,4.39,0.71,0.18,1.99
2000-07-13,000034,25.7,26.15,26.42,25.34,6223,8723435.0,4.21,1.83,0.47,0.74
2000-07-14,000034,26.21,26.42,26.86,25.74,6586,9479802.0,4.28,1.03,0.27,0.78
2000-07-17,000034,26.66,26.48,26.8,26.3,5588,8121620.5,1.89,0.23,0.06,0.66
2000-07-18,000034,26.68,27.78,27.78,26.4,16832,25204758.0,5.21,4.91,1.3,1.99
2000-07-19,000034,27.8,27.98,28.3,27.56,9813,15055907.0,2.66,0.72,0.2,1.16
2000-07-20,000034,28.03,27.62,28.3,27.36,8708,13193283.0,3.36,-1.29,-0.36,1.03
2000-07-21,000034,27.4,27.94,28.99,27.4,24271,37846564.0,5.76,1.16,0.32,2.87
2000-07-24,000034,28.12,28.85,29.21,28.12,21595,34261304.0,3.9,3.26,0.91,2.55
2000-07-25,000034,29.01,28.74,29.12,28.41,13627,21428200.0,2.46,-0.38,-0.11,1.61
2000-07-26,000034,28.83,28.34,29.14,28.03,9060,14169313.0,3.86,-1.39,-0.4,1.07
2000-07-27,000034,28.48,28.03,28.5,27.76,6724,10343600.0,2.61,-1.09,-0.31,0.79
2000-07-28,000034,27.58,28.54,28.94,27.58,9186,14321695.0,4.85,1.82,0.51,1.09
2000-07-31,000034,28.48,29.95,29.95,28.48,22107,35422652.0,5.15,4.94,1.41,2.61
2000-08-01,000034,29.23,30.11,31.23,28.85,71645,118414024.0,7.95,0.53,0.16,8.46
2000-08-02,000034,29.9,30.44,30.71,29.55,23090,38101132.0,3.85,1.1,0.33,2.73
2000-08-03,000034,30.47,30.75,31.2,30.47,18017,30530040.0,2.4,1.02,0.31,2.13
2000-08-04,000034,30.8,30.6,30.84,29.66,16948,28117646.0,3.84,-0.49,-0.15,2.0
2000-08-07,000034,30.55,30.67,30.84,29.84,12968,21538476.0,3.27,0.23,0.07,1.53
2000-08-08,000034,30.67,31.74,32.12,30.67,26866,46634116.0,4.73,3.49,1.07,3.17
2000-08-09,000034,32.1,31.74,32.19,31.65,16699,29231538.0,1.7,0.0,0.0,1.97
2000-08-10,000034,31.83,30.67,31.96,30.66,15249,26060164.0,4.1,-3.37,-1.07,1.8
2000-08-11,000034,30.53,30.98,31.29,30.09,16616,28073406.0,3.91,1.01,0.31,1.96
2000-08-14,000034,31.02,31.38,31.56,30.47,14965,25555836.0,3.52,1.29,0.4,1.77
2000-08-15,000034,31.2,31.43,32.3,31.2,19250,33667528.0,3.51,0.16,0.05,2.27
2000-08-16,000034,31.43,31.94,32.45,31.38,33144,58166120.0,3.4,1.62,0.51,3.92
2000-08-17,000034,31.72,30.35,32.03,30.35,32911,55465716.0,5.26,-4.98,-1.59,3.89
2000-08-18,000034,29.84,29.95,30.44,29.23,21725,35545112.0,3.99,-1.32,-0.4,2.57
2000-08-21,000034,29.93,30.4,31.31,29.75,14416,24224136.0,5.21,1.5,0.45,1.7
2000-08-22,000034,30.47,29.44,30.66,29.39,17369,28519464.0,4.18,-3.16,-0.96,2.05
2000-08-23,000034,29.39,28.97,29.57,28.0,29410,46087608.0,5.33,-1.6,-0.47,3.47
2000-08-24,000034,28.45,30.28,30.29,28.45,16589,26660266.0,6.35,4.52,1.31,1.96
2000-08-25,000034,30.11,29.75,30.4,29.35,10721,17514242.0,3.47,-1.75,-0.53,1.27
2000-08-28,000034,29.9,30.53,30.66,28.81,20769,33286512.0,6.22,2.62,0.78,2.45
2000-08-29,000034,30.29,29.59,30.56,29.57,20015,32825330.0,3.24,-3.08,-0.94,2.36
2000-08-30,000034,29.57,28.81,29.66,28.7,21257,33743024.0,3.24,-2.64,-0.78,2.51
2000-08-31,000034,28.45,27.98,29.1,27.94,15890,24636958.0,4.03,-2.88,-0.83,1.88
2000-09-01,000034,27.94,28.3,29.03,27.8,15803,24566852.0,4.4,1.14,0.32,1.87
2000-09-04,000034,28.48,27.92,28.99,27.4,10366,15951050.0,5.62,-1.34,-0.38,1.22
2000-09-05,000034,28.45,27.38,28.45,27.22,9386,14199884.0,4.41,-1.93,-0.54,1.11
2000-09-06,000034,27.4,26.78,27.83,26.4,10399,15361071.0,5.22,-2.19,-0.6,1.23
2000-09-07,000034,26.82,27.15,27.72,26.82,5524,8249362.0,3.36,1.38,0.37,0.65
2000-09-08,000034,27.4,28.48,28.48,27.18,16117,24803302.0,4.79,4.9,1.33,1.9
2000-09-11,000034,29.21,28.85,29.46,28.48,11230,17811964.0,3.44,1.3,0.37,1.33
2000-09-12,000034,28.86,28.25,29.12,28.03,5700,8864021.0,3.78,-2.08,-0.6,0.67
2000-09-13,000034,28.3,28.34,28.85,28.09,6379,9931663.0,2.69,0.32,0.09,0.75
2000-09-14,000034,28.3,28.21,28.67,28.03,5108,7925608.0,2.26,-0.46,-0.13,0.6
2000-09-15,000034,28.39,27.98,28.39,27.42,7250,11025828.0,3.44,-0.82,-0.23,0.86
2000-09-18,000034,28.03,27.24,28.45,27.15,4506,6783675.5,4.65,-2.64,-0.74,0.53
2000-09-19,000034,27.24,26.6,27.31,26.46,6065,8858305.0,3.12,-2.35,-0.64,0.72
2000-09-21,000034,27.18,26.64,27.18,26.49,3863,5654753.0,2.59,0.15,0.04,0.46
2000-09-22,000034,26.86,26.75,27.04,26.53,2802,4106290.75,1.91,0.41,0.11,0.33
2000-09-25,000034,26.68,26.35,27.11,25.74,4739,6822174.5,5.12,-1.5,-0.4,0.56
2000-09-26,000034,26.31,26.51,26.89,26.15,2245,3244791.25,2.81,0.61,0.16,0.27
2000-09-27,000034,26.19,26.42,26.82,25.95,4730,6775950.5,3.28,-0.34,-0.09,0.56
2000-09-28,000034,26.49,27.06,27.36,26.1,4732,6931718.0,4.77,2.42,0.64,0.56
2000-09-29,000034,27.27,27.15,27.56,26.49,5892,8731992.0,3.95,0.33,0.09,0.7
2000-10-09,000034,27.13,27.11,27.25,26.46,2366,3480563.0,2.91,-0.15,-0.04,0.28
2000-10-10,000034,27.85,27.34,27.85,27.07,4050,6064925.0,2.88,0.85,0.23,0.48
2000-10-11,000034,28.03,27.74,28.03,26.97,9531,14311068.0,3.88,1.46,0.4,1.13
2000-10-12,000034,27.4,27.87,28.18,27.31,9243,13978536.0,3.14,0.47,0.13,1.09
2000-10-13,000034,27.69,27.67,27.91,27.4,8927,13455089.0,1.83,-0.72,-0.2,1.05
2000-10-16,000034,28.09,26.95,28.09,26.68,10667,15841631.0,5.1,-2.6,-0.72,1.26
2000-10-17,000034,27.04,28.29,28.29,27.04,9082,13955958.0,4.64,4.97,1.34,1.07
2000-10-18,000034,29.57,29.46,29.62,28.72,43182,69210624.0,3.18,4.14,1.17,5.1
2000-10-19,000034,29.71,28.58,29.75,28.52,16312,25810218.0,4.18,-2.99,-0.88,1.93
2000-10-20,000034,28.63,28.81,29.48,28.63,15989,25442864.0,2.97,0.8,0.23,1.89
2000-10-23,000034,29.39,29.05,29.52,28.97,19097,30548992.0,1.91,0.83,0.24,2.26
2000-10-24,000034,30.11,29.68,30.15,29.12,20812,33704264.0,3.55,2.17,0.63,2.46
2000-10-25,000034,29.52,29.03,30.28,28.99,14348,23045506.0,4.35,-2.19,-0.65,1.69
2000-10-26,000034,29.03,28.45,29.03,28.3,8630,13506102.0,2.51,-2.0,-0.58,1.02
2000-10-27,000034,28.45,28.58,28.94,28.34,5950,9302783.0,2.11,0.46,0.13,0.7
2000-10-30,000034,28.68,28.56,29.03,28.21,6018,9372905.0,2.87,-0.07,-0.02,0.71
2000-10-31,000034,28.58,28.61,28.76,28.21,4904,7635243.5,1.93,0.18,0.05,0.58
2000-11-01,000034,28.61,28.76,29.03,28.21,4923,7725570.0,2.87,0.52,0.15,0.58
2000-11-02,000034,28.76,28.25,28.85,28.23,4587,7144030.0,2.16,-1.77,-0.51,0.54
2000-11-03,000034,28.48,28.76,29.03,27.85,9023,13853647.0,4.18,1.81,0.51,1.07
2000-11-06,000034,28.99,29.41,30.19,28.88,37114,60788904.0,4.55,2.26,0.65,4.38
2000-11-07,000034,29.48,29.23,29.57,28.86,13573,21645868.0,2.41,-0.61,-0.18,1.6
2000-11-08,000034,29.75,29.24,29.75,28.9,6488,10359902.0,2.91,0.03,0.01,0.77
2000-11-09,000034,29.3,29.5,29.66,28.94,14787,23587886.0,2.46,0.89,0.26,1.75
2000-11-10,000034,29.66,29.17,29.84,29.01,10292,16534645.0,2.81,-1.12,-0.33,1.22
2000-11-13,000034,29.15,28.85,29.55,28.48,11631,18321148.0,3.67,-1.1,-0.32,1.37
2000-11-14,000034,28.85,28.41,29.21,28.3,11429,17834524.0,3.15,-1.53,-0.44,1.35
2000-11-15,000034,28.48,28.59,29.19,28.34,10797,16966990.0,2.99,0.63,0.18,1.28
2000-11-16,000034,28.56,28.65,28.85,27.94,12345,19088270.0,3.18,0.21,0.06,1.46
2000-11-17,000034,28.58,28.43,29.1,28.09,6928,10839846.0,3.53,-0.77,-0.22,0.82
2000-11-20,000034,28.5,29.37,29.52,28.45,16128,25748804.0,3.76,3.31,0.94,1.91
2000-11-21,000034,29.71,29.75,30.26,29.48,25206,41249220.0,2.66,1.29,0.38,2.98
2000-11-22,000034,29.9,30.84,30.87,29.9,22719,38051316.0,3.26,3.66,1.09,2.68
2000-11-23,000034,31.02,30.71,31.25,30.46,15018,25326916.0,2.56,-0.42,-0.13,1.77
2000-11-27,000034,29.79,29.61,30.2,29.24,14654,23811658.0,3.13,-3.58,-1.1,1.73
2000-11-28,000034,29.75,30.46,31.0,29.75,13335,22223852.0,4.22,2.87,0.85,1.58
2000-11-29,000034,30.98,30.75,31.02,30.42,19777,33322072.0,1.97,0.95,0.29,2.34
2000-11-30,000034,30.84,30.11,31.2,30.02,14627,24365230.0,3.84,-2.08,-0.64,1.73
2000-12-01,000034,30.13,30.13,30.53,29.93,8191,13556151.0,1.99,0.07,0.02,0.97
2000-12-04,000034,30.11,30.29,30.58,30.11,7698,12801923.0,1.56,0.53,0.16,0.91
2000-12-05,000034,30.29,29.77,30.47,29.61,7883,12916352.0,2.84,-1.72,-0.52,0.93
2000-12-06,000034,29.75,30.08,30.11,29.39,7780,12617890.0,2.42,1.04,0.31,0.92
2000-12-07,000034,30.11,29.7,30.15,29.66,3514,5743661.0,1.63,-1.26,-0.38,0.42
2000-12-08,000034,29.66,29.64,29.75,29.39,5009,8102948.5,1.21,-0.2,-0.06,0.59
2000-12-11,000034,29.57,29.55,29.57,28.85,5790,9267674.0,2.43,-0.3,-0.09,0.68
2000-12-12,000034,29.59,29.59,29.7,28.95,7929,12713730.0,2.54,0.14,0.04,0.94
2000-12-13,000034,29.59,29.64,29.93,29.39,4995,8092820.0,1.82,0.17,0.05,0.59
2000-12-14,000034,29.82,29.43,29.95,29.26,3648,5897403.5,2.33,-0.71,-0.21,0.43
2000-12-18,000034,29.84,28.83,29.84,28.81,5169,8203091.5,3.5,-2.04,-0.6,0.61
2000-12-19,000034,28.76,28.83,29.19,28.72,3585,5664639.5,1.63,0.0,0.0,0.42
2000-12-20,000034,28.88,28.88,29.57,28.76,6870,10939204.0,2.81,0.17,0.05,0.81
2000-12-21,000034,28.92,29.1,29.53,28.88,8779,14091585.0,2.25,0.76,0.22,1.04
2000-12-22,000034,29.21,28.5,29.52,28.36,9358,14828794.0,3.99,-2.06,-0.6,1.11
2000-12-25,000034,28.12,28.03,29.03,27.82,9118,14071120.0,4.25,-1.65,-0.47,1.08
2000-12-26,000034,28.05,29.41,29.43,27.98,6570,10413383.0,5.17,4.92,1.38,0.78
2000-12-27,000034,29.44,29.24,29.71,28.95,6685,10724806.0,2.58,-0.58,-0.17,0.79
2000-12-28,000034,29.21,28.94,29.55,28.85,4568,7299343.5,2.39,-1.03,-0.3,0.54
2000-12-29,000034,28.94,29.21,29.26,28.85,5295,8446422.0,1.42,0.93,0.27,0.63
2001-01-02,000034,29.39,29.05,29.53,28.76,6413,10212662.0,2.64,-0.55,-0.16,0.76
2001-01-03,000034,29.21,29.08,29.39,28.85,10776,17172750.0,1.86,0.1,0.03,1.27
2001-01-04,000034,29.14,29.79,30.53,29.14,19101,31560026.0,4.78,2.44,0.71,2.26
2001-01-05,000034,29.91,30.55,30.56,29.53,14730,24496686.0,3.46,2.55,0.76,1.74
2001-01-08,000034,30.66,30.84,31.38,30.47,18517,31313602.0,2.98,0.95,0.29,2.19
2001-01-09,000034,30.89,30.56,31.02,30.24,9519,15959337.0,2.53,-0.91,-0.28,1.12
2001-01-10,000034,30.56,32.08,32.08,30.56,31164,54050876.0,4.97,4.97,1.52,3.68
2001-01-11,000034,33.28,33.68,33.68,32.46,40472,73808816.0,3.8,4.99,1.6,4.78
2001-01-12,000034,34.18,33.95,35.16,33.26,60052,113332792.0,5.64,0.8,0.27,7.09
2001-01-15,000034,34.0,33.48,34.27,33.01,30189,55597600.0,3.71,-1.38,-0.47,3.57
2001-01-16,000034,33.55,33.69,34.18,31.83,33411,60767232.0,7.02,0.63,0.21,3.95
2001-01-18,000034,36.44,32.72,36.44,31.92,99506,186406672.0,13.42,-2.88,-0.97,11.75
2001-01-19,000034,32.46,31.2,32.46,31.02,37267,64306512.0,4.4,-4.65,-1.52,4.4
2001-02-05,000034,31.02,30.2,31.02,29.75,15862,26282798.0,4.07,-3.21,-1.0,1.87
2001-02-06,000034,30.11,30.8,30.94,29.84,13188,22025622.0,3.64,1.99,0.6,1.56
2001-02-07,000034,30.82,30.49,31.02,30.47,7976,13420088.0,1.79,-1.01,-0.31,0.94
2001-02-08,000034,30.33,28.74,30.6,28.67,9931,16129956.0,6.33,-5.74,-1.75,1.17
2001-02-09,000034,28.67,29.12,30.08,28.67,10180,16288206.0,4.91,1.32,0.38,1.2
2001-02-12,000034,29.23,28.88,29.3,28.45,9788,15410754.0,2.92,-0.82,-0.24,1.16
2001-02-13,000034,29.3,30.58,30.93,29.3,33682,56127732.0,5.64,5.89,1.7,3.98
2001-02-14,000034,30.58,30.24,30.58,29.84,8647,14292782.0,2.42,-1.11,-0.34,1.02
2001-02-15,000034,29.75,29.53,30.11,29.39,7989,13022831.0,2.38,-2.35,-0.71,0.94
2001-02-16,000034,29.43,29.84,29.97,28.86,7199,11540292.0,3.76,1.05,0.31,0.85
2001-02-19,000034,29.84,29.99,30.09,29.24,5479,8937466.0,2.85,0.5,0.15,0.65
2001-02-21,000034,29.21,28.85,29.48,28.27,7561,11959318.0,4.03,-3.8,-1.14,0.89
2001-02-22,000034,28.85,28.92,29.3,28.45,4756,7555587.0,2.95,0.24,0.07,0.56
2001-02-23,000034,28.92,29.75,29.82,28.85,5413,8642515.0,3.35,2.87,0.83,0.64
2001-02-26,000034,29.93,30.37,30.66,29.93,12136,20228864.0,2.45,2.08,0.62,1.43
2001-02-27,000034,30.66,31.36,31.65,30.62,32002,54777444.0,3.39,3.26,0.99,3.78
2001-02-28,000034,31.54,31.14,31.7,30.84,11121,18960268.0,2.74,-0.7,-0.22,1.31
2001-03-01,000034,31.16,31.31,31.31,30.94,8593,14647611.0,1.19,0.55,0.17,1.02
2001-03-02,000034,31.47,31.32,31.7,31.2,9898,17035852.0,1.6,0.03,0.01,1.17
2001-03-05,000034,31.65,31.22,32.23,31.2,18564,32308230.0,3.29,-0.32,-0.1,2.19
2001-03-06,000034,31.22,31.38,31.56,30.98,10900,18695148.0,1.86,0.51,0.16,1.29
2001-03-07,000034,31.47,31.81,32.03,31.47,12061,21042948.0,1.78,1.37,0.43,1.42
2001-03-08,000034,31.92,31.61,31.92,31.38,7627,13230186.0,1.7,-0.63,-0.2,0.9
2001-03-09,000034,31.83,32.43,32.83,31.2,28738,50778420.0,5.16,2.59,0.82,3.39
2001-03-12,000034,32.61,33.35,33.55,32.61,29958,54625036.0,2.9,2.84,0.92,3.54
2001-03-13,000034,33.73,32.81,33.73,32.65,30237,54906076.0,3.24,-1.62,-0.54,3.57
2001-03-14,000034,32.65,33.01,33.3,32.3,14086,25351096.0,3.05,0.61,0.2,1.66
2001-03-15,000034,33.01,32.48,33.15,32.46,14237,25518562.0,2.09,-1.61,-0.53,1.68
2001-03-16,000034,32.55,32.88,33.19,32.55,13181,23803828.0,1.97,1.23,0.4,1.56
2001-03-19,000034,32.92,33.51,33.73,32.83,17366,31678528.0,2.74,1.92,0.63,2.05
2001-03-20,000034,33.73,33.4,33.91,33.24,11305,20760370.0,2.0,-0.33,-0.11,1.34
2001-03-21,000034,33.71,34.98,35.36,33.64,49080,93466192.0,5.15,4.73,1.58,5.8
2001-03-22,000034,35.0,34.56,35.21,34.06,47171,89052744.0,3.29,-1.2,-0.42,5.57
2001-03-23,000034,34.49,32.9,34.49,32.83,46264,85349992.0,4.8,-4.8,-1.66,5.46
2001-03-27,000034,32.83,32.55,33.71,31.7,43637,78280432.0,6.11,-1.06,-0.35,5.15
2001-03-28,000034,32.37,32.83,32.83,31.92,39170,69276136.0,2.8,0.86,0.28,4.63
2001-03-29,000034,32.83,32.46,32.92,32.39,17124,30576126.0,1.61,-1.13,-0.37,2.02
2001-03-30,000034,32.46,32.19,32.46,31.92,16933,29819406.0,1.66,-0.83,-0.27,2.0
2001-04-02,000034,32.1,32.66,32.79,31.83,15078,26649124.0,2.98,1.46,0.47,1.78
2001-04-03,000034,32.1,32.5,32.79,32.1,9607,17096696.0,2.11,-0.49,-0.16,1.13
2001-04-04,000034,32.52,31.98,32.65,31.85,9383,16620358.0,2.46,-1.6,-0.52,1.11
2001-04-05,000034,31.92,32.46,32.5,31.74,7387,12971548.0,2.38,1.5,0.48,0.87
2001-04-06,000034,32.46,32.39,32.61,32.25,7433,13209365.0,1.11,-0.22,-0.07,0.88
2001-04-09,000034,32.28,32.01,32.39,31.92,6823,11988230.0,1.45,-1.17,-0.38,0.81
2001-04-10,000034,32.01,32.55,32.79,31.96,9268,16514642.0,2.59,1.69,0.54,1.09
2001-04-11,000034,32.65,32.27,32.65,32.23,5114,9074601.0,1.29,-0.86,-0.28,0.6
2001-04-12,000034,32.46,31.96,32.46,31.92,9080,15984582.0,1.67,-0.96,-0.31,1.07
2001-04-13,000034,32.08,32.12,32.28,31.94,7817,13735905.0,1.06,0.5,0.16,0.92
2001-04-16,000034,32.12,31.83,32.36,31.7,21638,37782232.0,2.05,-0.9,-0.29,2.56
2001-04-17,000034,32.1,31.45,32.1,31.16,27251,46869792.0,2.95,-1.19,-0.38,3.22
2001-04-18,000034,31.38,30.69,31.38,30.64,26123,44065404.0,2.35,-2.42,-0.76,3.09
2001-04-19,000034,30.62,31.61,31.63,30.19,20079,34253884.0,4.69,3.0,0.92,2.37
2001-04-20,000034,31.61,30.84,31.74,30.84,11516,19683080.0,2.85,-2.44,-0.77,1.36
2001-04-23,000034,30.47,30.53,30.73,30.26,10931,18256714.0,1.52,-1.01,-0.31,1.29
2001-04-24,000034,30.66,30.73,31.02,30.44,7453,12541036.0,1.9,0.66,0.2,0.88
2001-04-25,000034,30.87,31.07,31.65,30.87,10775,18446478.0,2.54,1.11,0.34,1.27
2001-04-26,000034,31.02,30.49,31.29,30.46,5431,9180779.0,2.67,-1.87,-0.58,0.64
2001-04-27,000034,30.44,30.67,30.75,30.44,4657,7818371.0,1.02,0.59,0.18,0.55
2001-04-30,000034,30.71,30.58,30.75,30.2,4951,8275619.5,1.79,-0.29,-0.09,0.58
2001-05-08,000034,30.56,30.66,31.11,30.49,4300,7241607.0,2.03,0.26,0.08,0.51
2001-05-09,000034,30.67,30.15,30.71,30.11,7106,11803568.0,1.96,-1.66,-0.51,0.84
2001-05-10,000034,30.2,30.04,30.66,29.93,7411,12253832.0,2.42,-0.36,-0.11,0.88
2001-05-11,000034,30.2,29.9,30.2,29.53,10505,17115172.0,2.23,-0.47,-0.14,1.24
2001-05-14,000034,29.97,30.11,30.38,29.88,6676,11006222.0,1.67,0.7,0.21,0.79
2001-05-15,000034,30.15,30.75,30.96,30.15,8076,13564728.0,2.69,2.13,0.64,0.95
2001-05-16,000034,31.07,30.67,31.14,30.66,5144,8685460.0,1.56,-0.26,-0.08,0.61
2001-05-17,000034,30.85,31.51,31.56,30.85,17472,29992950.0,2.31,2.74,0.84,2.06
2001-05-18,000034,31.51,31.4,31.81,31.34,11025,19066314.0,1.49,-0.35,-0.11,1.3
2001-05-21,000034,31.38,30.8,31.4,30.62,9417,15876647.0,2.48,-1.91,-0.6,1.11
2001-05-22,000034,30.8,30.47,30.8,30.38,6134,10246688.0,1.36,-1.07,-0.33,0.72
2001-05-23,000034,30.47,30.51,31.0,30.2,6070,10174008.0,2.63,0.13,0.04,0.72
2001-05-24,000034,30.93,30.22,30.93,30.2,6805,11301891.0,2.39,-0.95,-0.29,0.8
2001-05-25,000034,30.22,30.31,30.93,30.13,4870,8121679.0,2.65,0.3,0.09,0.58
2001-05-28,000034,30.31,29.86,30.31,29.77,7085,11608843.0,1.78,-1.48,-0.45,0.84
2001-05-29,000034,29.77,29.79,30.02,29.73,5345,8730124.0,0.97,-0.23,-0.07,0.63
2001-05-30,000034,29.84,30.2,30.47,29.84,4268,7025091.0,2.11,1.38,0.41,0.5
2001-05-31,000034,30.24,30.28,30.66,30.2,4603,7668957.0,1.52,0.26,0.08,0.54
2001-06-01,000034,30.26,30.02,30.26,29.75,6627,10871776.0,1.68,-0.86,-0.26,0.78
2001-06-04,000034,30.02,30.0,30.44,29.7,10130,16570480.0,2.47,-0.07,-0.02,1.2
2001-06-05,000034,30.0,29.97,30.26,29.75,10425,17098964.0,1.7,-0.1,-0.03,1.23
2001-06-06,000034,29.99,29.93,30.11,29.75,11784,19251050.0,1.2,-0.13,-0.04,1.39
2001-06-07,000034,29.86,30.31,30.55,29.86,9343,15504444.0,2.31,1.27,0.38,1.1
2001-06-08,000034,30.29,29.97,30.31,29.82,5154,8464991.0,1.62,-1.12,-0.34,0.61
2001-06-11,000034,30.11,29.77,30.22,29.66,7612,12438255.0,1.87,-0.67,-0.2,0.9
2001-06-12,000034,29.79,29.86,29.93,29.73,7320,11947831.0,0.67,0.3,0.09,0.86
2001-06-13,000034,29.81,29.81,29.88,29.55,10282,16704931.0,1.11,-0.17,-0.05,1.21
2001-06-14,000034,29.84,29.48,29.93,29.48,9581,15525217.0,1.51,-1.11,-0.33,1.13
2001-06-15,000034,29.35,28.88,29.46,28.7,11305,17950340.0,2.58,-2.04,-0.6,1.34
2001-06-19,000034,28.48,27.96,28.48,27.72,13017,19970308.0,2.63,-3.19,-0.92,1.54
2001-06-20,000034,27.91,27.74,28.27,27.63,7851,11964405.0,2.29,-0.79,-0.22,0.93
2001-06-21,000034,27.76,28.41,28.45,27.76,5717,8778375.0,2.49,2.42,0.67,0.68
2001-06-22,000034,28.5,28.27,28.61,28.2,4196,6508678.0,1.44,-0.49,-0.14,0.5
2001-06-25,000034,28.25,28.0,28.3,27.76,8434,12924079.0,1.91,-0.96,-0.27,1.0
2001-06-26,000034,27.94,29.08,29.3,27.94,11719,18504104.0,4.86,3.86,1.08,1.38
2001-06-27,000034,29.12,28.76,29.21,28.67,5564,8815785.0,1.86,-1.1,-0.32,0.66
2001-06-28,000034,28.76,28.41,28.9,28.32,4144,6481107.0,2.02,-1.22,-0.35,0.49
2001-06-29,000034,28.41,28.21,28.41,28.14,4235,6552188.0,0.95,-0.7,-0.2,0.5
2001-07-02,000034,28.21,27.94,28.23,27.91,4326,6630598.0,1.13,-0.96,-0.27,0.51
2001-07-03,000034,27.94,28.14,28.3,27.87,2495,3835203.0,1.54,0.72,0.2,0.29
2001-07-04,000034,28.14,28.16,28.3,28.07,1537,2371779.0,0.82,0.07,0.02,0.18
2001-07-05,000034,28.3,27.87,28.3,27.85,2810,4313874.0,1.6,-1.03,-0.29,0.33
2001-07-06,000034,27.87,27.74,27.92,27.62,2962,4501461.0,1.08,-0.47,-0.13,0.35
2001-07-09,000034,27.74,27.67,28.05,27.6,2588,3929409.5,1.62,-0.25,-0.07,0.31
2001-07-10,000034,27.76,27.83,27.87,27.69,2910,4421898.5,0.65,0.58,0.16,0.34
2001-07-11,000034,28.09,27.62,28.09,27.62,2501,3792914.5,1.69,-0.75,-0.21,0.3
2001-07-12,000034,27.49,27.02,27.49,26.84,6670,9863225.0,2.35,-2.17,-0.6,0.79
2001-07-13,000034,26.86,26.78,27.34,26.77,3039,4486649.0,2.11,-0.89,-0.24,0.36
2001-07-16,000034,26.77,25.81,27.13,25.74,9146,13070846.0,5.19,-3.62,-0.97,1.08
2001-07-17,000034,25.77,25.25,25.77,25.1,8468,11719608.0,2.6,-2.17,-0.56,1.0
2001-07-18,000034,25.32,25.95,26.24,25.3,4984,7052010.5,3.72,2.77,0.7,0.59
2001-07-19,000034,25.97,25.75,26.08,25.59,2554,3600059.75,1.89,-0.77,-0.2,0.3
2001-07-20,000034,26.13,26.62,26.77,25.81,4361,6276762.5,3.73,3.38,0.87,0.52
2001-07-23,000034,26.68,26.19,26.68,26.13,3886,5611249.5,2.07,-1.62,-0.43,0.46
2001-07-24,000034,26.19,25.68,26.24,25.55,4163,5856592.5,2.63,-1.95,-0.51,0.49
2001-07-25,000034,25.61,25.48,25.61,25.37,3179,4428503.5,0.93,-0.78,-0.2,0.38
2001-07-26,000034,25.48,24.99,25.57,24.87,4657,6399922.5,2.75,-1.92,-0.49,0.55
2001-07-27,000034,25.05,24.78,25.57,24.69,3357,4563948.0,3.52,-0.84,-0.21,0.4
2001-07-30,000034,24.6,22.99,24.6,22.95,5397,6899814.5,6.66,-7.22,-1.79,0.64
2001-07-31,000034,22.88,21.61,23.08,21.34,6909,8396468.0,7.57,-6.0,-1.38,0.82
2001-08-01,000034,21.97,22.86,22.88,21.97,9201,11347606.0,4.21,5.78,1.25,1.09
2001-08-02,000034,22.88,22.73,22.97,21.79,5035,6148628.0,5.16,-0.57,-0.13,0.59
2001-08-03,000034,22.7,22.37,22.7,20.8,3412,4140204.0,8.36,-1.58,-0.36,0.4
2001-08-06,000034,22.33,21.47,22.33,21.25,5001,5906810.0,4.83,-4.02,-0.9,0.59
2001-08-07,000034,21.39,21.99,22.12,21.21,4005,4732678.0,4.24,2.42,0.52,0.47
2001-08-08,000034,22.15,21.74,22.15,21.61,2319,2759643.25,2.46,-1.14,-0.25,0.27
2001-08-09,000034,21.79,22.26,22.3,21.79,3156,3810231.25,2.35,2.39,0.52,0.37
2001-08-10,000034,22.26,23.13,23.22,22.24,9980,12485467.0,4.4,3.91,0.87,1.18
2001-08-13,000034,23.2,23.44,23.65,23.02,8504,10898229.0,2.72,1.34,0.31,1.0
2001-08-14,000034,23.08,22.89,23.2,22.52,4393,5472295.5,2.9,-2.35,-0.55,0.52
2001-08-15,000034,22.79,22.97,23.13,22.52,2577,3217007.25,2.66,0.35,0.08,0.3
2001-08-16,000034,22.97,22.52,22.99,22.52,2262,2803608.75,2.05,-1.96,-0.45,0.27
2001-08-17,000034,22.48,22.39,22.48,22.19,1961,2391365.25,1.29,-0.58,-0.13,0.23
2001-08-20,000034,22.33,22.32,22.48,21.99,2653,3223482.75,2.19,-0.31,-0.07,0.31
2001-08-21,000034,22.44,22.46,22.66,22.42,1617,1990963.5,1.08,0.63,0.14,0.19
2001-08-22,000034,22.35,21.99,22.42,21.7,3397,4068221.25,3.21,-2.09,-0.47,0.4
2001-08-23,000034,21.61,21.99,22.03,21.41,2121,2521141.5,2.82,0.0,0.0,0.25
2001-08-24,000034,21.56,21.85,22.03,21.56,2033,2429635.0,2.14,-0.64,-0.14,0.24
2001-08-27,000034,21.61,21.07,21.61,21.03,3759,4350384.5,2.65,-3.57,-0.78,0.44
2001-08-28,000034,21.07,21.19,21.25,20.74,2940,3371750.0,2.42,0.57,0.12,0.35
2001-08-29,000034,21.27,21.65,22.42,21.25,5568,6682285.0,5.52,2.17,0.46,0.66
2001-08-30,000034,21.79,21.81,22.3,21.54,2506,3016521.75,3.51,0.74,0.16,0.3
2001-08-31,000034,22.12,21.83,22.12,21.7,1193,1424260.0,1.93,0.09,0.02,0.14
2001-09-03,000034,21.81,21.39,21.85,21.25,1750,2050346.0,2.75,-2.02,-0.44,0.21
2001-09-04,000034,21.25,22.59,22.66,21.25,7460,9056884.0,6.59,5.61,1.2,0.88
2001-09-05,000034,22.62,22.53,23.0,22.46,8026,9972907.0,2.39,-0.27,-0.06,0.95
2001-09-06,000034,22.53,22.42,22.79,22.24,3467,4263771.0,2.44,-0.49,-0.11,0.41
2001-09-07,000034,22.28,21.61,22.5,21.56,4100,4897603.0,4.19,-3.61,-0.81,0.48
2001-09-10,000034,21.18,22.41,22.55,21.1,6613,8007261.0,6.71,3.7,0.8,0.78
2001-09-11,000034,22.52,22.75,22.97,22.32,6959,8632774.0,2.9,1.52,0.34,0.82
2001-09-12,000034,21.97,22.33,22.52,21.25,7068,8531424.0,5.58,-1.85,-0.42,0.83
2001-09-13,000034,22.15,22.14,22.52,22.14,2198,2680502.25,1.7,-0.85,-0.19,0.26
2001-09-14,000034,22.14,21.88,22.5,21.65,2950,3522030.5,3.84,-1.17,-0.26,0.35
2001-09-17,000034,21.65,21.48,21.85,21.36,4194,4939722.0,2.24,-1.83,-0.4,0.5
2001-09-18,000034,21.48,21.97,22.33,21.43,1866,2216285.0,4.19,2.28,0.49,0.22
2001-09-19,000034,22.15,22.7,22.88,21.76,4661,5703654.0,5.1,3.32,0.73,0.55
2001-09-20,000034,22.75,22.3,22.84,22.19,4485,5525565.5,2.86,-1.76,-0.4,0.53
2001-09-21,000034,22.24,21.97,22.42,21.88,1805,2188335.0,2.42,-1.48,-0.33,0.21
2001-09-24,000034,22.15,22.24,22.48,21.88,1795,2171608.0,2.73,1.23,0.27,0.21
2001-09-25,000034,22.5,21.76,22.66,21.61,2447,2941960.75,4.72,-2.16,-0.48,0.29
2001-09-26,000034,21.76,21.57,21.88,21.54,2258,2673976.75,1.56,-0.87,-0.19,0.27
2001-09-27,000034,21.61,21.56,21.83,21.27,2277,2684067.25,2.6,-0.05,-0.01,0.27
2001-09-28,000034,21.43,21.76,21.97,21.43,1627,1922955.0,2.5,0.93,0.2,0.19
2001-10-08,000034,21.79,21.12,21.88,21.07,1877,2187440.75,3.72,-2.94,-0.64,0.22
2001-10-09,000034,21.16,21.59,21.66,21.16,1391,1625498.75,2.37,2.23,0.47,0.16
2001-10-10,000034,21.65,20.6,21.65,20.4,3785,4280435.5,5.79,-4.59,-0.99,0.45
2001-10-11,000034,20.53,19.42,20.78,19.4,4037,4418845.0,6.7,-5.73,-1.18,0.48
2001-10-12,000034,19.4,19.6,20.16,18.17,6665,6895590.5,10.25,0.93,0.18,0.79
2001-10-15,000034,19.53,19.35,19.96,19.04,3477,3697819.75,4.69,-1.28,-0.25,0.41
2001-10-16,000034,19.71,19.04,19.71,18.9,1966,2044210.0,4.19,-1.6,-0.31,0.23
2001-10-17,000034,18.93,19.04,19.08,18.54,1750,1790213.88,2.84,0.0,0.0,0.21
2001-10-18,000034,18.57,18.95,18.99,18.35,2157,2186329.0,3.36,-0.47,-0.09,0.25
2001-10-19,000034,18.63,18.34,18.81,17.9,3223,3212093.0,4.8,-3.22,-0.61,0.38
2001-10-22,000034,18.08,17.4,18.25,17.32,2879,2785114.0,5.07,-5.13,-0.94,0.34
2001-10-23,000034,19.11,19.11,19.11,18.44,6680,6918555.0,3.85,9.83,1.71,0.79
2001-10-24,000034,19.8,19.95,20.43,19.44,14169,15424064.0,5.18,4.4,0.84,1.67
2001-10-25,000034,19.62,19.35,20.13,19.1,5270,5633244.5,5.16,-3.01,-0.6,0.62
2001-10-26,000034,19.35,19.1,19.44,18.93,2902,3025370.0,2.64,-1.29,-0.25,0.34
2001-10-29,000034,18.9,19.06,19.08,18.68,4948,5094548.5,2.09,-0.21,-0.04,0.58
2001-10-30,000034,19.11,18.99,19.4,18.93,1757,1826480.12,2.47,-0.37,-0.07,0.21
2001-10-31,000034,18.7,18.68,18.9,18.37,2809,2842152.25,2.79,-1.63,-0.31,0.33
2001-11-01,000034,18.7,18.79,18.95,18.57,5149,5256925.0,2.03,0.59,0.11,0.61
2001-11-02,000034,18.73,18.55,18.73,18.5,2620,2653615.25,1.22,-1.28,-0.24,0.31
2001-11-05,000034,18.5,18.39,18.5,18.05,3021,3004484.0,2.43,-0.86,-0.16,0.36
2001-11-06,000034,18.35,18.37,18.54,18.35,826,829811.0,1.03,-0.11,-0.02,0.1
2001-11-07,000034,18.35,17.36,18.37,17.2,3700,3539608.75,6.37,-5.5,-1.01,0.44
2001-11-08,000034,17.18,17.21,17.34,16.73,4714,4356716.5,3.51,-0.86,-0.15,0.56
2001-11-09,000034,17.21,17.34,17.52,16.69,3660,3405291.0,4.82,0.76,0.13,0.43
2001-11-12,000034,17.4,17.23,17.41,17.09,1576,1478934.62,1.85,-0.63,-0.11,0.19
2001-11-13,000034,16.76,16.58,16.91,16.46,2118,1927966.0,2.61,-3.77,-0.65,0.25
2001-11-14,000034,16.55,16.65,16.91,16.55,1078,982420.19,2.17,0.42,0.07,0.13
2001-11-15,000034,16.65,16.73,16.87,16.65,1011,923424.62,1.32,0.48,0.08,0.12
2001-11-16,000034,17.99,17.14,18.3,17.11,5161,4933415.5,7.11,2.45,0.41,0.61
2001-11-19,000034,17.09,17.32,17.36,17.02,5162,4933415.0,1.98,1.05,0.18,0.61
2001-11-20,000034,17.38,17.88,17.96,17.11,1645,1539864.0,4.91,3.23,0.56,0.19
2001-11-21,000034,17.88,18.75,18.9,17.47,8103,8018835.0,8.0,4.87,0.87,0.96
2001-11-22,000034,18.75,18.75,18.82,18.44,7610,7737709.0,2.03,0.0,0.0,0.9
2001-11-23,000034,18.72,18.57,18.72,18.41,3962,4010479.75,1.65,-0.96,-0.18,0.47
2001-11-26,000034,18.81,18.44,18.97,18.3,3387,3415266.75,3.61,-0.7,-0.13,0.4
2001-11-27,000034,18.41,18.9,18.9,18.35,5046,5144499.0,2.98,2.49,0.46,0.6
2001-11-28,000034,19.01,18.92,19.24,18.86,7174,7451527.5,2.01,0.11,0.02,0.85
2001-11-29,000034,19.17,20.07,20.78,19.17,37497,41523332.0,8.51,6.08,1.15,4.43
2001-11-30,000034,20.04,20.29,20.38,19.89,10447,11515964.0,2.44,1.1,0.22,1.23
2001-12-03,000034,20.34,20.36,20.67,20.34,10232,11427001.0,1.63,0.34,0.07,1.21
2001-12-04,000034,20.45,20.53,20.53,20.24,6662,7410140.0,1.42,0.83,0.17,0.79
2001-12-05,000034,20.54,19.95,20.63,19.93,9618,10613172.0,3.41,-2.83,-0.58,1.14
2001-12-07,000034,20.36,20.07,20.51,19.96,5651,6236273.5,2.76,0.6,0.12,0.67
2001-12-10,000034,20.34,20.15,20.34,19.89,2845,3108664.5,2.24,0.4,0.08,0.34
2001-12-11,000034,20.11,19.75,20.2,19.71,4537,4934725.0,2.43,-1.99,-0.4,0.54
2001-12-12,000034,19.58,19.24,19.71,19.19,4254,4506679.0,2.63,-2.58,-0.51,0.5
2001-12-13,000034,19.22,19.08,19.35,19.04,2968,3106167.0,1.61,-0.83,-0.16,0.35
2001-12-14,000034,19.04,18.75,19.26,18.72,3185,3291744.0,2.83,-1.73,-0.33,0.38
2001-12-17,000034,18.72,18.35,18.84,18.34,3223,3248093.5,2.67,-2.13,-0.4,0.38
2001-12-18,000034,18.37,18.75,18.79,18.35,2361,2391274.5,2.4,2.18,0.4,0.28
2001-12-19,000034,18.79,18.44,18.84,18.39,3837,3890289.0,2.4,-1.65,-0.31,0.45
2001-12-20,000034,18.35,17.9,18.35,17.9,4412,4328230.5,2.44,-2.93,-0.54,0.52
2001-12-21,000034,17.81,18.03,18.17,17.81,1585,1553678.38,2.01,0.73,0.13,0.19
2001-12-24,000034,18.05,17.47,18.05,17.45,2914,2805770.5,3.33,-3.11,-0.56,0.34
2001-12-25,000034,17.36,17.54,17.69,17.27,2178,2069161.12,2.4,0.4,0.07,0.26
2001-12-26,000034,17.54,17.97,18.07,17.45,1855,1791492.25,3.53,2.45,0.43,0.22
2001-12-27,000034,17.97,17.9,18.1,17.85,1520,1486440.0,1.39,-0.39,-0.07,0.18
2001-12-28,000034,17.81,17.96,18.08,17.78,2277,2216378.0,1.68,0.34,0.06,0.27
2001-12-31,000034,17.99,18.14,18.32,17.88,1474,1457690.38,2.45,1.0,0.18,0.17
2002-01-04,000034,18.19,17.59,18.19,17.56,1262,1218554.0,3.47,-3.03,-0.55,0.15
2002-01-07,000034,17.45,17.23,17.45,16.74,1747,1625086.38,4.04,-2.05,-0.36,0.21
2002-01-08,000034,17.36,17.07,17.41,17.07,1191,1113917.0,1.97,-0.93,-0.16,0.14
2002-01-09,000034,17.05,16.74,17.05,16.73,3142,2874444.0,1.87,-1.93,-0.33,0.37
2002-01-10,000034,16.58,17.07,17.21,16.55,2652,2417746.5,3.94,1.97,0.33,0.31
2002-01-11,000034,17.09,16.64,17.09,16.58,1670,1524139.0,2.99,-2.52,-0.43,0.2
2002-01-14,000034,16.55,15.64,16.55,15.6,4253,3690761.25,5.71,-6.01,-1.0,0.5
2002-01-15,000034,15.28,14.37,15.48,14.37,8473,6809574.5,7.1,-8.12,-1.27,1.0
2002-01-16,000034,14.39,14.79,15.08,14.39,5346,4281386.0,4.8,2.92,0.42,0.63
2002-01-17,000034,14.74,13.96,14.74,13.87,3973,3068893.0,5.88,-5.61,-0.83,0.47
2002-01-18,000034,13.6,13.34,13.94,13.07,4612,3381817.75,6.23,-4.44,-0.62,0.54
2002-01-21,000034,13.14,12.15,13.38,12.11,5981,4078431.25,9.52,-8.92,-1.19,0.71
2002-01-22,000034,11.88,12.02,12.71,11.86,4428,2945857.5,7.0,-1.07,-0.13,0.52
2002-01-23,000034,11.84,13.2,13.2,11.84,5722,3887083.25,11.31,9.82,1.18,0.68
2002-01-24,000034,12.93,13.31,13.8,12.53,14975,10783778.0,9.62,0.83,0.11,1.77
2002-01-25,000034,13.02,13.36,13.63,12.95,8984,6478046.5,5.11,0.38,0.05,1.06
2002-01-28,000034,13.11,12.11,13.29,12.11,6863,4724045.5,8.83,-9.36,-1.25,0.81
2002-01-29,000034,12.02,12.67,12.75,11.84,4294,2913758.5,7.51,4.62,0.56,0.51
2002-01-30,000034,12.51,13.09,13.11,12.51,5709,3997344.0,4.74,3.31,0.42,0.67
2002-01-31,000034,13.31,14.12,14.36,13.31,14618,11090632.0,8.02,7.87,1.03,1.73
2002-02-01,000034,14.1,14.16,14.47,13.87,9812,7582123.5,4.25,0.28,0.04,1.16
2002-02-04,000034,14.19,14.54,14.65,13.76,8222,6402581.0,6.29,2.68,0.38,0.97
2002-02-05,000034,14.56,14.74,14.92,14.39,11004,8772421.0,3.65,1.38,0.2,1.3
2002-02-06,000034,14.72,14.03,14.74,14.01,8289,6425137.5,4.95,-4.82,-0.71,0.98
2002-02-07,000034,13.96,14.92,15.19,13.96,12874,10346787.0,8.77,6.34,0.89,1.52
2002-02-08,000034,15.01,14.74,15.17,14.74,8298,6703682.0,2.88,-1.21,-0.18,0.98
2002-02-25,000034,15.26,15.03,15.3,14.95,5537,4528664.5,2.37,1.97,0.29,0.65
2002-02-26,000034,15.01,14.92,15.01,14.52,6250,4997746.5,3.26,-0.73,-0.11,0.74
2002-02-27,000034,15.1,15.17,15.35,14.95,8428,6948507.5,2.68,1.68,0.25,1.0
2002-02-28,000034,15.21,14.88,15.42,14.85,6007,4933596.0,3.76,-1.91,-0.29,0.71
2002-03-01,000034,14.85,14.54,14.92,14.52,6124,4868844.0,2.69,-2.28,-0.34,0.72
2002-03-04,000034,14.74,14.92,14.94,14.41,3655,2926690.25,3.65,2.61,0.38,0.43
2002-03-05,000034,14.92,15.95,16.18,14.92,22272,19017344.0,8.45,6.9,1.03,2.63
2002-03-06,000034,16.09,16.91,17.52,16.09,57750,53576844.0,8.97,6.02,0.96,6.82
2002-03-07,000034,16.73,17.29,17.45,16.65,28486,26438498.0,4.73,2.25,0.38,3.36
2002-03-08,000034,17.45,17.65,17.74,16.8,33251,31154638.0,5.44,2.08,0.36,3.93
2002-03-11,000034,17.65,18.26,18.5,17.31,33760,32996296.0,6.74,3.46,0.61,3.99
2002-03-12,000034,18.19,17.65,18.26,17.63,24547,24004966.0,3.45,-3.34,-0.61,2.9
2002-03-13,000034,17.45,17.11,17.72,17.03,14923,14047487.0,3.91,-3.06,-0.54,1.76
2002-03-14,000034,17.05,17.69,17.96,17.0,11641,11084838.0,5.61,3.39,0.58,1.38
2002-03-15,000034,17.67,16.78,17.81,16.74,11617,10956312.0,6.05,-5.14,-0.91,1.37
2002-03-18,000034,17.09,16.94,17.29,16.65,7223,6654171.5,3.81,0.95,0.16,0.85
2002-03-19,000034,16.94,17.31,17.4,16.87,7703,7190140.5,3.13,2.18,0.37,0.91
2002-03-20,000034,17.54,17.31,17.56,17.07,10103,9537479.0,2.83,0.0,0.0,1.19
2002-03-21,000034,17.59,18.23,18.72,17.36,25495,25322020.0,7.86,5.31,0.92,3.01
2002-03-22,000034,18.28,17.81,18.32,17.54,11464,11178699.0,4.28,-2.3,-0.42,1.35
2002-03-25,000034,17.78,17.79,17.9,17.63,5539,5358377.5,1.52,-0.11,-0.02,0.65
2002-03-26,000034,17.81,17.32,17.85,17.02,8873,8347151.0,4.67,-2.64,-0.47,1.05
2002-03-27,000034,17.25,17.41,17.63,17.0,6082,5729899.5,3.64,0.52,0.09,0.72
2002-03-28,000034,17.32,17.74,18.26,17.18,12974,12634028.0,6.2,1.9,0.33,1.53
2002-03-29,000034,17.74,17.18,17.74,17.09,8486,7998424.5,3.66,-3.16,-0.56,1.0
2002-04-01,000034,16.91,17.43,17.43,16.87,3591,3363671.25,3.26,1.46,0.25,0.42
2002-04-02,000034,17.54,17.2,17.56,17.09,3701,3468289.5,2.7,-1.32,-0.23,0.44
2002-04-03,000034,17.11,17.31,17.54,17.11,4648,4386036.5,2.5,0.64,0.11,0.55
2002-04-04,000034,17.4,18.14,18.34,16.91,18356,17882012.0,8.26,4.79,0.83,2.17
2002-04-05,000034,18.32,18.43,18.99,18.01,31519,31834316.0,5.4,1.6,0.29,3.72
2002-04-08,000034,18.52,18.88,19.17,18.5,20171,20787756.0,3.64,2.44,0.45,2.38
2002-04-09,000034,18.84,19.01,19.19,18.52,20228,20897626.0,3.55,0.69,0.13,2.39
2002-04-10,000034,19.01,18.79,19.15,18.72,13006,13364412.0,2.26,-1.16,-0.22,1.54
2002-04-11,000034,18.79,18.61,18.79,18.46,11547,11710988.0,1.76,-0.96,-0.18,1.36
2002-04-12,000034,18.55,18.63,18.75,18.5,4999,5075773.0,1.34,0.11,0.02,0.59
2002-04-15,000034,18.72,18.35,18.77,18.26,6628,6655772.5,2.74,-1.5,-0.28,0.78
2002-04-16,000034,18.35,18.43,18.81,18.16,5302,5333098.0,3.54,0.44,0.08,0.63
2002-04-17,000034,18.44,18.25,18.48,18.16,3154,3137719.5,1.74,-0.98,-0.18,0.37
2002-04-18,000034,18.17,17.56,18.25,17.45,9080,8791568.0,4.38,-3.78,-0.69,1.07
2002-04-19,000034,17.49,17.7,17.9,16.87,7491,7055549.0,5.87,0.8,0.14,0.88
2002-04-22,000034,17.54,17.38,17.59,17.34,2453,2333426.5,1.41,-1.81,-0.32,0.29
2002-04-23,000034,17.38,17.34,17.61,17.31,3534,3357167.0,1.73,-0.23,-0.04,0.42
2002-04-24,000034,17.25,17.0,17.45,16.96,3372,3146438.5,2.83,-1.96,-0.34,0.4
2002-04-25,000034,17.03,17.23,17.32,16.94,2929,2730054.75,2.24,1.35,0.23,0.35
2002-04-26,000034,17.2,17.72,17.76,17.2,4029,3867001.75,3.25,2.84,0.49,0.48
2002-04-29,000034,17.72,18.28,18.3,17.54,7784,7586020.5,4.29,3.16,0.56,0.92
2002-04-30,000034,18.39,18.08,18.46,17.94,7349,7272356.0,2.84,-1.09,-0.2,0.87
2002-05-08,000034,17.99,17.63,17.99,17.63,3365,3242917.0,1.99,-2.49,-0.45,0.4
2002-05-09,000034,17.45,17.78,17.99,17.45,3595,3487936.0,3.06,0.85,0.15,0.42
2002-05-10,000034,17.81,17.49,17.87,17.47,3068,2942371.25,2.25,-1.63,-0.29,0.36
2002-05-13,000034,17.45,17.31,17.45,17.09,2773,2601180.0,2.06,-1.03,-0.18,0.33
2002-05-14,000034,17.36,17.29,17.65,17.18,2289,2171268.0,2.72,-0.12,-0.02,0.27
2002-05-15,000034,17.29,17.32,17.61,17.18,3719,3523041.25,2.49,0.17,0.03,0.44
2002-05-16,000034,17.27,16.53,17.27,16.49,6879,6292553.5,4.5,-4.56,-0.79,0.81
2002-05-17,000034,16.55,16.67,16.8,16.11,5301,4756258.5,4.17,0.85,0.14,0.63
2002-05-20,000034,16.55,16.0,16.55,15.6,6415,5528494.0,5.7,-4.02,-0.67,0.76
2002-05-21,000034,16.46,16.96,17.38,16.46,10199,9334141.0,5.75,6.0,0.96,1.2
2002-05-22,000034,16.87,16.55,16.93,16.51,5402,4892692.0,2.48,-2.42,-0.41,0.64
2002-05-23,000034,16.4,16.65,17.02,16.4,3097,2827144.0,3.75,0.6,0.1,0.37
2002-05-27,000034,16.47,16.46,16.82,16.17,3064,2727311.5,3.9,-1.14,-0.19,0.36
2002-05-28,000034,16.36,16.55,16.83,16.36,1755,1589119.88,2.86,0.55,0.09,0.21
2002-05-29,000034,16.46,16.08,16.46,15.97,3080,2697264.5,2.96,-2.84,-0.47,0.36
2002-05-30,000034,16.18,15.95,16.29,15.64,3318,2858129.5,4.04,-0.81,-0.13,0.39
2002-05-31,000034,16.02,15.68,16.02,15.66,2786,2388159.75,2.26,-1.69,-0.27,0.33
2002-06-03,000034,15.62,15.21,15.64,15.1,3734,3113017.0,3.44,-3.0,-0.47,0.44
2002-06-04,000034,15.1,15.24,15.46,14.94,3895,3209421.75,3.42,0.2,0.03,0.46
2002-06-05,000034,15.1,14.56,15.1,14.52,3830,3063036.0,3.81,-4.46,-0.68,0.45
2002-06-06,000034,14.56,15.48,15.73,14.21,4447,3640286.5,10.44,6.32,0.92,0.53
2002-06-07,000034,15.64,15.68,15.82,15.35,6117,5194335.0,3.04,1.29,0.2,0.72
2002-06-10,000034,15.46,15.41,15.82,15.28,2711,2272459.75,3.44,-1.72,-0.27,0.32
2002-06-11,000034,15.48,15.62,15.79,15.3,2207,1874977.88,3.18,1.36,0.21,0.26
2002-06-12,000034,15.5,15.55,15.73,15.44,2064,1743153.25,1.86,-0.45,-0.07,0.24
2002-06-13,000034,15.48,15.17,15.68,15.15,1447,1215805.0,3.41,-2.44,-0.38,0.17
2002-06-14,000034,15.17,14.85,15.17,14.83,1856,1507561.5,2.24,-2.11,-0.32,0.22
2002-06-17,000034,14.52,14.95,15.01,14.48,1482,1192792.0,3.57,0.67,0.1,0.18
2002-06-18,000034,14.92,15.62,15.73,14.92,6675,5640611.0,5.42,4.48,0.67,0.79
2002-06-19,000034,15.51,15.88,16.09,15.39,10876,9374121.0,4.48,1.66,0.26,1.28
2002-06-20,000034,15.93,16.44,16.71,15.91,19080,17088414.0,5.04,3.53,0.56,2.25
2002-06-21,000034,17.45,17.47,18.05,17.27,63194,60734568.0,4.74,6.27,1.03,7.46
2002-06-24,000034,19.19,19.19,19.19,18.37,79398,82025920.0,4.69,9.85,1.72,9.38
2002-06-25,000034,19.2,19.17,20.53,18.68,77744,83939304.0,9.64,-0.1,-0.02,9.18
2002-06-26,000034,18.95,18.9,19.13,18.37,27659,28393594.0,3.96,-1.41,-0.27,3.27
2002-06-27,000034,18.99,18.68,19.15,18.5,15465,15814215.0,3.44,-1.16,-0.22,1.83
2002-07-01,000034,18.35,17.85,18.43,17.63,16859,16518867.0,4.28,-4.44,-0.83,1.99
2002-07-02,000034,17.74,18.14,18.43,17.74,11799,11642539.0,3.87,1.62,0.29,1.39
2002-07-03,000034,18.14,18.17,18.57,17.94,5470,5413646.5,3.47,0.17,0.03,0.65
2002-07-04,000034,18.17,17.94,18.26,17.69,9587,9365490.0,3.14,-1.27,-0.23,1.13
2002-07-05,000034,17.94,18.3,18.37,17.85,6300,6204001.0,2.9,2.01,0.36,0.74
2002-07-08,000034,18.43,19.06,19.08,18.34,24240,24810352.0,4.04,4.15,0.76,2.86
2002-07-09,000034,19.19,19.58,20.49,19.08,90007,96739936.0,7.4,2.73,0.52,10.63
2002-07-10,000034,19.55,18.97,19.55,18.86,31758,33167290.0,3.52,-3.12,-0.61,3.75
2002-07-11,000034,18.86,18.95,19.19,18.63,12063,12430290.0,2.95,-0.11,-0.02,1.42
2002-07-12,000034,18.84,19.06,19.17,18.75,9345,9674669.0,2.22,0.58,0.11,1.1
2002-07-15,000034,19.01,18.41,19.01,18.3,12245,12374827.0,3.73,-3.41,-0.65,1.45
2002-07-16,000034,18.43,18.59,18.9,18.35,8393,8563561.0,2.99,0.98,0.18,0.99
2002-07-17,000034,18.64,18.99,19.01,18.46,7552,7741248.0,2.96,2.15,0.4,0.89
2002-07-18,000034,19.17,18.86,19.26,18.82,7774,8066079.5,2.32,-0.68,-0.13,0.92
2002-07-19,000034,18.86,18.92,19.04,18.68,5803,5945234.5,1.91,0.32,0.06,0.69
2002-07-22,000034,18.95,18.5,18.95,18.41,6822,6911255.0,2.85,-2.22,-0.42,0.81
2002-07-23,000034,18.37,18.43,18.7,18.37,5019,5053713.5,1.78,-0.38,-0.07,0.59
2002-07-24,000034,18.43,18.17,18.59,18.07,7784,7741149.0,2.82,-1.41,-0.26,0.92
2002-07-25,000034,18.34,18.1,18.43,17.74,8335,8160268.0,3.8,-0.39,-0.07,0.98
2002-07-26,000034,18.16,18.01,18.25,17.96,4261,4194086.25,1.6,-0.5,-0.09,0.5
2002-07-29,000034,17.96,18.19,18.21,17.78,3451,3368212.5,2.39,1.0,0.18,0.41
2002-07-30,000034,18.17,17.76,18.26,17.63,8383,8137921.5,3.46,-2.36,-0.43,0.99
2002-07-31,000034,17.81,17.74,18.08,17.67,3909,3805928.75,2.31,-0.11,-0.02,0.46
2002-08-01,000034,17.27,17.58,17.81,17.27,4807,4593891.0,3.04,-0.9,-0.16,0.57
2002-08-02,000034,17.76,17.61,17.76,17.47,2492,2387403.0,1.65,0.17,0.03,0.29
2002-08-05,000034,17.67,17.43,17.67,17.38,2893,2747117.0,1.65,-1.02,-0.18,0.34
2002-08-06,000034,17.36,17.96,18.26,17.32,11287,11073130.0,5.39,3.04,0.53,1.33
2002-08-07,000034,17.96,17.63,17.96,17.59,3493,3367632.5,2.06,-1.84,-0.33,0.41
2002-08-08,000034,17.97,17.69,17.97,17.63,1810,1745056.38,1.93,0.34,0.06,0.21
2002-08-09,000034,17.63,17.47,17.7,17.45,2099,1999825.0,1.41,-1.24,-0.22,0.25
2002-08-12,000034,17.45,17.45,17.59,17.32,2094,1988178.75,1.55,-0.11,-0.02,0.25
2002-08-13,000034,17.45,17.38,17.58,17.32,1840,1747435.25,1.49,-0.4,-0.07,0.22
2002-08-14,000034,17.4,17.58,17.59,17.32,1423,1350108.88,1.55,1.15,0.2,0.17
2002-08-15,000034,17.63,17.32,17.65,17.32,1448,1371058.38,1.88,-1.48,-0.26,0.17
2002-08-16,000034,17.34,17.52,17.69,17.21,2070,1964593.25,2.77,1.15,0.2,0.24
2002-08-19,000034,17.34,17.31,17.5,17.29,1390,1314294.12,1.2,-1.2,-0.21,0.16
2002-08-20,000034,17.31,17.59,17.65,17.31,3299,3145144.5,1.96,1.62,0.28,0.39
2002-08-21,000034,17.63,17.69,17.99,17.59,3248,3147689.75,2.27,0.57,0.1,0.38
2002-08-22,000034,17.63,17.88,17.99,17.63,4737,4601779.0,2.04,1.07,0.19,0.56
2002-08-23,000034,17.81,17.7,17.9,17.67,1987,1923315.5,1.29,-1.01,-0.18,0.23
2002-08-26,000034,17.61,17.38,17.61,17.29,4944,4676273.0,1.81,-1.81,-0.32,0.58
2002-08-27,000034,17.5,17.41,17.54,17.34,4034,3826919.5,1.15,0.17,0.03,0.48
2002-08-28,000034,17.49,17.36,17.5,17.31,3138,2965793.0,1.09,-0.29,-0.05,0.37
2002-08-29,000034,17.34,17.31,17.56,17.27,2267,2140908.0,1.67,-0.29,-0.05,0.27
2002-08-30,000034,17.31,17.32,17.45,17.29,1639,1546734.75,0.92,0.06,0.01,0.19
2002-09-02,000034,17.31,17.4,17.45,17.05,4947,4622188.0,2.31,0.46,0.08,0.58
2002-09-03,000034,17.54,19.11,19.11,17.54,40827,42031812.0,9.02,9.83,1.71,4.82
2002-09-04,000034,19.8,18.72,19.95,18.57,87211,91540448.0,7.22,-2.04,-0.39,10.3
2002-09-05,000034,18.46,18.59,18.7,18.19,35365,35459756.0,2.72,-0.69,-0.13,4.18
2002-09-06,000034,18.44,18.07,18.44,17.99,16817,16674727.0,2.42,-2.8,-0.52,1.99
2002-09-09,000034,18.01,18.16,18.48,17.96,11969,11868846.0,2.88,0.5,0.09,1.41
2002-09-11,000034,18.08,17.12,18.16,16.76,26256,24580598.0,7.71,-5.73,-1.04,3.1
2002-09-12,000034,17.09,16.96,17.18,16.74,11777,10871349.0,2.57,-0.93,-0.16,1.39
2002-09-13,000034,16.96,16.6,17.0,16.58,12906,11735645.0,2.48,-2.12,-0.36,1.52
2002-09-16,000034,16.55,16.38,16.55,16.29,7722,6886158.5,1.57,-1.33,-0.22,0.91
2002-09-17,000034,16.26,16.04,16.51,15.73,10382,9066056.0,4.76,-2.08,-0.34,1.23
2002-09-18,000034,16.09,15.97,16.18,15.82,4564,3980171.5,2.24,-0.44,-0.07,0.54
2002-09-19,000034,15.82,17.05,17.52,15.75,22606,20628188.0,11.08,6.76,1.08,2.67
2002-09-20,000034,16.87,16.36,17.18,16.33,13356,12171475.0,4.99,-4.05,-0.69,1.58
2002-09-23,000034,16.17,16.55,16.89,16.11,8718,7844655.5,4.77,1.16,0.19,1.03
2002-09-24,000034,16.55,16.65,16.87,16.33,5649,5096347.5,3.26,0.6,0.1,0.67
2002-09-25,000034,16.55,16.74,17.11,16.55,11922,10989092.0,3.36,0.54,0.09,1.41
2002-09-26,000034,16.73,16.55,16.91,16.49,5755,5208322.0,2.51,-1.14,-0.19,0.68
2002-09-27,000034,16.64,16.42,16.83,16.29,4433,3972660.5,3.26,-0.79,-0.13,0.52
2002-10-08,000034,16.55,16.46,16.55,15.91,2837,2525243.25,3.9,0.24,0.04,0.34
2002-10-09,000034,16.36,15.75,16.36,15.42,5781,4962763.5,5.71,-4.31,-0.71,0.68
2002-10-10,000034,15.66,15.71,16.0,15.55,2665,2293235.5,2.86,-0.25,-0.04,0.31
2002-10-11,000034,15.82,15.7,15.98,15.68,2485,2135129.5,1.91,-0.06,-0.01,0.29
2002-10-14,000034,15.64,16.08,16.36,15.59,3507,3037693.5,4.9,2.42,0.38,0.41
2002-10-15,000034,16.08,15.89,16.18,15.89,2451,2131728.5,1.8,-1.18,-0.19,0.29
2002-10-16,000034,15.97,16.27,16.83,15.97,6944,6196617.0,5.41,2.39,0.38,0.82
2002-10-17,000034,16.27,15.88,16.36,15.84,3410,2970757.5,3.2,-2.4,-0.39,0.4
2002-10-18,000034,15.88,15.84,16.18,15.7,3902,3376392.25,3.02,-0.25,-0.04,0.46
2002-10-22,000034,16.02,16.46,16.56,16.02,9331,8338245.0,3.41,3.91,0.62,1.1
2002-10-23,000034,16.36,16.69,16.89,16.36,9010,8174781.5,3.22,1.4,0.23,1.06
2002-10-24,000034,16.74,16.36,16.87,16.36,3775,3395947.5,3.06,-1.98,-0.33,0.45
2002-10-25,000034,16.36,16.04,16.65,15.91,3329,2941982.25,4.52,-1.96,-0.32,0.39
2002-10-28,000034,15.84,15.8,16.17,15.77,3603,3105875.0,2.49,-1.5,-0.24,0.43
2002-10-29,000034,15.75,16.02,16.04,15.64,3288,2832438.0,2.53,1.39,0.22,0.39
2002-10-30,000034,15.64,16.0,16.08,15.28,7890,6702752.5,4.99,-0.12,-0.02,0.93
2002-10-31,000034,16.0,15.97,16.22,15.95,4697,4098920.5,1.69,-0.19,-0.03,0.55
2002-11-01,000034,16.15,16.42,16.44,16.0,7515,6636986.5,2.76,2.82,0.45,0.89
2002-11-04,000034,16.58,16.64,16.74,16.26,15290,13739443.0,2.92,1.34,0.22,1.81
2002-11-05,000034,16.73,16.71,16.87,16.4,12152,11006449.0,2.82,0.42,0.07,1.44
2002-11-06,000034,16.8,16.65,16.85,16.58,6504,5918520.5,1.62,-0.36,-0.06,0.77
2002-11-07,000034,16.56,16.47,16.64,16.42,3886,3486760.0,1.32,-1.08,-0.18,0.46
2002-11-08,000034,16.55,15.79,16.85,15.66,6050,5301211.0,7.23,-4.13,-0.68,0.71
2002-11-11,000034,15.95,15.62,15.95,15.6,2595,2223377.5,2.22,-1.08,-0.17,0.31
2002-11-12,000034,15.64,15.26,15.79,15.21,5302,4433260.0,3.71,-2.3,-0.36,0.63
2002-11-13,000034,15.23,15.32,15.33,14.9,4915,4028422.5,2.82,0.39,0.06,0.58
2002-11-14,000034,15.28,14.83,15.28,14.74,5085,4116145.0,3.52,-3.2,-0.49,0.6
2002-11-15,000034,14.83,14.77,15.17,14.66,4125,3336298.25,3.44,-0.4,-0.06,0.49
2002-11-18,000034,14.75,14.43,14.94,14.37,3156,2489147.5,3.86,-2.3,-0.34,0.37
2002-11-19,000034,14.47,14.61,14.7,14.28,2750,2158720.25,2.91,1.25,0.18,0.32
2002-11-20,000034,14.47,13.99,14.47,13.98,3774,2898971.5,3.35,-4.24,-0.62,0.45
2002-11-21,000034,13.99,13.16,13.99,13.11,5896,4304577.5,6.29,-5.93,-0.83,0.7
2002-11-22,000034,13.11,13.16,13.76,12.71,4256,3047690.75,7.98,0.0,0.0,0.5
2002-11-27,000034,12.91,12.82,12.91,12.08,6082,4137365.25,6.31,-2.58,-0.34,0.72
2002-11-28,000034,12.76,13.34,13.47,12.42,4876,3445549.0,8.19,4.06,0.52,0.58
2002-11-29,000034,13.29,13.9,14.36,13.29,14502,10894963.0,8.02,4.2,0.56,1.71
2002-12-02,000034,13.9,13.16,13.9,13.13,6444,4696792.5,5.54,-5.32,-0.74,0.76
2002-12-03,000034,12.93,13.29,13.38,12.93,3122,2239173.5,3.42,0.99,0.13,0.37
2002-12-04,000034,13.34,13.33,13.58,13.2,3242,2354727.75,2.86,0.3,0.04,0.38
2002-12-05,000034,13.2,13.14,13.31,12.98,3116,2210890.25,2.48,-1.43,-0.19,0.37
2002-12-06,000034,13.07,13.14,13.29,12.98,2012,1436392.38,2.36,0.0,0.0,0.24
2002-12-10,000034,12.95,12.96,13.29,12.93,2628,1853174.75,2.74,-1.37,-0.18,0.31
2002-12-11,000034,12.86,12.82,12.91,12.62,2467,1700328.88,2.24,-1.08,-0.14,0.29
2002-12-12,000034,12.82,12.96,13.27,12.78,2250,1592625.38,3.82,1.09,0.14,0.27
2002-12-13,000034,12.93,13.22,13.47,12.64,3225,2288795.5,6.4,2.01,0.26,0.38
2002-12-16,000034,13.04,13.4,13.52,13.04,3119,2262699.25,3.63,1.36,0.18,0.37
2002-12-17,000034,13.31,13.69,13.71,13.29,4621,3388660.5,3.13,2.16,0.29,0.55
2002-12-18,000034,13.87,15.03,15.03,13.83,28874,23408456.0,8.77,9.79,1.34,3.41
2002-12-19,000034,15.26,15.28,15.64,15.03,86259,71682488.0,4.06,1.66,0.25,10.19
2002-12-20,000034,15.33,15.03,15.35,14.75,29837,24323994.0,3.93,-1.64,-0.25,3.52
2002-12-23,000034,15.03,14.95,15.19,14.86,16345,13286447.0,2.2,-0.53,-0.08,1.93
2002-12-24,000034,15.06,14.83,15.06,14.45,18018,14349103.0,4.08,-0.8,-0.12,2.13
2002-12-25,000034,14.92,14.5,14.94,14.48,7922,6316557.5,3.1,-2.23,-0.33,0.94
2002-12-26,000034,14.39,13.76,14.61,13.74,16422,12582478.0,6.0,-5.1,-0.74,1.94
2002-12-27,000034,13.67,13.69,14.01,13.25,13897,10262810.0,5.52,-0.51,-0.07,1.64
2002-12-30,000034,13.56,13.47,13.74,13.34,8018,5870556.5,2.92,-1.61,-0.22,0.95
2002-12-31,000034,13.47,13.29,13.62,13.13,8878,6406582.5,3.64,-1.34,-0.18,1.05
2003-01-02,000034,13.16,13.27,13.54,12.93,6309,4505313.5,4.59,-0.15,-0.02,0.75
2003-01-03,000034,13.6,14.05,14.57,13.6,52023,40324500.0,7.31,5.88,0.78,6.15
2003-01-06,000034,13.69,14.48,14.66,13.69,37903,29345936.0,6.9,3.06,0.43,4.48
2003-01-07,000034,14.47,14.52,14.85,14.18,27446,21574412.0,4.63,0.28,0.04,3.24
2003-01-08,000034,14.45,15.1,15.13,14.25,31285,24975276.0,6.06,3.99,0.58,3.7
2003-01-09,000034,14.99,15.3,15.79,14.75,55163,45917864.0,6.89,1.32,0.2,6.52
2003-01-10,000034,15.28,15.08,16.04,15.01,43968,36986808.0,6.73,-1.44,-0.22,5.19
2003-01-13,000034,15.06,15.42,15.7,15.06,25637,21507594.0,4.24,2.25,0.34,3.03
2003-01-14,000034,15.23,16.02,16.33,15.23,42012,36175656.0,7.13,3.89,0.6,4.96
2003-01-15,000034,15.91,15.82,16.42,15.7,33352,29066550.0,4.49,-1.25,-0.2,3.94
2003-01-16,000034,15.79,16.53,16.6,15.79,40168,35766388.0,5.12,4.49,0.71,4.74
2003-01-17,000034,16.64,17.16,17.59,16.55,54983,51002432.0,6.29,3.81,0.63,6.49
2003-01-20,000034,17.25,17.56,17.58,16.82,33514,31412280.0,4.43,2.33,0.4,3.96
2003-01-21,000034,17.52,16.56,17.58,16.55,39525,36459056.0,5.87,-5.69,-1.0,4.67
2003-01-22,000034,16.36,16.85,17.18,16.31,32391,29641864.0,5.25,1.75,0.29,3.83
2003-01-23,000034,16.73,16.27,17.09,16.18,24400,22004144.0,5.4,-3.44,-0.58,2.88
2003-01-24,000034,16.18,16.46,16.58,16.04,16567,14746737.0,3.32,1.17,0.19,1.96
2003-01-27,000034,16.55,16.64,16.76,16.33,11955,10808739.0,2.61,1.09,0.18,1.41
2003-01-28,000034,16.71,16.62,16.73,16.46,7836,7065641.5,1.62,-0.12,-0.02,0.93
2003-01-29,000034,16.53,16.51,16.83,16.47,10586,9594187.0,2.17,-0.66,-0.11,1.25
2003-02-10,000034,16.55,16.08,16.55,16.06,6346,5613764.5,2.97,-2.6,-0.43,0.75
2003-02-11,000034,15.95,16.42,16.44,15.95,7026,6219512.0,3.05,2.11,0.34,0.83
2003-02-12,000034,16.4,17.09,17.23,16.2,18456,16892814.0,6.27,4.08,0.67,2.18
2003-02-13,000034,17.09,16.71,17.18,16.69,15394,14169181.0,2.87,-2.22,-0.38,1.82
2003-02-14,000034,16.73,16.65,16.96,16.64,11397,10395471.0,1.92,-0.36,-0.06,1.35
2003-02-17,000034,16.73,16.55,16.91,16.49,8843,8018570.0,2.52,-0.6,-0.1,1.04
2003-02-18,000034,16.53,16.42,16.55,16.24,6662,5934493.0,1.87,-0.79,-0.13,0.79
2003-02-19,000034,16.42,16.85,16.87,16.24,9603,8692184.0,3.84,2.62,0.43,1.13
2003-02-20,000034,17.0,16.78,17.18,16.73,19085,17593978.0,2.67,-0.42,-0.07,2.25
2003-02-21,000034,16.73,16.33,16.78,16.27,9417,8438124.0,3.04,-2.68,-0.45,1.11
2003-02-24,000034,16.31,16.24,16.51,16.15,5399,4798890.5,2.2,-0.55,-0.09,0.64
2003-02-25,000034,16.18,16.67,16.8,16.15,10479,9477823.0,4.0,2.65,0.43,1.24
2003-02-26,000034,16.76,16.62,16.96,16.55,5425,4919899.5,2.46,-0.3,-0.05,0.64
2003-02-27,000034,16.62,16.51,16.76,16.46,6297,5664965.5,1.81,-0.66,-0.11,0.74
2003-02-28,000034,16.55,16.38,16.64,16.27,5354,4766527.0,2.24,-0.79,-0.13,0.63
2003-03-03,000034,16.38,16.64,16.64,16.31,5854,5232631.0,2.01,1.59,0.26,0.69
2003-03-04,000034,16.64,16.53,16.69,16.4,4396,3966374.75,1.74,-0.66,-0.11,0.52
2003-03-05,000034,16.22,16.29,16.53,16.22,4714,4182858.5,1.88,-1.45,-0.24,0.56
2003-03-06,000034,16.22,15.86,16.36,15.75,9478,8229988.5,3.74,-2.64,-0.43,1.12
2003-03-07,000034,15.86,15.59,16.04,15.57,6916,5949977.0,2.96,-1.7,-0.27,0.82
2003-03-10,000034,15.57,15.13,15.68,15.08,7701,6384397.5,3.85,-2.95,-0.46,0.91
2003-03-11,000034,15.12,15.19,15.24,15.01,5232,4299890.0,1.52,0.4,0.06,0.62
2003-03-12,000034,15.17,15.17,15.26,14.85,5244,4272908.0,2.7,-0.13,-0.02,0.62
2003-03-13,000034,15.15,14.83,15.15,14.79,5392,4371643.5,2.37,-2.24,-0.34,0.64
2003-03-14,000034,14.74,14.86,15.01,14.74,3745,3029371.75,1.82,0.2,0.03,0.44
2003-03-17,000034,14.81,14.74,14.83,14.56,4899,3905623.25,1.82,-0.81,-0.12,0.58
2003-03-18,000034,14.74,14.9,15.39,14.74,8689,7136594.5,4.41,1.09,0.16,1.03
2003-03-19,000034,14.92,15.03,15.13,14.79,4576,3726411.75,2.28,0.87,0.13,0.54
2003-03-20,000034,15.01,14.83,15.1,14.74,3329,2694627.25,2.4,-1.33,-0.2,0.39
2003-03-21,000034,15.01,15.01,15.06,14.83,2983,2425313.0,1.55,1.21,0.18,0.35
2003-03-24,000034,15.19,15.13,15.21,15.01,2636,2161188.5,1.33,0.8,0.12,0.31
2003-03-25,000034,15.13,15.08,15.13,14.88,5109,4165294.0,1.65,-0.33,-0.05,0.6
2003-03-26,000034,15.13,15.06,15.24,14.97,4516,3708346.0,1.79,-0.13,-0.02,0.53
2003-03-27,000034,14.95,15.39,15.46,14.56,10373,8472216.0,5.98,2.19,0.33,1.23
2003-03-28,000034,15.37,15.1,15.37,15.08,6866,5665948.5,1.88,-1.88,-0.29,0.81
2003-03-31,000034,15.06,15.1,15.23,14.86,5388,4390154.5,2.45,0.0,0.0,0.64
2003-04-01,000034,15.1,15.46,15.79,15.06,13423,11255379.0,4.83,2.38,0.36,1.59
2003-04-02,000034,15.44,15.39,15.57,15.33,5368,4503054.0,1.55,-0.45,-0.07,0.63
2003-04-03,000034,15.39,15.12,15.39,15.1,4592,3791452.25,1.88,-1.75,-0.27,0.54
2003-04-04,000034,15.1,14.92,15.17,14.85,5918,4815464.0,2.12,-1.32,-0.2,0.7
2003-04-07,000034,14.92,14.85,15.15,14.83,4980,4033751.0,2.14,-0.47,-0.07,0.59
2003-04-08,000034,14.74,13.69,14.74,13.52,23450,17836710.0,8.22,-7.81,-1.16,2.77
2003-04-09,000034,13.56,13.6,13.83,13.14,15025,10961453.0,5.04,-0.66,-0.09,1.77
2003-04-10,000034,13.6,13.78,13.8,13.25,15285,11163104.0,4.04,1.32,0.18,1.81
2003-04-11,000034,13.67,13.33,13.67,13.25,15635,11334389.0,3.05,-3.27,-0.45,1.85
2003-04-14,000034,13.29,13.72,13.74,12.93,24231,17644498.0,6.08,2.93,0.39,2.86
2003-04-15,000034,13.72,14.09,14.18,13.65,20519,15530698.0,3.86,2.7,0.37,2.42
2003-04-16,000034,14.1,13.45,14.1,13.29,21793,16226676.0,5.75,-4.54,-0.64,2.57
2003-04-17,000034,13.47,13.67,13.94,13.2,14005,10275588.0,5.5,1.64,0.22,1.65
2003-04-18,000034,13.8,14.32,14.52,13.54,29709,22639032.0,7.17,4.75,0.65,3.51
2003-04-21,000034,14.21,14.47,14.5,13.92,23243,17885370.0,4.05,1.05,0.15,2.75
2003-04-22,000034,14.72,14.32,14.88,14.19,46895,37074436.0,4.77,-1.04,-0.15,5.54
2003-04-23,000034,14.34,14.72,15.06,14.34,32375,25938436.0,5.03,2.79,0.4,3.82
2003-04-24,000034,14.65,13.76,14.65,13.49,14372,10888453.0,7.88,-6.52,-0.96,1.7
2003-04-25,000034,13.76,13.25,13.76,13.2,12717,9219430.0,4.07,-3.71,-0.51,1.5
2003-04-28,000034,13.2,13.49,13.54,12.95,9148,6592979.5,4.45,1.81,0.24,1.08
2003-04-29,000034,13.47,13.22,13.47,13.14,7372,5293171.5,2.45,-2.0,-0.27,0.87
2003-04-30,000034,13.11,13.38,13.49,13.0,7852,5610052.5,3.71,1.21,0.16,0.93
2003-05-12,000034,13.29,13.04,13.29,13.02,5814,4128077.5,2.02,-2.54,-0.34,0.69
2003-05-13,000034,13.04,12.11,13.04,11.99,15724,10381282.0,8.05,-7.13,-0.93,1.86
2003-05-14,000034,11.97,12.35,12.55,11.84,5288,3519074.25,5.86,1.98,0.24,0.62
2003-05-15,000034,12.02,12.95,13.09,12.02,11728,8066735.5,8.66,4.86,0.6,1.39
2003-05-16,000034,12.91,12.75,13.07,12.69,7255,5039371.0,2.93,-1.54,-0.2,0.86
2003-05-19,000034,12.66,12.96,13.2,12.66,6563,4620529.0,4.24,1.65,0.21,0.78
2003-05-20,000034,12.93,12.71,12.93,12.67,4439,3064240.25,2.01,-1.93,-0.25,0.52
2003-05-21,000034,12.75,12.71,12.98,12.6,4151,2878244.5,2.99,0.0,0.0,0.49
2003-05-22,000034,12.71,12.67,12.84,12.57,3127,2145499.25,2.12,-0.31,-0.04,0.37
2003-05-23,000034,12.71,12.75,12.93,12.62,7814,5385701.0,2.45,0.63,0.08,0.92
2003-05-26,000034,12.75,12.82,13.07,12.66,6374,4445569.0,3.22,0.55,0.07,0.75
2003-05-27,000034,12.91,13.47,13.62,12.57,24879,17904526.0,8.19,5.07,0.65,2.94
2003-05-28,000034,13.4,13.18,13.56,13.11,11646,8406466.0,3.34,-2.15,-0.29,1.38
2003-05-29,000034,13.11,13.8,13.81,13.07,26557,19615128.0,5.61,4.7,0.62,3.14
2003-05-30,000034,13.8,14.07,14.28,13.62,26247,19906504.0,4.78,1.96,0.27,3.1
2003-06-02,000034,14.07,14.05,14.1,13.85,8668,6551623.0,1.78,-0.14,-0.02,1.02
2003-06-03,000034,14.07,13.74,14.1,13.62,7762,5774219.5,3.42,-2.21,-0.31,0.92
2003-06-04,000034,13.74,14.01,14.07,13.49,12606,9434964.0,4.22,1.97,0.27,1.49
2003-06-05,000034,14.27,13.94,14.27,13.65,6824,5161875.0,4.43,-0.5,-0.07,0.81
2003-06-06,000034,13.96,14.01,14.1,13.71,11212,8468692.0,2.8,0.5,0.07,1.32
2003-06-09,000034,14.01,13.74,14.12,13.43,6777,5040333.0,4.93,-1.93,-0.27,0.8
2003-06-10,000034,13.74,13.62,13.83,13.47,4406,3260330.5,2.62,-0.87,-0.12,0.52
2003-06-11,000034,13.52,13.72,13.74,13.47,6326,4665945.0,1.98,0.73,0.1,0.75
2003-06-12,000034,13.76,13.76,13.81,13.56,4870,3605440.25,1.82,0.29,0.04,0.58
2003-06-13,000034,13.65,14.03,14.28,13.65,20026,15273876.0,4.58,1.96,0.27,2.37
2003-06-16,000034,14.03,13.99,14.34,13.56,16802,12889128.0,5.56,-0.29,-0.04,1.98
2003-06-17,000034,13.99,14.65,14.77,13.98,47561,37540764.0,5.65,4.72,0.66,5.62
2003-06-18,000034,14.79,14.68,14.81,14.47,26782,21315582.0,2.32,0.2,0.03,3.16
2003-06-19,000034,14.57,14.56,14.7,14.19,18387,14421613.0,3.47,-0.82,-0.12,2.17
2003-06-20,000034,14.56,14.59,14.75,14.14,14257,11202825.0,4.19,0.21,0.03,1.68
2003-06-23,000034,14.59,14.36,14.65,14.21,8145,6357415.0,3.02,-1.58,-0.23,0.96
2003-06-24,000034,14.37,14.32,14.52,14.19,7457,5814653.0,2.3,-0.28,-0.04,0.88
2003-06-25,000034,14.34,14.54,14.88,14.25,19274,15315919.0,4.4,1.54,0.22,2.28
2003-06-26,000034,14.47,14.9,14.97,13.65,35360,28019826.0,9.08,2.48,0.36,4.18
2003-06-27,000034,14.92,14.65,14.95,14.59,17353,13907725.0,2.42,-1.68,-0.25,2.05
2003-06-30,000034,14.9,14.59,14.9,14.39,10849,8585572.0,3.48,-0.41,-0.06,1.28
2003-07-01,000034,14.65,14.36,14.65,14.27,11130,8691572.0,2.6,-1.58,-0.23,1.31
2003-07-02,000034,14.36,14.74,14.92,14.05,12242,9547011.0,6.06,2.65,0.38,1.45
2003-07-03,000034,14.92,15.03,15.04,14.57,25675,20731766.0,3.19,1.97,0.29,3.03
2003-07-04,000034,15.03,14.92,15.06,14.7,10662,8596837.0,2.4,-0.73,-0.11,1.26
2003-07-07,000034,14.95,15.26,15.35,14.74,20980,17270670.0,4.09,2.28,0.34,2.48
2003-07-08,000034,15.41,15.42,15.6,15.19,90664,75524904.0,2.69,1.05,0.16,10.71
2003-07-09,000034,15.46,16.26,16.91,15.35,126413,109581368.0,10.12,5.45,0.84,14.93
2003-07-10,000034,16.09,16.56,16.62,15.84,57749,51162584.0,4.8,1.85,0.3,6.82
2003-07-11,000034,16.55,16.27,16.55,16.18,25087,22275624.0,2.23,-1.75,-0.29,2.96
2003-07-14,000034,16.24,16.0,16.24,15.62,32185,27809928.0,3.81,-1.66,-0.27,3.8
2003-07-15,000034,15.91,15.89,16.15,15.68,18112,15602909.0,2.94,-0.69,-0.11,2.14
2003-07-16,000034,15.75,15.46,15.98,15.39,23860,20151640.0,3.71,-2.71,-0.43,2.82
2003-07-17,000034,15.46,15.62,15.98,15.39,24638,21032604.0,3.82,1.03,0.16,2.91
2003-07-18,000034,15.64,14.86,15.64,14.83,30130,24781648.0,5.19,-4.87,-0.76,3.56
2003-07-21,000034,14.74,14.27,14.81,14.01,22099,17242014.0,5.38,-3.97,-0.59,2.61
2003-07-22,000034,14.37,14.65,14.77,14.28,12490,9860152.0,3.43,2.66,0.38,1.48
2003-07-23,000034,14.7,14.81,14.99,14.37,11772,9447672.0,4.23,1.09,0.16,1.39
2003-07-24,000034,14.66,14.39,14.85,14.37,8886,7010394.0,3.24,-2.84,-0.42,1.05
2003-07-25,000034,14.3,14.19,14.72,14.16,10140,7874902.0,3.89,-1.39,-0.2,1.2
2003-07-29,000034,14.01,14.03,14.25,13.78,10132,7652712.0,3.31,-1.13,-0.16,1.2
2003-07-30,000034,14.07,13.74,14.16,13.63,8674,6484521.0,3.78,-2.07,-0.29,1.02
2003-07-31,000034,13.74,13.43,13.76,13.4,9640,7095588.0,2.62,-2.26,-0.31,1.14
2003-08-01,000034,13.43,13.83,13.89,12.93,18153,13209897.0,7.15,2.98,0.4,2.14
2003-08-04,000034,13.65,14.37,14.37,13.49,25455,19469548.0,6.36,3.9,0.54,3.01
2003-08-05,000034,14.52,14.37,14.83,14.34,24101,19012058.0,3.41,0.0,0.0,2.85
2003-08-06,000034,14.34,14.45,14.65,14.21,10021,7865164.0,3.06,0.56,0.08,1.18
2003-08-07,000034,14.48,14.25,14.56,14.1,7561,5859692.0,3.18,-1.38,-0.2,0.89
2003-08-08,000034,14.12,13.85,14.23,13.81,9653,7308246.0,2.95,-2.81,-0.4,1.14
2003-08-11,000034,13.67,14.01,14.14,13.56,4934,3711628.0,4.19,1.16,0.16,0.58
2003-08-12,000034,13.92,14.01,14.18,13.83,3869,2936155.25,2.5,0.0,0.0,0.46
2003-08-13,000034,14.03,13.69,14.03,13.65,5199,3873816.5,2.71,-2.28,-0.32,0.61
2003-08-14,000034,13.83,13.78,14.14,13.65,6511,4905485.5,3.58,0.66,0.09,0.77
2003-08-15,000034,13.65,13.78,13.94,13.62,4056,3031992.0,2.32,0.0,0.0,0.48
2003-08-18,000034,13.67,13.72,13.85,13.65,2463,1831596.75,1.45,-0.44,-0.06,0.29
2003-08-19,000034,13.72,14.12,14.16,13.72,7498,5682885.0,3.21,2.92,0.4,0.89
2003-08-20,000034,14.1,14.03,14.1,13.87,4153,3146052.25,1.63,-0.64,-0.09,0.49
2003-08-21,000034,14.03,13.99,14.07,13.92,2572,1950362.62,1.07,-0.29,-0.04,0.3
2003-08-22,000034,13.99,13.92,14.18,13.85,4231,3220272.0,2.36,-0.5,-0.07,0.5
2003-08-25,000034,13.9,13.43,13.9,13.38,6193,4557139.0,3.74,-3.52,-0.49,0.73
2003-08-26,000034,13.43,13.52,13.71,13.38,5086,3711367.0,2.46,0.67,0.09,0.6
2003-08-27,000034,13.58,13.4,13.58,13.16,4923,3557941.75,3.11,-0.89,-0.12,0.58
2003-08-28,000034,13.4,13.22,13.47,13.22,4156,2996113.0,1.87,-1.34,-0.18,0.49
2003-08-29,000034,13.16,13.29,13.43,13.04,4192,2999484.0,2.95,0.53,0.07,0.5
2003-09-01,000034,13.29,13.51,13.52,13.16,6451,4664354.0,2.71,1.66,0.22,0.76
2003-09-02,000034,13.51,13.58,13.74,13.38,6463,4760632.5,2.66,0.52,0.07,0.76
2003-09-03,000034,13.47,13.52,13.62,13.31,4277,3116068.5,2.28,-0.44,-0.06,0.51
2003-09-04,000034,13.51,13.49,13.71,13.43,4750,3492655.0,2.07,-0.22,-0.03,0.56
2003-09-05,000034,13.38,13.22,13.42,13.16,5445,3909965.75,1.93,-2.0,-0.27,0.64
2003-09-08,000034,13.13,13.09,13.2,13.04,3701,2625443.75,1.21,-0.98,-0.13,0.44
2003-09-09,000034,13.09,13.25,13.25,13.09,2743,1951813.5,1.22,1.22,0.16,0.32
2003-09-10,000034,13.2,13.16,13.33,13.13,2155,1540209.38,1.51,-0.68,-0.09,0.25
2003-09-11,000034,13.13,13.02,13.18,12.96,3578,2536073.0,1.67,-1.06,-0.14,0.42
2003-09-12,000034,13.02,12.64,13.04,12.62,7086,4886729.0,3.23,-2.92,-0.38,0.84
2003-09-15,000034,12.48,12.29,12.66,12.2,5579,3735905.0,3.64,-2.77,-0.35,0.66
2003-09-16,000034,12.31,12.64,12.69,12.31,4196,2847530.25,3.09,2.85,0.35,0.5
2003-09-17,000034,12.64,12.38,12.64,12.35,2316,1561042.0,2.29,-2.06,-0.26,0.27
2003-09-18,000034,12.35,12.29,12.46,12.22,2610,1743265.25,1.94,-0.73,-0.09,0.31
2003-09-19,000034,12.31,12.48,12.49,12.31,2419,1617968.12,1.46,1.55,0.19,0.29
2003-09-22,000034,12.48,12.31,12.48,12.26,1706,1139726.88,1.76,-1.36,-0.17,0.2
2003-09-23,000034,12.31,12.53,12.55,12.31,2083,1401220.38,1.95,1.79,0.22,0.25
2003-09-24,000034,12.49,12.76,12.86,12.42,3667,2511051.75,3.51,1.84,0.23,0.43
2003-09-25,000034,12.73,12.4,12.75,12.38,2232,1510661.88,2.9,-2.82,-0.36,0.26
2003-09-26,000034,12.35,12.33,12.4,12.31,1800,1201030.12,0.73,-0.56,-0.07,0.21
2003-09-29,000034,12.33,11.95,12.33,11.93,2788,1812522.0,3.24,-3.08,-0.38,0.33
2003-09-30,000034,11.84,11.26,11.84,10.81,9631,5802589.0,8.62,-5.77,-0.69,1.14
2003-10-08,000034,11.12,11.03,11.12,10.83,5260,3116176.75,2.58,-2.04,-0.23,0.62
2003-10-09,000034,11.08,11.21,11.41,11.03,5554,3380221.5,3.45,1.63,0.18,0.66
2003-10-10,000034,11.21,11.46,11.48,11.14,4945,3032635.0,3.03,2.23,0.25,0.58
2003-10-13,000034,11.44,11.28,11.44,11.26,3504,2141932.5,1.57,-1.57,-0.18,0.41
2003-10-14,000034,11.26,11.12,11.39,11.05,2700,1631422.75,3.01,-1.42,-0.16,0.32
2003-10-15,000034,11.3,11.35,11.91,11.25,7276,4535776.5,5.94,2.07,0.23,0.86
2003-10-16,000034,11.35,11.14,11.39,11.12,2963,1788163.75,2.38,-1.85,-0.21,0.35
2003-10-17,000034,11.15,11.21,11.3,11.15,2093,1267724.0,1.35,0.63,0.07,0.25
2003-10-20,000034,11.12,11.01,11.12,10.9,3262,1928383.88,1.96,-1.78,-0.2,0.39
2003-10-21,000034,10.96,11.1,11.23,10.94,1368,815362.12,2.63,0.82,0.09,0.16
2003-10-22,000034,11.25,11.41,11.48,11.1,5406,3290144.75,3.42,2.79,0.31,0.64
2003-10-23,000034,11.37,11.19,11.52,11.15,3231,1974929.38,3.24,-1.93,-0.22,0.38
2003-10-24,000034,11.39,11.06,11.39,10.97,2921,1741467.88,3.75,-1.16,-0.13,0.35
2003-10-27,000034,11.06,10.41,11.06,10.23,6218,3530460.5,7.5,-5.88,-0.65,0.73
2003-10-28,000034,10.21,9.67,10.4,9.51,7595,4001560.0,8.55,-7.11,-0.74,0.9
2003-10-29,000034,9.69,9.36,9.82,9.31,6361,3250381.25,5.27,-3.21,-0.31,0.75
2003-10-30,000034,9.31,9.29,9.56,9.09,4315,2154890.5,5.02,-0.75,-0.07,0.51
2003-10-31,000034,9.31,9.51,9.74,9.31,3727,1907678.38,4.63,2.37,0.22,0.44
2003-11-03,000034,9.36,9.45,9.58,9.31,3610,1829062.12,2.84,-0.63,-0.06,0.43
2003-11-04,000034,9.47,9.6,9.78,9.33,8527,4375229.5,4.76,1.59,0.15,1.01
2003-11-05,000034,9.58,9.31,9.76,9.09,5489,2782361.5,6.98,-3.02,-0.29,0.65
2003-11-06,000034,9.27,8.62,9.31,8.5,7975,3736958.75,8.7,-7.41,-0.69,0.94
2003-11-07,000034,8.59,8.93,8.97,8.24,9907,4592922.5,8.47,3.6,0.31,1.17
2003-11-10,000034,8.91,8.68,8.91,8.5,3748,1737377.25,4.59,-2.8,-0.25,0.44
2003-11-11,000034,8.66,8.5,8.68,8.3,6163,2783738.75,4.38,-2.07,-0.18,0.73
2003-11-12,000034,8.44,8.31,8.51,8.26,4166,1862558.0,2.94,-2.24,-0.19,0.49
2003-11-13,000034,8.28,8.51,8.71,8.24,5827,2650627.25,5.66,2.41,0.2,0.69
2003-11-14,000034,8.41,9.0,9.04,8.33,13563,6378923.5,8.34,5.76,0.49,1.6
2003-11-17,000034,8.93,8.82,8.95,8.77,4390,2081314.5,2.0,-2.0,-0.18,0.52
2003-11-18,000034,8.91,8.75,8.91,8.73,4332,2044768.25,2.04,-0.79,-0.07,0.51
2003-11-19,000034,8.75,9.6,9.6,8.75,19253,9731309.0,9.71,9.71,0.85,2.27
2003-11-20,000034,9.89,10.54,10.54,9.85,49681,27607756.0,7.19,9.79,0.94,5.87
2003-11-21,000034,10.87,10.45,11.26,10.14,51008,29410840.0,10.63,-0.85,-0.09,6.03
2003-11-24,000034,10.36,10.68,10.87,10.03,22887,12938511.0,8.04,2.2,0.23,2.7
2003-11-25,000034,10.58,10.99,11.63,10.3,39610,23300396.0,12.45,2.9,0.31,4.68
2003-11-26,000034,10.94,10.87,11.06,10.63,21760,12662131.0,3.91,-1.09,-0.12,2.57
2003-11-27,000034,10.85,10.29,10.85,10.23,17328,9791874.0,5.7,-5.34,-0.58,2.05
2003-11-28,000034,10.29,10.54,10.83,10.27,12518,7108537.5,5.44,2.43,0.25,1.48
2003-12-01,000034,10.29,10.88,11.05,10.29,13999,8136049.5,7.21,3.23,0.34,1.65
2003-12-02,000034,11.17,11.06,11.75,11.06,35911,22056520.0,6.34,1.65,0.18,4.24
2003-12-03,000034,10.96,11.01,11.32,10.79,16336,9817674.0,4.79,-0.45,-0.05,1.93
2003-12-04,000034,11.01,11.64,11.7,10.85,18958,11493496.0,7.72,5.72,0.63,2.24
2003-12-05,000034,11.75,11.66,11.86,11.32,25207,15866006.0,4.64,0.17,0.02,2.98
2003-12-08,000034,11.63,11.77,12.1,11.44,16872,10766561.0,5.66,0.94,0.11,1.99
2003-12-09,000034,11.77,11.64,11.77,11.44,7996,5005609.0,2.8,-1.1,-0.13,0.94
2003-12-10,000034,12.13,11.91,12.38,11.75,22177,14335932.0,5.41,2.32,0.27,2.62
2003-12-11,000034,12.1,12.19,12.42,12.08,23025,15242107.0,2.85,2.35,0.28,2.72
2003-12-12,000034,12.1,11.86,12.15,11.75,9712,6245294.0,3.28,-2.71,-0.33,1.15
2003-12-15,000034,11.81,11.5,11.84,11.41,10651,6632470.0,3.63,-3.04,-0.36,1.26
2003-12-16,000034,11.44,11.46,11.66,10.9,14685,8871335.0,6.61,-0.35,-0.04,1.73
2003-12-17,000034,11.35,11.05,11.57,11.03,8375,5122079.0,4.71,-3.58,-0.41,0.99
2003-12-18,000034,11.26,11.26,11.57,11.23,15219,9342344.0,3.08,1.9,0.21,1.8
2003-12-19,000034,11.14,10.3,11.26,10.16,18841,10644459.0,9.77,-8.53,-0.96,2.23
2003-12-22,000034,10.2,10.78,10.85,9.64,18519,10205446.0,11.75,4.66,0.48,2.19
2003-12-23,000034,10.99,11.25,11.57,10.99,27764,16956772.0,5.38,4.36,0.47,3.28
2003-12-24,000034,11.25,11.26,11.37,11.03,12060,7284579.0,3.02,0.09,0.01,1.42
2003-12-25,000034,11.41,11.34,11.68,11.34,13020,8074775.0,3.02,0.71,0.08,1.54
2003-12-26,000034,11.3,11.26,11.37,11.03,7504,4523026.5,3.0,-0.71,-0.08,0.89
2003-12-29,000034,11.21,10.96,11.26,10.94,5616,3341549.5,2.84,-2.66,-0.3,0.66
2003-12-30,000034,10.78,10.67,10.97,10.59,8268,4805622.0,3.47,-2.65,-0.29,0.98
2003-12-31,000034,10.76,10.58,10.97,10.56,6427,3711778.5,3.84,-0.84,-0.09,0.76
2004-01-02,000034,10.96,10.94,11.34,10.59,10529,6289332.0,7.09,3.4,0.36,1.24
2004-01-05,000034,10.96,11.03,11.25,10.61,10953,6466792.5,5.85,0.82,0.09,1.29
2004-01-06,000034,11.12,10.72,11.19,10.56,13238,7694597.0,5.71,-2.81,-0.31,1.56
2004-01-07,000034,10.7,10.87,10.92,10.5,13480,7730441.0,3.92,1.4,0.15,1.59
2004-01-08,000034,10.85,10.97,11.12,10.58,19106,11238281.0,4.97,0.92,0.1,2.26
2004-01-09,000034,10.97,11.43,11.57,10.67,39326,23873516.0,8.2,4.19,0.46,4.65
2004-01-12,000034,11.43,11.3,11.48,11.1,12147,7365275.0,3.32,-1.14,-0.13,1.43
2004-01-13,000034,11.66,11.66,12.02,11.44,33860,21451598.0,5.13,3.19,0.36,4.0
2004-01-14,000034,12.02,12.26,12.8,12.02,50154,33692740.0,6.69,5.15,0.6,5.92
2004-01-15,000034,12.28,12.11,12.51,12.04,20615,13586318.0,3.83,-1.22,-0.15,2.44
2004-01-16,000034,12.22,12.24,12.44,12.13,14349,9551319.0,2.56,1.07,0.13,1.69
2004-01-29,000034,12.2,12.64,12.73,12.11,12512,8443086.0,5.07,3.27,0.4,1.48
2004-01-30,000034,12.91,12.75,13.8,12.75,41150,29437786.0,8.31,0.87,0.11,4.86
2004-02-02,000034,12.78,12.84,13.13,12.42,23917,16528893.0,5.57,0.71,0.09,2.83
2004-02-03,000034,12.75,12.82,12.84,12.44,18247,12439981.0,3.12,-0.16,-0.02,2.16
2004-02-04,000034,13.27,13.4,13.8,13.11,41657,30200954.0,5.38,4.52,0.58,4.92
2004-02-05,000034,13.47,13.34,13.62,13.11,21368,15375278.0,3.81,-0.45,-0.06,2.52
2004-02-06,000034,13.34,12.84,13.34,12.84,20343,14332986.0,3.75,-3.75,-0.5,2.4
2004-02-09,000034,12.8,13.27,13.29,12.57,22363,15762503.0,5.61,3.35,0.43,2.64
2004-02-10,000034,13.72,14.07,14.47,13.72,71082,54326384.0,5.65,6.03,0.8,8.4
2004-02-11,000034,13.98,13.89,14.14,13.4,28989,21452682.0,5.26,-1.28,-0.18,3.42
2004-02-12,000034,13.47,13.16,13.47,12.93,48629,34831508.0,3.89,-5.26,-0.73,5.74
2004-02-13,000034,13.69,13.38,13.94,13.31,34760,25646128.0,4.79,1.67,0.22,4.11
2004-02-16,000034,13.38,13.83,13.83,13.04,29437,21669290.0,5.9,3.36,0.45,3.48
2004-02-17,000034,14.28,14.14,14.68,14.12,69132,53834132.0,4.05,2.24,0.31,8.17
2004-02-18,000034,14.01,14.37,14.54,13.83,36739,28475630.0,5.02,1.63,0.23,4.34
2004-02-19,000034,14.32,14.63,14.66,14.1,36471,28498800.0,3.9,1.81,0.26,4.31
2004-02-20,000034,14.57,14.47,14.61,14.19,18597,14569784.0,2.87,-1.09,-0.16,2.2
2004-02-23,000034,14.47,14.07,14.68,14.05,25817,20149614.0,4.35,-2.76,-0.4,3.05
2004-02-24,000034,13.83,13.67,14.1,13.52,22123,16473511.0,4.12,-2.84,-0.4,2.61
2004-02-25,000034,13.63,13.43,14.01,13.22,15665,11623959.0,5.78,-1.76,-0.24,1.85
2004-02-26,000034,12.71,13.11,13.47,12.71,16339,11664307.0,5.66,-2.38,-0.32,1.93
2004-02-27,000034,13.11,13.34,13.42,13.11,10478,7532435.5,2.36,1.75,0.23,1.24
2004-03-01,000034,13.43,13.65,13.65,13.11,13134,9601836.0,4.05,2.32,0.31,1.55
2004-03-02,000034,13.65,13.45,13.65,13.29,12221,8893686.0,2.64,-1.47,-0.2,1.44
2004-03-03,000034,13.45,13.2,13.62,13.11,9814,7077256.5,3.79,-1.86,-0.25,1.16
2004-03-04,000034,13.29,13.36,13.47,13.13,10319,7455287.5,2.58,1.21,0.16,1.22
2004-03-05,000034,13.38,13.45,13.69,13.33,10571,7735646.5,2.69,0.67,0.09,1.25
2004-03-08,000034,13.51,12.76,13.51,12.71,11260,7915345.5,5.95,-5.13,-0.69,1.33
2004-03-09,000034,12.76,12.28,12.93,12.22,8823,6017792.5,5.56,-3.76,-0.48,1.04
2004-03-10,000034,12.17,12.67,12.69,12.17,8014,5391970.5,4.23,3.18,0.39,0.95
2004-03-11,000034,12.67,12.96,13.11,12.48,10944,7569596.0,4.97,2.29,0.29,1.29
2004-03-12,000034,12.84,12.69,12.93,12.66,6984,4812409.0,2.08,-2.08,-0.27,0.82
2004-03-15,000034,12.71,12.96,13.05,12.6,10291,7172078.5,3.55,2.13,0.27,1.22
2004-03-16,000034,12.93,13.05,13.14,12.93,9870,6966995.0,1.62,0.69,0.09,1.17
2004-03-17,000034,13.2,13.25,13.33,13.02,11745,8390372.0,2.38,1.53,0.2,1.39
2004-03-18,000034,13.24,12.78,13.36,12.69,10902,7732162.0,5.06,-3.55,-0.47,1.29
2004-03-19,000034,12.66,13.02,13.05,12.66,7272,5066506.0,3.05,1.88,0.24,0.86
2004-03-22,000034,12.98,13.14,13.22,12.98,6276,4450553.5,1.84,0.92,0.12,0.74
2004-03-23,000034,13.14,13.13,13.18,12.86,7046,4970849.0,2.44,-0.08,-0.01,0.83
2004-03-24,000034,13.09,13.04,13.25,13.0,8354,5940941.5,1.9,-0.69,-0.09,0.99
2004-03-25,000034,13.05,13.33,13.47,13.04,18450,13326927.0,3.3,2.22,0.29,2.18
2004-03-26,000034,13.45,13.34,13.45,13.14,10573,7613296.5,2.33,0.08,0.01,1.25
2004-03-29,000034,13.47,13.13,13.56,13.11,8651,6230941.5,3.37,-1.57,-0.21,1.02
2004-03-30,000034,13.11,13.49,13.51,13.04,13992,10049153.0,3.58,2.74,0.36,1.65
2004-03-31,000034,13.38,13.72,13.9,13.38,30450,22654238.0,3.85,1.7,0.23,3.6
2004-04-01,000034,13.81,13.65,13.9,13.6,13156,9785688.0,2.19,-0.51,-0.07,1.55
2004-04-02,000034,13.69,14.1,14.28,13.69,33710,25580298.0,4.32,3.3,0.45,3.98
2004-04-05,000034,14.28,14.37,14.47,13.98,36535,28327280.0,3.48,1.91,0.27,4.32
2004-04-06,000034,14.36,14.25,14.41,13.99,17279,13266560.0,2.92,-0.84,-0.12,2.04
2004-04-07,000034,14.23,13.87,14.28,13.85,17314,13194136.0,3.02,-2.67,-0.38,2.05
2004-04-08,000034,13.83,13.62,14.05,13.6,15685,11756949.0,3.24,-1.8,-0.25,1.85
2004-04-09,000034,13.58,13.24,13.69,13.11,17083,12402434.0,4.26,-2.79,-0.38,2.02
2004-04-12,000034,13.24,13.36,13.47,13.11,8555,6159096.0,2.72,0.91,0.12,1.01
2004-04-13,000034,13.43,13.22,13.62,13.16,7392,5353345.5,3.44,-1.05,-0.14,0.87
2004-04-14,000034,12.58,11.91,12.58,11.91,35260,22918972.0,5.07,-9.91,-1.31,4.16
2004-04-15,000034,11.63,11.15,11.84,10.99,30680,18709000.0,7.14,-6.38,-0.76,3.62
2004-04-16,000034,10.99,11.34,11.41,10.9,15735,9491250.0,4.57,1.7,0.19,1.86
2004-04-19,000034,11.26,10.99,11.28,10.96,9079,5431011.5,2.82,-3.09,-0.35,1.07
2004-04-20,000034,10.99,11.14,11.25,10.94,5605,3357775.5,2.82,1.36,0.15,0.66
2004-04-21,000034,11.15,11.19,11.43,11.03,8064,4893531.5,3.59,0.45,0.05,0.95
2004-04-22,000034,11.21,11.35,11.39,11.14,5427,3299995.25,2.23,1.43,0.16,0.64
2004-04-23,000034,11.3,10.72,11.34,10.63,8505,5047776.5,6.26,-5.55,-0.63,1.0
2004-04-26,000034,10.72,10.56,10.85,10.3,7862,4461724.5,5.13,-1.49,-0.16,0.93
2004-04-27,000034,10.5,10.09,10.67,9.96,7760,4285519.5,6.72,-4.45,-0.47,0.92
2004-04-28,000034,10.09,10.3,10.43,9.92,8502,4658368.0,5.05,2.08,0.21,1.0
2004-04-29,000034,10.23,10.2,10.38,10.18,9005,4976530.5,1.94,-0.97,-0.1,1.06
2004-04-30,000034,10.03,10.43,10.45,10.03,6513,3611549.5,4.12,2.25,0.23,0.77
2004-05-10,000034,10.43,10.25,10.58,10.2,3703,2052099.0,3.64,-1.73,-0.18,0.44
2004-05-11,000034,10.25,10.47,10.49,10.2,3444,1923046.38,2.83,2.15,0.22,0.41
2004-05-12,000034,10.47,10.83,10.92,10.47,8183,4749214.5,4.3,3.44,0.36,0.97
2004-05-13,000034,10.81,10.76,10.83,10.61,4864,2799949.75,2.03,-0.65,-0.07,0.57
2004-05-14,000034,10.72,10.38,10.74,10.3,5255,2960512.0,4.09,-3.53,-0.38,0.62
2004-05-17,000034,10.21,10.49,10.59,10.21,2973,1669760.38,3.66,1.06,0.11,0.35
2004-05-18,000034,10.58,10.92,11.03,10.52,10490,6133521.5,4.86,4.1,0.43,1.24
2004-05-19,000034,10.96,10.94,11.21,10.81,12541,7471980.0,3.66,0.18,0.02,1.48
2004-05-20,000034,11.03,10.76,11.06,10.58,4863,2847473.25,4.39,-1.65,-0.18,0.57
2004-05-21,000034,10.76,10.9,10.92,10.63,4291,2499818.75,2.7,1.3,0.14,0.51
2004-05-24,000034,10.76,10.79,10.94,10.76,2260,1320143.62,1.65,-1.01,-0.11,0.27
2004-05-25,000034,10.81,10.34,10.88,10.12,6162,3485002.75,7.04,-4.17,-0.45,0.73
2004-05-26,000034,10.32,10.5,10.61,10.32,2817,1592391.5,2.8,1.55,0.16,0.33
2004-05-27,000034,10.58,10.92,10.99,10.4,10186,5967921.5,5.62,4.0,0.42,1.2
2004-05-28,000034,10.92,10.67,10.94,10.59,4810,2785326.75,3.21,-2.29,-0.25,0.57
2004-05-31,000034,10.94,11.14,11.48,10.81,19356,11729880.0,6.28,4.4,0.47,2.29
2004-06-01,000034,11.14,11.3,11.35,11.03,13956,8469251.0,2.87,1.44,0.16,1.65
2004-06-02,000034,11.32,11.46,11.59,11.12,16621,10251641.0,4.16,1.42,0.16,1.96
2004-06-03,000034,11.46,11.06,11.46,11.05,10705,6470506.5,3.58,-3.49,-0.4,1.26
2004-06-04,000034,10.99,11.12,11.26,10.94,5345,3205922.0,2.89,0.54,0.06,0.63
2004-06-07,000034,11.08,10.88,11.08,10.76,5073,2975640.25,2.88,-2.16,-0.24,0.6
2004-06-08,000034,10.76,10.85,10.97,10.63,3578,2086133.88,3.13,-0.28,-0.03,0.42
2004-06-09,000034,10.85,10.21,10.85,10.18,9173,5135713.5,6.18,-5.9,-0.64,1.08
2004-06-10,000034,10.21,10.21,10.43,10.03,5107,2808923.25,3.92,0.0,0.0,0.6
2004-06-11,000034,10.21,10.27,10.59,10.21,4297,2407908.75,3.72,0.59,0.06,0.51
2004-06-14,000034,10.36,9.62,10.36,9.49,6074,3206866.0,8.47,-6.33,-0.65,0.72
2004-06-15,000034,9.76,9.83,9.96,9.58,3984,2084438.75,3.95,2.18,0.21,0.47
2004-06-16,000034,9.85,9.89,10.0,9.67,3301,1753152.62,3.36,0.61,0.06,0.39
2004-06-17,000034,9.85,9.67,10.03,9.65,2817,1478736.75,3.84,-2.22,-0.22,0.33
2004-06-18,000034,9.67,9.8,9.92,9.64,2379,1247325.62,2.9,1.34,0.13,0.28
2004-06-21,000034,9.83,10.02,10.03,9.69,3290,1751586.12,3.47,2.24,0.22,0.39
2004-06-22,000034,10.11,10.16,10.34,10.0,6112,3358790.0,3.39,1.4,0.14,0.72
2004-06-23,000034,10.09,10.02,10.12,9.82,3185,1706786.38,2.95,-1.38,-0.14,0.38
2004-06-24,000034,9.98,9.92,10.18,9.85,3801,2049370.12,3.29,-1.0,-0.1,0.45
2004-06-25,000034,9.85,9.6,9.94,9.58,3485,1823729.25,3.63,-3.23,-0.32,0.41
2004-06-28,000034,9.54,9.09,9.73,8.97,4823,2386704.0,7.92,-5.31,-0.51,0.57
2004-06-30,000034,9.13,9.07,9.31,9.04,3598,1773226.75,2.97,-0.22,-0.02,0.43
2004-07-01,000034,9.07,9.33,9.36,9.0,4405,2191054.25,3.97,2.87,0.26,0.52
2004-07-02,000034,9.35,9.26,9.35,9.13,3851,1909413.25,2.36,-0.75,-0.07,0.45
2004-07-05,000034,9.35,9.27,9.35,9.18,1711,851125.19,1.84,0.11,0.01,0.2
2004-07-06,000034,9.31,9.33,9.44,9.24,3631,1818383.0,2.16,0.65,0.06,0.43
2004-07-07,000034,9.31,9.09,9.31,9.07,2573,1262147.0,2.57,-2.57,-0.24,0.3
2004-07-08,000034,9.09,9.07,9.13,8.95,2927,1417509.62,1.98,-0.22,-0.02,0.35
2004-07-09,000034,9.13,8.79,9.13,8.68,5484,2605531.5,4.96,-3.09,-0.28,0.65
2004-07-12,000034,8.79,8.44,8.79,8.41,3976,1808364.62,4.32,-3.98,-0.35,0.47
2004-07-13,000034,8.41,8.46,8.53,8.37,2651,1197177.38,1.9,0.24,0.02,0.31
2004-07-14,000034,8.46,8.24,8.53,8.01,5410,2367778.75,6.15,-2.6,-0.22,0.64
2004-07-15,000034,8.37,9.04,9.04,8.33,11016,5270428.5,8.62,9.71,0.8,1.3
2004-07-16,000034,9.33,9.47,9.65,9.2,32459,16376457.0,4.98,4.76,0.43,3.83
2004-07-19,000034,9.36,9.64,9.76,9.22,19017,9725838.0,5.7,1.8,0.17,2.25
2004-07-20,000034,9.56,9.65,9.89,9.36,18083,9355489.0,5.5,0.1,0.01,2.14
2004-07-21,000034,9.94,9.98,10.45,9.73,32987,17884474.0,7.46,3.42,0.33,3.9
2004-07-22,000034,9.87,9.56,10.0,9.54,12572,6599207.0,4.61,-4.21,-0.42,1.48
2004-07-23,000034,9.67,10.21,10.27,9.67,32704,17737712.0,6.28,6.8,0.65,3.86
2004-07-26,000034,10.2,10.16,10.21,9.92,12701,6885150.0,2.84,-0.49,-0.05,1.5
2004-07-27,000034,10.18,10.32,10.5,10.03,23874,13287485.0,4.63,1.57,0.16,2.82
2004-07-28,000034,10.4,10.47,10.47,10.07,16117,8955448.0,3.88,1.45,0.15,1.9
2004-07-29,000034,10.58,10.68,11.39,10.58,47091,27792478.0,7.74,2.01,0.21,5.56
2004-07-30,000034,10.58,10.65,10.74,10.21,24369,13756207.0,4.96,-0.28,-0.03,2.88
2004-08-02,000034,10.4,10.47,10.65,10.32,9310,5276495.0,3.1,-1.69,-0.18,1.1
2004-08-03,000034,10.43,10.41,10.58,10.25,10270,5763991.0,3.15,-0.57,-0.06,1.21
2004-08-04,000034,10.54,10.88,11.05,10.49,20254,11834364.0,5.38,4.51,0.47,2.39
2004-08-05,000034,10.88,10.88,11.3,10.78,27398,16374003.0,4.78,0.0,0.0,3.24
2004-08-06,000034,10.88,10.74,11.17,10.67,18062,10641087.0,4.6,-1.29,-0.14,2.13
2004-08-09,000034,10.4,9.74,10.49,9.69,29620,15867755.0,7.45,-9.31,-1.0,3.5
2004-08-10,000034,9.6,10.68,10.68,9.51,37951,21137236.0,12.01,9.65,0.94,4.48
2004-08-11,000034,10.76,10.56,10.87,10.25,25666,14557607.0,5.81,-1.12,-0.12,3.03
2004-08-12,000034,10.4,10.72,10.74,10.36,21561,12331697.0,3.6,1.52,0.16,2.55
2004-08-13,000034,10.68,10.52,10.81,10.49,12734,7271929.0,2.99,-1.87,-0.2,1.5
2004-08-16,000034,10.49,10.61,10.67,9.94,17672,9795161.0,6.94,0.86,0.09,2.09
2004-08-17,000034,10.5,10.41,10.67,10.34,8793,4971664.0,3.11,-1.89,-0.2,1.04
2004-08-18,000034,10.41,10.03,10.41,10.03,11616,6355520.0,3.65,-3.65,-0.38,1.37
2004-08-19,000034,10.03,9.45,10.03,9.22,18599,9468299.0,8.08,-5.78,-0.58,2.2
2004-08-20,000034,9.44,9.11,9.45,8.88,12799,6296421.5,6.03,-3.6,-0.34,1.51
2004-08-23,000034,9.09,9.44,9.78,8.97,15799,8050362.5,8.89,3.62,0.33,1.87
2004-08-24,000034,9.38,9.53,9.76,9.31,11123,5686755.0,4.77,0.95,0.09,1.31
2004-08-25,000034,9.6,9.49,9.91,9.49,8966,4654895.0,4.41,-0.42,-0.04,1.06
2004-08-26,000034,9.49,9.09,9.49,9.09,7504,3722220.75,4.21,-4.21,-0.4,0.89
2004-08-27,000034,9.09,8.98,9.29,8.91,6049,2937571.25,4.18,-1.21,-0.11,0.71
2004-08-30,000034,8.86,9.07,9.09,8.59,6374,3029298.75,5.57,1.0,0.09,0.75
2004-08-31,000034,8.95,9.24,9.45,8.41,30082,14398357.0,11.47,1.87,0.17,3.55
2004-09-01,000034,9.13,9.02,9.27,8.95,16281,7937511.0,3.46,-2.38,-0.22,1.92
2004-09-02,000034,8.84,8.89,9.0,8.42,17746,8290770.0,6.43,-1.44,-0.13,2.1
2004-09-03,000034,8.86,8.62,8.88,8.55,12919,6020717.0,3.71,-3.04,-0.27,1.53
2004-09-06,000034,8.51,8.62,8.64,8.42,9231,4210182.5,2.55,0.0,0.0,1.09
2004-09-07,000034,8.62,8.66,8.69,8.53,5622,2600067.5,1.86,0.46,0.04,0.66
2004-09-08,000034,8.64,8.59,8.69,8.48,6201,2840229.0,2.42,-0.81,-0.07,0.73
2004-09-09,000034,8.55,8.22,8.55,8.22,9021,4010448.5,3.84,-4.31,-0.37,1.07
2004-09-10,000034,8.03,8.08,8.21,7.95,9486,4090679.0,3.16,-1.7,-0.14,1.12
2004-09-13,000034,8.04,7.54,8.04,7.41,14113,5755130.5,7.8,-6.68,-0.54,1.67
2004-09-14,000034,7.5,7.86,8.1,7.5,14739,6190948.5,7.96,4.24,0.32,1.74
2004-09-15,000034,7.83,8.62,8.62,7.79,36026,16224908.0,10.56,9.67,0.76,4.26
2004-09-16,000034,8.66,8.68,8.73,8.42,24741,11399172.0,3.6,0.7,0.06,2.92
2004-09-17,000034,8.69,8.97,9.02,8.48,29785,14049983.0,6.22,3.34,0.29,3.52
2004-09-20,000034,9.04,9.36,9.4,8.77,35758,17439434.0,7.02,4.35,0.39,4.22
2004-09-21,000034,9.35,9.62,9.85,8.95,36080,18528768.0,9.62,2.78,0.26,4.26
2004-09-22,000034,9.76,9.38,10.11,9.31,31431,16356275.0,8.32,-2.49,-0.24,3.71
2004-09-23,000034,9.33,9.54,9.56,8.98,19332,9591033.0,6.18,1.71,0.16,2.28
2004-09-24,000034,9.56,8.97,9.67,8.95,24975,12535960.0,7.55,-5.97,-0.57,2.95
2004-09-27,000034,8.98,8.62,9.22,8.44,13474,6325809.5,8.7,-3.9,-0.35,1.59
2004-09-28,000034,8.59,8.44,8.68,8.26,9938,4474340.5,4.87,-2.09,-0.18,1.17
2004-09-29,000034,8.46,8.59,8.62,8.22,10545,4800252.0,4.74,1.78,0.15,1.25
2004-09-30,000034,8.59,8.06,8.6,8.04,10942,4883636.5,6.52,-6.17,-0.53,1.29
2004-10-08,000034,7.95,8.33,8.35,7.95,5343,2328525.75,4.96,3.35,0.27,0.63
2004-10-11,000034,8.33,8.51,8.91,8.13,13803,6254376.0,9.36,2.16,0.18,1.63
2004-10-12,000034,8.46,8.59,8.64,8.22,9002,4053478.5,4.94,0.94,0.08,1.06
2004-10-13,000034,8.62,8.71,8.73,8.42,13077,6020532.5,3.61,1.4,0.12,1.54
2004-10-14,000034,8.73,7.99,8.77,7.86,9089,4032818.5,10.45,-8.27,-0.72,1.07
2004-10-15,000034,7.95,7.95,8.19,7.77,6783,2881301.25,5.26,-0.5,-0.04,0.8
2004-10-18,000034,7.97,7.93,8.13,7.77,4273,1808589.25,4.53,-0.25,-0.02,0.5
2004-10-19,000034,8.03,7.9,8.13,7.88,6115,2626291.0,3.15,-0.38,-0.03,0.72
2004-10-20,000034,7.83,7.68,7.9,7.52,8157,3313739.0,4.81,-2.78,-0.22,0.96
2004-10-21,000034,7.68,7.16,7.75,7.14,11777,4612930.0,7.94,-6.77,-0.52,1.39
2004-10-22,000034,7.1,6.8,7.1,6.47,16783,5953528.0,8.8,-5.03,-0.36,1.98
2004-10-25,000034,6.78,6.87,7.05,6.61,9929,3615420.75,6.47,1.03,0.07,1.17
2004-10-26,000034,6.85,6.83,6.89,6.52,8732,3106457.0,5.39,-0.58,-0.04,1.03
2004-10-27,000034,6.81,7.36,7.48,6.63,21130,7995894.5,12.45,7.76,0.53,2.5
2004-10-28,000034,7.3,7.25,7.5,7.07,16379,6366827.0,5.84,-1.49,-0.11,1.93
2004-10-29,000034,6.96,6.98,7.25,6.87,13068,4932502.5,5.24,-3.72,-0.27,1.54
2004-11-01,000034,6.9,7.03,7.14,6.83,5680,2118281.75,4.44,0.72,0.05,0.67
2004-11-02,000034,7.05,7.23,7.25,6.9,7341,2775840.5,4.98,2.84,0.2,0.87
2004-11-03,000034,7.23,7.27,7.3,6.99,9338,3580756.75,4.29,0.55,0.04,1.1
2004-11-04,000034,7.27,6.99,7.59,6.98,15168,5968984.5,8.39,-3.85,-0.28,1.79
2004-11-05,000034,7.19,7.66,7.66,7.19,35066,14148312.0,6.72,9.59,0.67,4.14
2004-11-08,000034,7.65,7.66,7.99,7.5,53008,21969716.0,6.4,0.0,0.0,6.26
2004-11-09,000034,7.59,8.03,8.33,7.5,38578,16236829.0,10.84,4.83,0.37,4.56
2004-11-10,000034,7.92,8.37,8.46,7.81,46172,20058418.0,8.09,4.23,0.34,5.45
2004-11-11,000034,8.28,8.12,8.41,8.08,36704,16200456.0,3.94,-2.99,-0.25,4.34
2004-11-12,000034,7.97,7.97,8.1,7.84,22816,9706089.0,3.2,-1.85,-0.15,2.69
2004-11-15,000034,7.97,8.06,8.13,7.84,16441,7023740.0,3.64,1.13,0.09,1.94
2004-11-16,000034,8.06,7.86,8.1,7.77,15386,6471590.5,4.09,-2.48,-0.2,1.82
2004-11-17,000034,7.86,7.63,7.86,7.59,13572,5563041.0,3.44,-2.93,-0.23,1.6
2004-11-18,000034,7.59,7.75,7.83,7.54,9554,3941481.5,3.8,1.57,0.12,1.13
2004-11-19,000034,7.75,7.99,8.01,7.72,15245,6435330.0,3.74,3.1,0.24,1.8
2004-11-22,000034,7.99,8.21,8.31,7.86,24611,10651516.0,5.63,2.75,0.22,2.91
2004-11-23,000034,8.15,7.99,8.17,7.92,13504,5790817.0,3.05,-2.68,-0.22,1.6
2004-11-24,000034,7.97,7.86,8.19,7.83,13732,5891750.5,4.51,-1.63,-0.13,1.62
2004-11-25,000034,7.77,7.61,7.84,7.54,11726,4796304.0,3.82,-3.18,-0.25,1.39
2004-11-26,000034,7.68,7.79,8.04,7.68,16302,6892549.0,4.73,2.37,0.18,1.93
2004-11-29,000034,7.83,7.83,8.03,7.75,10482,4414292.5,3.59,0.51,0.04,1.24
2004-11-30,000034,7.79,8.19,8.28,7.7,33417,14447461.0,7.41,4.6,0.36,3.95
2004-12-01,000034,8.15,8.33,8.5,8.08,36005,15962326.0,5.13,1.71,0.14,4.25
2004-12-02,000034,8.33,8.48,8.75,8.19,44524,20283378.0,6.72,1.8,0.15,5.26
2004-12-03,000034,8.51,8.64,8.69,8.26,35758,16207126.0,5.07,1.89,0.16,4.22
2004-12-06,000034,8.53,8.3,8.57,8.15,17973,8057262.0,4.86,-3.94,-0.34,2.12
2004-12-07,000034,8.3,8.37,8.46,8.15,15901,7077751.0,3.73,0.84,0.07,1.88
2004-12-08,000034,8.31,8.22,8.51,8.19,9062,4019776.25,3.82,-1.79,-0.15,1.07
2004-12-09,000034,8.22,8.1,8.22,7.9,17024,7305117.0,3.89,-1.46,-0.12,2.01
2004-12-10,000034,8.04,7.32,8.04,7.32,28014,11216613.0,8.89,-9.63,-0.78,3.31
2004-12-13,000034,7.14,7.25,7.32,6.78,16034,6034320.0,7.38,-0.96,-0.07,1.89
2004-12-14,000034,7.19,7.03,7.3,6.99,7749,2936319.0,4.28,-3.03,-0.22,0.92
2004-12-15,000034,7.01,6.85,7.14,6.69,10068,3670849.75,6.4,-2.56,-0.18,1.19
2004-12-16,000034,6.78,6.81,6.99,6.74,6295,2290581.5,3.65,-0.58,-0.04,0.74
2004-12-17,000034,6.8,6.94,7.05,6.8,7561,2795631.0,3.67,1.91,0.13,0.89
2004-12-20,000034,6.92,7.12,7.16,6.81,6616,2475350.0,5.04,2.59,0.18,0.78
2004-12-21,000034,7.12,7.3,7.63,7.03,20232,7932510.5,8.43,2.53,0.18,2.39
2004-12-22,000034,7.23,7.43,7.46,7.12,24374,9470539.0,4.66,1.78,0.13,2.88
2004-12-23,000034,7.41,7.12,7.41,7.08,8900,3416989.5,4.44,-4.17,-0.31,1.05
2004-12-24,000034,7.1,7.08,7.23,7.05,5744,2184190.0,2.53,-0.56,-0.04,0.68
2004-12-27,000034,7.08,7.16,7.16,6.92,6483,2421279.25,3.39,1.13,0.08,0.77
2004-12-28,000034,7.16,7.18,7.27,7.05,10413,3980763.0,3.07,0.28,0.02,1.23
2004-12-29,000034,7.18,7.23,7.37,7.08,8639,3331910.25,4.04,0.7,0.05,1.02
2004-12-30,000034,7.23,6.9,7.23,6.87,9184,3407656.25,4.98,-4.56,-0.33,1.08
2004-12-31,000034,6.9,6.52,6.98,6.51,10069,3555863.25,6.81,-5.51,-0.38,1.19
2005-01-04,000034,6.47,6.65,6.67,6.38,5821,2032501.0,4.45,1.99,0.13,0.69
2005-01-05,000034,6.61,6.85,6.94,6.6,8237,2980335.0,5.11,3.01,0.2,0.97
2005-01-06,000034,6.74,6.8,7.01,6.69,5277,1904789.12,4.67,-0.73,-0.05,0.62
2005-01-07,000034,6.8,6.94,6.96,6.6,7405,2697622.5,5.29,2.06,0.14,0.87
2005-01-10,000034,6.99,7.14,7.19,6.99,14262,5404234.0,2.88,2.88,0.2,1.68
2005-01-11,000034,7.05,7.08,7.21,6.98,6882,2588068.75,3.22,-0.84,-0.06,0.81
2005-01-12,000034,7.08,7.07,7.12,6.89,5269,1956398.12,3.25,-0.14,-0.01,0.62
2005-01-13,000034,7.08,7.57,7.75,6.98,36731,14562115.0,10.89,7.07,0.5,4.34
2005-01-14,000034,7.5,7.27,7.54,7.23,19660,7722142.5,4.1,-3.96,-0.3,2.32
2005-01-17,000034,6.99,7.14,7.23,6.96,7502,2843687.75,3.71,-1.79,-0.13,0.89
2005-01-18,000034,7.14,7.41,7.48,7.1,14836,5823718.5,5.32,3.78,0.27,1.75
2005-01-19,000034,7.36,7.25,7.37,7.14,6895,2666429.0,3.1,-2.16,-0.16,0.81
2005-01-20,000034,7.23,6.94,7.28,6.61,13034,4807486.0,9.24,-4.28,-0.31,1.54
2005-01-21,000034,6.94,7.05,7.12,6.72,11889,4375735.0,5.76,1.59,0.11,1.4
2005-01-24,000034,7.32,7.19,7.39,7.14,9247,3550753.5,3.55,1.99,0.14,1.09
2005-01-25,000034,7.1,7.28,7.32,7.03,9577,3670684.0,4.03,1.25,0.09,1.13
2005-01-26,000034,7.19,7.1,7.28,7.1,4266,1627824.0,2.47,-2.47,-0.18,0.5
2005-01-27,000034,7.07,6.78,7.07,6.78,8674,3175706.75,4.08,-4.51,-0.32,1.02
2005-01-28,000034,6.74,6.69,6.94,6.61,6092,2175132.25,4.87,-1.33,-0.09,0.72
2005-01-31,000034,6.78,6.47,6.78,6.38,4617,1588213.12,5.98,-3.29,-0.22,0.55
2005-02-01,000034,6.51,5.85,6.6,5.85,11607,3710157.5,11.59,-9.58,-0.62,1.37
2005-02-02,000034,5.78,6.25,6.27,5.69,10535,3363869.0,9.91,6.84,0.4,1.24
2005-02-03,000034,6.25,6.05,6.34,6.05,8630,2817111.5,4.64,-3.2,-0.2,1.02
2005-02-04,000034,5.96,6.11,6.18,5.96,7569,2453175.0,3.64,0.99,0.06,0.89
2005-02-16,000034,6.22,6.25,6.32,6.13,4623,1527304.62,3.11,2.29,0.14,0.55
2005-02-17,000034,6.27,6.36,6.4,6.14,5525,1833036.88,4.16,1.76,0.11,0.65
2005-02-18,000034,6.38,6.25,6.38,6.23,4024,1335947.5,2.36,-1.73,-0.11,0.48
2005-02-21,000034,6.25,6.31,6.32,6.13,5613,1852869.25,3.04,0.96,0.06,0.66
2005-02-22,000034,6.23,6.49,6.54,6.22,11235,3824373.25,5.07,2.85,0.18,1.33
2005-02-23,000034,6.42,6.63,6.72,6.38,14943,5245292.5,5.24,2.16,0.14,1.77
2005-02-24,000034,6.56,6.6,6.69,6.51,9075,3161573.75,2.71,-0.45,-0.03,1.07
2005-02-25,000034,6.56,6.51,6.7,6.49,9532,3325204.75,3.18,-1.36,-0.09,1.13
2005-02-28,000034,6.63,6.52,6.63,6.42,6562,2277663.5,3.23,0.15,0.01,0.78
2005-03-01,000034,6.45,6.47,6.58,6.38,6941,2369457.75,3.07,-0.77,-0.05,0.82
2005-03-02,000034,6.51,6.32,6.52,6.32,5181,1769682.38,3.09,-2.32,-0.15,0.61
2005-03-03,000034,6.32,6.51,6.56,6.16,9664,3233978.0,6.33,3.01,0.19,1.14
2005-03-04,000034,6.51,6.38,6.51,6.34,7189,2448445.25,2.61,-2.0,-0.13,0.85
2005-03-07,000034,6.36,6.31,6.43,6.29,2929,984166.0,2.19,-1.1,-0.07,0.35
2005-03-08,000034,6.31,6.4,6.45,6.31,6255,2110092.75,2.22,1.43,0.09,0.74
2005-03-09,000034,6.42,6.54,6.61,6.32,12971,4462636.5,4.53,2.19,0.14,1.53
2005-03-10,000034,6.51,6.22,6.51,6.16,8313,2787403.25,5.35,-4.89,-0.32,0.98
2005-03-11,000034,6.2,6.23,6.29,6.13,6090,2004921.75,2.57,0.16,0.01,0.72
2005-03-14,000034,6.22,6.02,6.22,6.02,6465,2075136.5,3.21,-3.37,-0.21,0.76
2005-03-15,000034,6.02,6.2,6.23,5.95,9328,3010066.0,4.65,2.99,0.18,1.1
2005-03-16,000034,6.2,6.23,6.34,6.11,8607,2842639.5,3.71,0.48,0.03,1.02
2005-03-17,000034,6.38,6.22,6.51,6.2,29305,9962029.0,4.98,-0.16,-0.01,3.46
2005-03-18,000034,6.11,5.69,6.13,5.62,19667,5919188.5,8.2,-8.52,-0.53,2.32
2005-03-21,000034,5.62,5.6,5.67,5.46,6492,1911619.62,3.69,-1.58,-0.09,0.77
2005-03-22,000034,5.62,5.19,5.67,5.08,10601,2923735.5,10.54,-7.32,-0.41,1.25
2005-03-23,000034,5.19,5.19,5.38,5.0,7111,1950834.62,7.32,0.0,0.0,0.84
2005-03-24,000034,5.19,5.35,5.35,5.17,5682,1569524.0,3.47,3.08,0.16,0.67
2005-03-25,000034,5.33,5.24,5.35,5.2,3986,1102144.75,2.8,-2.06,-0.11,0.47
2005-03-28,000034,5.2,5.11,5.26,4.91,6013,1584248.88,6.68,-2.48,-0.13,0.71
2005-03-29,000034,5.08,5.09,5.22,5.08,3919,1057645.5,2.74,-0.39,-0.02,0.46
2005-03-30,000034,5.04,5.09,5.33,4.95,10460,2836933.75,7.47,0.0,0.0,1.24
2005-03-31,000034,5.04,5.31,5.35,5.0,14402,3967320.5,6.88,4.32,0.22,1.7
2005-04-01,000034,5.33,5.4,5.49,5.22,12048,3386230.5,5.08,1.69,0.09,1.42
2005-04-04,000034,5.38,5.49,5.67,5.26,24459,7146693.0,7.59,1.67,0.09,2.89
2005-04-05,000034,5.47,5.44,5.78,5.42,18617,5512155.0,6.56,-0.91,-0.05,2.2
2005-04-06,000034,5.44,5.42,5.47,5.24,11978,3372337.25,4.23,-0.37,-0.02,1.41
2005-04-07,000034,5.31,5.73,5.95,5.29,42473,12750899.0,12.18,5.72,0.31,5.02
2005-04-08,000034,5.69,5.75,5.95,5.6,27349,8303931.5,6.11,0.35,0.02,3.23
2005-04-11,000034,5.75,5.69,5.87,5.6,13100,3943387.5,4.7,-1.04,-0.06,1.55
2005-04-12,000034,5.62,5.51,5.75,5.51,6777,2001724.25,4.22,-3.16,-0.18,0.8
2005-04-13,000034,5.51,5.6,5.67,5.47,9814,2876577.0,3.63,1.63,0.09,1.16
2005-04-14,000034,5.62,5.22,5.64,5.19,14311,4023478.0,8.04,-6.79,-0.38,1.69
2005-04-15,000034,5.19,5.02,5.24,4.97,7259,1936044.62,5.17,-3.83,-0.2,0.86
2005-04-18,000034,5.06,5.11,5.19,4.99,4400,1165708.38,3.98,1.79,0.09,0.52
2005-04-19,000034,5.11,4.75,5.11,4.62,12545,3141866.5,9.59,-7.05,-0.36,1.48
2005-04-20,000034,4.7,4.48,4.73,4.43,10603,2493951.0,6.32,-5.68,-0.27,1.25
2005-04-21,000034,4.39,4.41,4.53,4.28,9575,2191281.0,5.58,-1.56,-0.07,1.13
2005-04-22,000034,4.43,4.34,4.48,4.28,6426,1459719.88,4.54,-1.59,-0.07,0.76
2005-04-25,000034,4.28,4.01,4.28,3.94,9370,1945190.62,7.83,-7.6,-0.33,1.11
2005-04-26,000034,3.97,4.15,4.17,3.9,8543,1792477.5,6.73,3.49,0.14,1.01
2005-04-27,000034,4.14,3.94,4.21,3.94,8151,1719811.5,6.51,-5.06,-0.21,0.96
2005-04-28,000034,3.88,4.1,4.24,3.58,21485,4281038.5,16.75,4.06,0.16,2.54
2005-04-29,000034,3.97,3.83,4.01,3.81,13365,2683553.0,4.88,-6.59,-0.27,1.58
2005-05-10,000034,3.65,3.65,3.65,3.65,472,88264.0,0.0,-4.7,-0.18,0.06
2005-05-11,000034,3.48,3.48,3.48,3.48,327,58206.0,0.0,-4.66,-0.17,0.04
2005-05-12,000034,3.32,3.32,3.32,3.32,127,21463.0,0.0,-4.6,-0.16,0.02
2005-05-13,000034,3.18,3.18,3.18,3.18,956,153916.0,0.0,-4.22,-0.14,0.11
2005-05-16,000034,3.03,3.03,3.09,3.03,16895,2587332.0,1.89,-4.72,-0.15,2.0
2005-05-17,000034,2.94,3.09,3.11,2.92,23841,3659907.0,6.27,1.98,0.06,2.82
2005-05-18,000034,3.03,3.23,3.23,3.01,24565,3957107.5,7.12,4.53,0.14,2.9
2005-05-19,000034,3.23,3.25,3.36,3.2,15636,2611004.25,4.95,0.62,0.02,1.85
2005-05-20,000034,3.2,3.11,3.23,3.11,12030,1916710.12,3.69,-4.31,-0.14,1.42
2005-05-23,000034,3.07,2.98,3.07,2.96,9680,1449583.38,3.54,-4.18,-0.13,1.14
2005-05-24,000034,2.92,3.12,3.12,2.92,16151,2547804.75,6.71,4.7,0.14,1.91
2005-05-25,000034,3.14,3.27,3.27,3.09,21684,3509290.75,5.77,4.81,0.15,2.56
2005-05-26,000034,3.25,3.21,3.27,3.16,13887,2248386.25,3.36,-1.83,-0.06,1.64
2005-05-27,000034,3.23,3.21,3.34,3.21,16753,2782264.5,4.05,0.0,0.0,1.98
2005-05-30,000034,3.16,3.16,3.21,3.09,8339,1326504.25,3.74,-1.56,-0.05,0.99
2005-05-31,000034,3.16,3.23,3.25,3.16,8482,1386445.5,2.85,2.22,0.07,1.0
2005-06-01,000034,3.21,3.11,3.25,3.09,8941,1413221.25,4.95,-3.72,-0.12,1.06
2005-06-02,000034,3.07,3.16,3.2,3.07,6124,973396.31,4.18,1.61,0.05,0.72
2005-06-03,000034,3.12,3.14,3.16,3.11,4472,712015.25,1.58,-0.63,-0.02,0.53
2005-06-06,000034,3.09,3.12,3.14,3.03,4838,753058.62,3.5,-0.64,-0.02,0.57
2005-06-07,000034,3.11,3.18,3.21,3.03,11836,1877917.62,5.77,1.92,0.06,1.4
2005-06-08,000034,3.16,3.32,3.32,3.09,28190,4663872.0,7.23,4.4,0.14,3.33
2005-06-09,000034,3.32,3.29,3.36,3.21,27914,4647999.0,4.52,-0.9,-0.03,3.3
2005-06-10,000034,3.27,3.32,3.38,3.25,23910,4063375.75,3.95,0.91,0.03,2.82
2005-06-13,000034,3.32,3.3,3.34,3.25,8868,1482471.88,2.71,-0.6,-0.02,1.05
2005-06-14,000034,3.29,3.36,3.43,3.29,20465,3515201.25,4.24,1.82,0.06,2.42
2005-06-15,000034,3.34,3.2,3.38,3.2,13990,2310766.0,5.36,-4.76,-0.16,1.65
2005-06-16,000034,3.16,3.11,3.16,3.05,14557,2255371.0,3.44,-2.81,-0.09,1.72
2005-06-17,000034,3.11,3.01,3.12,2.96,12113,1835009.5,5.14,-3.22,-0.1,1.43
2005-06-20,000034,2.98,3.16,3.16,2.92,12206,1896540.0,7.97,4.98,0.15,1.44
2005-06-21,000034,3.14,3.09,3.18,3.07,7279,1145010.0,3.48,-2.22,-0.07,0.86
2005-06-22,000034,3.05,3.11,3.18,3.05,7945,1261724.75,4.21,0.65,0.02,0.94
2005-06-23,000034,3.05,3.07,3.12,3.03,7772,1206498.12,2.89,-1.29,-0.04,0.92
2005-06-27,000034,3.09,3.14,3.14,3.09,9841,1551237.0,1.63,2.28,0.07,1.16
2005-06-28,000034,3.12,3.03,3.12,3.0,10551,1614632.25,3.82,-3.5,-0.11,1.25
2005-06-29,000034,3.01,3.07,3.09,3.0,8154,1261634.75,2.97,1.32,0.04,0.96
2005-06-30,000034,3.03,2.92,3.05,2.92,10441,1557532.0,4.23,-4.89,-0.15,1.23
2005-07-01,000034,2.91,2.8,2.91,2.8,5102,716332.0,3.77,-4.11,-0.12,0.6
2005-07-04,000034,2.67,2.67,2.67,2.67,657,87381.0,0.0,-4.64,-0.13,0.08
2005-07-05,000034,2.54,2.63,2.69,2.54,6237,810290.44,5.62,-1.5,-0.04,0.74
2005-07-06,000034,2.63,2.58,2.69,2.56,6394,841256.31,4.94,-1.9,-0.05,0.76
2005-07-07,000034,2.58,2.49,2.62,2.47,10790,1334278.75,5.81,-3.49,-0.09,1.27
2005-07-08,000034,2.47,2.42,2.49,2.4,8646,1035510.12,3.61,-2.81,-0.07,1.02
2005-07-11,000034,2.4,2.31,2.51,2.31,7372,876125.19,8.26,-4.55,-0.11,0.87
2005-07-12,000034,2.27,2.35,2.36,2.22,9689,1084527.88,6.06,1.73,0.04,1.14
2005-07-13,000034,2.31,2.24,2.31,2.24,16297,1793488.75,2.98,-4.68,-0.11,1.93
2005-07-14,000034,2.2,2.25,2.27,2.16,6322,685428.69,4.91,0.45,0.01,0.75
2005-07-15,000034,2.22,2.27,2.27,2.16,15015,1625215.12,4.89,0.89,0.02,1.77
2005-07-18,000034,2.24,2.16,2.25,2.16,10078,1067971.0,3.96,-4.85,-0.11,1.19
2005-07-19,000034,2.09,2.11,2.15,2.07,9500,961398.69,3.7,-2.31,-0.05,1.12
2005-07-20,000034,2.11,2.13,2.16,2.09,8164,842050.88,3.32,0.95,0.02,0.96
2005-07-21,000034,2.11,2.18,2.18,2.11,10423,1090774.25,3.29,2.35,0.05,1.23
2005-07-22,000034,2.16,2.22,2.24,2.11,12400,1317478.12,5.96,1.83,0.04,1.46
2005-07-25,000034,2.2,2.2,2.24,2.16,7711,826054.81,3.6,-0.9,-0.02,0.91
2005-07-26,000034,2.18,2.24,2.25,2.18,9212,1003254.0,3.18,1.82,0.04,1.09
2005-07-27,000034,2.22,2.27,2.29,2.2,14244,1559612.62,4.02,1.34,0.03,1.68
2005-07-28,000034,2.25,2.29,2.36,2.25,17907,2024134.88,4.85,0.88,0.02,2.12
2005-07-29,000034,2.29,2.24,2.29,2.22,14357,1570426.0,3.06,-2.18,-0.05,1.7
2005-08-01,000034,2.22,2.18,2.22,2.18,9014,963548.0,1.79,-2.68,-0.06,1.06
2005-08-02,000034,2.18,2.27,2.27,2.18,21901,2426335.0,4.13,4.13,0.09,2.59
2005-08-03,000034,2.29,2.35,2.38,2.27,21772,2518155.0,4.85,3.52,0.08,2.57
2005-08-04,000034,2.33,2.42,2.44,2.31,33272,3895611.25,5.53,2.98,0.07,3.93
2005-08-05,000034,2.42,2.44,2.44,2.36,19869,2339733.5,3.31,0.83,0.02,2.35
2005-08-08,000034,2.42,2.54,2.54,2.38,33708,4151030.5,6.56,4.1,0.1,3.98
2005-08-09,000034,2.54,2.65,2.65,2.49,35495,4601551.5,6.3,4.33,0.11,4.19
2005-08-10,000034,2.65,2.74,2.78,2.65,59576,8216495.5,4.91,3.4,0.09,7.04
2005-08-11,000034,2.78,2.78,2.85,2.73,28736,4002257.75,4.38,1.46,0.04,3.39
2005-08-12,000034,2.78,2.67,2.85,2.65,35996,4868042.5,7.19,-3.96,-0.11,4.25
2005-08-15,000034,2.62,2.69,2.71,2.56,19200,2516228.5,5.62,0.75,0.02,2.27
2005-08-16,000034,2.69,2.82,2.82,2.69,43051,6040689.5,4.83,4.83,0.13,5.09
2005-08-17,000034,2.83,2.94,2.94,2.83,34334,5037003.0,3.9,4.26,0.12,4.06
2005-08-18,000034,3.07,2.89,3.07,2.85,16790,2581352.75,7.48,-1.7,-0.05,1.98
2005-08-19,000034,2.78,2.92,3.01,2.76,29529,4366808.0,8.65,1.04,0.03,3.49
2005-08-22,000034,2.92,3.05,3.05,2.91,26484,3993078.25,4.79,4.45,0.13,3.13
2005-08-23,000034,3.07,3.2,3.2,3.05,35801,5736539.5,4.92,4.92,0.15,4.23
2005-08-24,000034,3.25,3.34,3.34,3.11,34840,5763579.0,7.19,4.38,0.14,4.12
2005-08-25,000034,3.47,3.5,3.5,3.34,34728,6131883.0,4.79,4.79,0.16,4.1
2005-08-26,000034,3.56,3.67,3.67,3.56,24273,4548313.5,3.14,4.86,0.17,2.87
2005-08-29,000034,3.83,3.5,3.83,3.5,65282,12439602.0,8.99,-4.63,-0.17,7.71
2005-08-30,000034,3.45,3.34,3.45,3.34,9839,1676780.0,3.14,-4.57,-0.16,1.16
2005-08-31,000034,3.2,3.2,3.2,3.2,2510,406620.0,0.0,-4.19,-0.14,0.3
2005-09-01,000034,3.09,3.23,3.34,3.09,37119,6023275.0,7.81,0.94,0.03,4.38
2005-09-02,000034,3.2,3.36,3.36,3.2,23786,3988350.75,4.95,4.02,0.13,2.81
2005-09-05,000034,3.29,3.52,3.52,3.29,24038,4289075.0,6.85,4.76,0.16,2.84
2005-09-06,000034,3.61,3.41,3.68,3.39,46380,8644863.0,8.24,-3.13,-0.11,5.48
2005-09-07,000034,3.34,3.58,3.58,3.3,28987,5164090.0,8.21,4.99,0.17,3.42
2005-09-08,000034,3.52,3.52,3.58,3.43,18491,3312684.0,4.19,-1.68,-0.06,2.18
2005-09-09,000034,3.52,3.63,3.68,3.52,21491,3981106.25,4.55,3.13,0.11,2.54
2005-09-12,000034,3.63,3.77,3.79,3.54,43024,8219086.0,6.89,3.86,0.14,5.08
2005-09-13,000034,3.79,3.96,3.96,3.79,39916,8071798.5,4.51,5.04,0.19,4.71
2005-09-14,000034,4.03,3.99,4.06,3.77,48256,9612335.0,7.32,0.76,0.03,5.7
2005-09-15,000034,3.92,4.06,4.15,3.81,38052,7956238.5,8.52,1.75,0.07,4.49
2005-09-16,000034,4.06,4.21,4.24,3.99,36486,7819105.5,6.16,3.69,0.15,4.31
2005-09-19,000034,4.19,4.41,4.41,4.15,30704,6908120.0,6.18,4.75,0.2,3.63
2005-09-20,000034,4.43,4.61,4.61,4.43,44269,10479130.0,4.08,4.54,0.2,5.23
2005-09-21,000034,4.64,4.39,4.79,4.39,52055,12457594.0,8.68,-4.77,-0.22,6.15
2005-09-22,000034,4.24,4.19,4.32,4.19,15512,3380300.5,2.96,-4.56,-0.2,1.83
2005-09-23,000034,3.99,3.99,3.99,3.99,4962,1022172.0,0.0,-4.77,-0.2,0.59
2005-09-26,000034,3.81,3.81,3.81,3.81,3467,679532.0,0.0,-4.51,-0.18,0.41
2005-09-27,000034,3.63,3.77,3.97,3.63,44769,8621178.0,8.92,-1.05,-0.04,5.29
2005-09-28,000034,3.63,3.59,3.72,3.59,18573,3436607.0,3.45,-4.77,-0.18,2.19
2005-09-29,000034,3.45,3.68,3.72,3.45,19330,3583969.0,7.52,2.51,0.09,2.28
2005-09-30,000034,3.68,3.7,3.81,3.52,22887,4345195.5,7.88,0.54,0.02,2.7
2005-10-10,000034,3.61,3.56,3.67,3.54,11542,2112164.0,3.51,-3.78,-0.14,1.36
2005-10-11,000034,3.52,3.7,3.72,3.39,9919,1845876.25,9.27,3.93,0.14,1.17
2005-10-12,000034,3.7,3.79,3.88,3.68,25589,5040159.0,5.41,2.43,0.09,3.02
2005-10-13,000034,3.77,3.61,3.88,3.61,42932,8009133.0,7.12,-4.75,-0.18,5.07
2005-10-14,000034,3.45,3.45,3.54,3.45,25956,4589157.0,2.49,-4.43,-0.16,3.07
2005-10-17,000034,3.32,3.29,3.45,3.29,18795,3166689.0,4.64,-4.64,-0.16,2.22
2005-10-19,000034,3.43,3.43,3.43,3.43,3656,639782.5,0.0,4.26,0.14,0.43
2005-10-20,000034,3.59,3.59,3.59,3.59,6181,1137340.75,0.0,4.66,0.16,0.73
2005-10-21,000034,3.76,3.56,3.76,3.5,33640,6301560.0,7.24,-0.84,-0.03,3.97
2005-10-24,000034,3.56,3.72,3.72,3.52,19215,3636461.25,5.62,4.49,0.16,2.27
2005-10-25,000034,3.72,3.67,3.79,3.63,13184,2497352.5,4.3,-1.34,-0.05,1.56
2005-10-26,000034,3.65,3.7,3.76,3.5,27227,5044952.5,7.08,0.82,0.03,3.22
2005-10-27,000034,3.63,3.67,3.86,3.61,31063,6021911.5,6.76,-0.81,-0.03,3.67
2005-10-28,000034,3.5,3.5,3.61,3.5,12399,2225588.0,3.0,-4.63,-0.17,1.46
2005-10-31,000034,3.34,3.58,3.61,3.34,19381,3366494.25,7.71,2.29,0.08,2.29
2005-11-01,000034,3.5,3.41,3.5,3.41,11243,1966018.38,2.51,-4.75,-0.17,1.33
2005-11-02,000034,3.58,3.5,3.58,3.43,11781,2107425.0,4.4,2.64,0.09,1.39
2005-11-03,000034,3.48,3.45,3.54,3.43,9177,1629739.0,3.14,-1.43,-0.05,1.08
2005-11-04,000034,3.45,3.5,3.52,3.39,6423,1139135.5,3.77,1.45,0.05,0.76
2005-11-07,000034,3.5,3.48,3.5,3.41,4927,869099.0,2.57,-0.57,-0.02,0.58
2005-11-08,000034,3.52,3.54,3.56,3.43,12194,2185595.75,3.74,1.72,0.06,1.44
2005-11-09,000034,3.52,3.7,3.7,3.52,34718,6533323.5,5.08,4.52,0.16,4.1
2005-11-10,000034,3.67,3.61,3.81,3.56,28894,5479117.5,6.76,-2.43,-0.09,3.41
2005-11-11,000034,3.58,3.54,3.58,3.45,18419,3282344.0,3.6,-1.94,-0.07,2.18
2005-11-14,000034,3.52,3.52,3.52,3.39,11559,2038963.88,3.67,-0.56,-0.02,1.37
2005-11-15,000034,3.54,3.59,3.61,3.48,12337,2237721.0,3.69,1.99,0.07,1.46
2005-11-16,000034,3.58,3.52,3.58,3.45,8439,1509902.0,3.62,-1.95,-0.07,1.0
2005-11-17,000034,3.5,3.52,3.54,3.47,5312,952250.25,1.99,0.0,0.0,0.63
2005-11-18,000034,3.5,3.54,3.61,3.5,12654,2304228.25,3.13,0.57,0.02,1.49
2005-11-21,000034,3.54,3.52,3.58,3.5,10810,1948242.0,2.26,-0.56,-0.02,1.28
2005-11-22,000034,3.54,3.38,3.54,3.36,16542,2874665.5,5.11,-3.98,-0.14,1.95
2005-11-23,000034,3.3,3.38,3.41,3.29,7452,1278620.25,3.55,0.0,0.0,0.88
2005-11-24,000034,3.32,3.34,3.39,3.32,8089,1381307.75,2.07,-1.18,-0.04,0.96
2005-11-25,000034,3.32,3.41,3.43,3.3,11007,1898689.38,3.89,2.1,0.07,1.3
2005-11-28,000034,3.39,3.58,3.58,3.36,24984,4478909.5,6.45,4.99,0.17,2.95
2005-11-29,000034,3.59,3.41,3.61,3.41,19963,3532980.75,5.59,-4.75,-0.17,2.36
2005-11-30,000034,3.34,3.36,3.38,3.29,13812,2332494.25,2.64,-1.47,-0.05,1.63
2005-12-01,000034,3.34,3.34,3.39,3.3,4244,725823.56,2.68,-0.6,-0.02,0.5
2005-12-02,000034,3.34,3.21,3.36,3.2,10125,1673298.62,4.79,-3.89,-0.13,1.2
2005-12-05,000034,3.16,3.07,3.16,3.07,6180,962296.0,2.8,-4.36,-0.14,0.73
2005-12-06,000034,2.92,2.96,3.0,2.92,19240,2846145.75,2.61,-3.58,-0.11,2.27
2005-12-07,000034,2.98,3.01,3.01,2.96,8335,1257506.0,1.69,1.69,0.05,0.98
2005-12-08,000034,3.01,2.87,3.03,2.87,12832,1871600.25,5.32,-4.65,-0.14,1.52
2005-12-09,000034,2.87,2.92,2.94,2.78,13152,1882696.25,5.57,1.74,0.05,1.55
2005-12-12,000034,2.89,2.96,2.96,2.83,9244,1351869.75,4.45,1.37,0.04,1.09
2005-12-13,000034,2.94,2.98,3.0,2.91,7400,1099728.0,3.04,0.68,0.02,0.87
2005-12-14,000034,2.98,3.0,3.01,2.91,9761,1456122.0,3.36,0.67,0.02,1.15
2005-12-15,000034,2.98,3.0,3.03,2.94,9241,1401803.62,3.0,0.0,0.0,1.09
2005-12-16,000034,2.98,2.98,3.0,2.87,9649,1422465.5,4.33,-0.67,-0.02,1.14
2005-12-19,000034,2.94,3.0,3.03,2.92,7634,1144977.12,3.69,0.67,0.02,0.9
2005-12-20,000034,2.98,2.98,3.01,2.94,3732,558944.88,2.33,-0.67,-0.02,0.44
2005-12-21,000034,2.96,2.87,2.98,2.85,8646,1258716.62,4.36,-3.69,-0.11,1.02
2005-12-22,000034,2.85,2.94,2.96,2.82,7382,1076746.12,4.88,2.44,0.07,0.87
2005-12-23,000034,2.92,2.96,2.98,2.91,5529,818779.0,2.38,0.68,0.02,0.65
2005-12-26,000034,2.94,3.07,3.07,2.94,13494,2056468.88,4.39,3.72,0.11,1.59
2005-12-27,000034,3.07,3.21,3.21,3.05,35542,5763432.5,5.21,4.56,0.14,4.2
2005-12-28,000034,3.21,3.27,3.36,3.16,29748,4953409.5,6.23,1.87,0.06,3.51
2005-12-29,000034,3.3,3.21,3.3,3.16,11436,1861175.0,4.28,-1.83,-0.06,1.35
2005-12-30,000034,3.18,3.18,3.27,3.18,9835,1612471.75,2.8,-0.93,-0.03,1.16
2006-01-04,000034,3.18,3.25,3.27,3.18,9204,1508347.88,2.83,2.2,0.07,1.09
2006-01-05,000034,3.27,3.21,3.27,3.16,11013,1779654.62,3.38,-1.23,-0.04,1.3
2006-01-06,000034,3.21,3.21,3.23,3.12,11837,1896008.25,3.43,0.0,0.0,1.4
2006-01-09,000034,3.18,3.25,3.25,3.14,11664,1896610.75,3.43,1.25,0.04,1.38
2006-01-10,000034,3.23,3.21,3.27,3.18,8011,1305540.0,2.77,-1.23,-0.04,0.95
2006-01-11,000034,3.21,3.21,3.27,3.18,9046,1477732.75,2.8,0.0,0.0,1.07
2006-01-12,000034,3.2,3.18,3.2,3.07,12505,1990939.5,4.05,-0.93,-0.03,1.48
2006-01-13,000034,3.16,3.23,3.25,3.14,10485,1708828.75,3.46,1.57,0.05,1.24
2006-01-16,000034,3.23,3.3,3.38,3.18,22978,3863449.0,6.19,2.17,0.07,2.71
2006-01-17,000034,3.27,3.45,3.45,3.25,29345,5075298.0,6.06,4.55,0.15,3.47
2006-01-18,000034,3.41,3.38,3.45,3.32,18369,3167776.75,3.77,-2.03,-0.07,2.17
2006-01-19,000034,3.38,3.52,3.54,3.32,28246,5019128.0,6.51,4.14,0.14,3.34
2006-01-20,000034,3.48,3.38,3.5,3.36,15422,2705193.75,3.98,-3.98,-0.14,1.82
2006-01-23,000034,3.39,3.23,3.39,3.21,15117,2498124.5,5.33,-4.44,-0.15,1.79
2006-01-24,000034,3.18,3.09,3.21,3.09,16598,2604841.5,3.72,-4.33,-0.14,1.96
2006-01-25,000034,3.09,3.2,3.21,3.0,9310,1472515.0,6.8,3.56,0.11,1.1
2006-02-06,000034,3.16,3.23,3.25,3.16,6138,999650.19,2.81,0.94,0.03,0.72
2006-02-07,000034,3.25,3.16,3.25,3.14,11457,1843150.75,3.41,-2.17,-0.07,1.35
2006-02-08,000034,3.16,3.29,3.3,3.14,11719,1908904.25,5.06,4.11,0.13,1.38
2006-02-09,000034,3.3,3.34,3.41,3.27,17835,3050160.25,4.26,1.52,0.05,2.11
2006-02-10,000034,3.34,3.32,3.36,3.21,19620,3240104.0,4.49,-0.6,-0.02,2.32
2006-02-13,000034,3.47,3.47,3.47,3.47,12383,2191718.5,0.0,4.52,0.15,1.46
2006-02-14,000034,3.63,3.63,3.63,3.63,9272,1724629.25,0.0,4.61,0.16,1.1
2006-02-15,000034,3.79,3.5,3.79,3.47,64326,11625216.0,8.82,-3.58,-0.13,7.6
2006-02-16,000034,3.47,3.36,3.48,3.34,22046,3829737.75,4.0,-4.0,-0.14,2.6
2006-02-17,000034,3.29,3.32,3.43,3.29,14640,2505643.25,4.17,-1.19,-0.04,1.73
2006-02-20,000034,3.32,3.32,3.45,3.25,11732,2007487.25,6.02,0.0,0.0,1.39
2006-02-21,000034,3.3,3.38,3.39,3.3,12076,2055289.62,2.71,1.81,0.06,1.43
2006-02-22,000034,3.36,3.39,3.43,3.34,8435,1459455.0,2.66,0.3,0.01,1.0
2006-02-23,000034,3.41,3.52,3.56,3.38,23184,4132997.75,5.31,3.83,0.13,2.74
2006-02-24,000034,3.5,3.45,3.5,3.43,12305,2164484.0,1.99,-1.99,-0.07,1.45
2006-02-27,000034,3.45,3.5,3.54,3.43,12809,2280848.75,3.19,1.45,0.05,1.51
2006-02-28,000034,3.5,3.5,3.52,3.43,9255,1645897.62,2.57,0.0,0.0,1.09
2006-03-01,000034,3.5,3.47,3.52,3.41,12055,2123069.0,3.14,-0.86,-0.03,1.42
2006-03-02,000034,3.47,3.48,3.63,3.43,26311,4795819.0,5.76,0.29,0.01,3.11
2006-03-03,000034,3.48,3.59,3.65,3.45,29492,5435046.5,5.75,3.16,0.11,3.48
2006-03-06,000034,3.61,3.43,3.61,3.43,17495,3086135.0,5.01,-4.46,-0.16,2.07
2006-03-07,000034,3.39,3.27,3.39,3.27,21097,3554479.75,3.5,-4.66,-0.16,2.49
2006-03-08,000034,3.2,3.21,3.29,3.16,10420,1695361.75,3.98,-1.83,-0.06,1.23
2006-03-09,000034,3.23,3.23,3.27,3.2,6387,1048846.75,2.18,0.62,0.02,0.75
2006-03-10,000034,3.23,3.25,3.27,3.2,5048,832524.94,2.17,0.62,0.02,0.6
2006-03-13,000034,3.23,3.25,3.25,3.18,6021,982191.69,2.15,0.0,0.0,0.71
2006-03-14,000034,3.25,3.29,3.3,3.21,6988,1159045.5,2.77,1.23,0.04,0.83
2006-03-15,000034,3.27,3.3,3.3,3.25,5398,898215.5,1.52,0.3,0.01,0.64
2006-03-16,000034,3.3,3.25,3.3,3.25,5317,881738.38,1.52,-1.52,-0.05,0.63
2006-03-17,000034,3.21,3.14,3.25,3.12,10696,1721571.0,4.0,-3.38,-0.11,1.26
2006-03-20,000034,3.11,3.2,3.21,3.11,7706,1234230.38,3.18,1.91,0.06,0.91
2006-03-21,000034,3.2,3.2,3.23,3.16,6447,1040209.0,2.19,0.0,0.0,0.76
2006-03-22,000034,3.23,3.2,3.23,3.16,5546,895020.62,2.19,0.0,0.0,0.66
2006-03-23,000034,3.2,3.21,3.21,3.16,6971,1129563.88,1.56,0.31,0.01,0.82
2006-03-24,000034,3.21,3.2,3.21,3.14,9304,1494348.25,2.18,-0.31,-0.01,1.1
2006-03-27,000034,3.18,3.16,3.2,3.12,7574,1207727.5,2.5,-1.25,-0.04,0.89
2006-03-28,000034,3.14,3.23,3.3,3.14,12475,2044091.62,5.06,2.22,0.07,1.47
2006-03-29,000034,3.23,3.2,3.25,3.18,6976,1132030.0,2.17,-0.93,-0.03,0.82
2006-03-30,000034,3.18,3.21,3.25,3.18,5776,939445.88,2.19,0.31,0.01,0.68
2006-03-31,000034,3.21,3.09,3.21,3.07,11142,1758263.25,4.36,-3.74,-0.12,1.32
2006-04-03,000034,3.07,3.01,3.12,2.98,14050,2143817.0,4.53,-2.59,-0.08,1.66
2006-04-04,000034,2.98,3.09,3.12,2.98,7265,1127379.38,4.65,2.66,0.08,0.86
2006-04-05,000034,3.07,3.07,3.09,3.03,8065,1244613.62,1.94,-0.65,-0.02,0.95
2006-04-06,000034,3.05,3.01,3.09,2.98,9392,1435119.5,3.58,-1.95,-0.06,1.11
2006-04-07,000034,3.01,3.03,3.09,3.0,6235,955415.25,2.99,0.66,0.02,0.74
2006-04-10,000034,3.03,3.12,3.12,3.0,12636,1950086.38,3.96,2.97,0.09,1.49
2006-04-11,000034,3.11,3.2,3.25,3.11,17607,2860722.0,4.49,2.56,0.08,2.08
2006-04-12,000034,3.2,3.2,3.25,3.16,10737,1744723.62,2.81,0.0,0.0,1.27
2006-04-13,000034,3.21,3.3,3.34,3.14,25570,4204370.5,6.25,3.13,0.1,3.02
2006-04-14,000034,3.27,3.25,3.29,3.16,17389,2827714.0,3.94,-1.52,-0.05,2.05
2006-04-17,000034,3.23,3.23,3.23,3.18,9827,1598632.0,1.54,-0.62,-0.02,1.16
2006-04-18,000034,3.2,3.18,3.25,3.16,7977,1287193.38,2.79,-1.55,-0.05,0.94
2006-04-19,000034,3.18,3.09,3.18,3.03,12397,1938239.5,4.72,-2.83,-0.09,1.46
2006-04-20,000034,3.07,3.0,3.07,3.0,11243,1709595.62,2.27,-2.91,-0.09,1.33
2006-04-21,000034,2.98,3.03,3.03,2.98,7510,1133561.25,1.67,1.0,0.03,0.89
2006-04-24,000034,3.03,2.89,3.03,2.89,8457,1230753.0,4.62,-4.62,-0.14,1.0
2006-04-25,000034,2.76,2.76,2.85,2.76,13074,1813973.62,3.11,-4.5,-0.13,1.54
2006-04-26,000034,2.74,2.82,2.85,2.67,9929,1376988.12,6.52,2.17,0.06,1.17
2006-04-28,000034,2.76,2.69,2.76,2.69,21328,2874568.25,2.48,-4.61,-0.13,2.52
2006-05-08,000034,2.63,2.78,2.8,2.63,12152,1651400.75,6.32,3.35,0.09,1.44
2006-05-09,000034,2.78,2.83,2.85,2.71,15173,2107872.75,5.04,1.8,0.05,1.79
2006-05-10,000034,2.82,2.96,2.96,2.76,23173,3374310.25,7.07,4.59,0.13,2.74
2006-05-11,000034,3.01,2.94,3.05,2.91,28102,4211467.0,4.73,-0.68,-0.02,3.32
2006-05-12,000034,2.92,2.94,3.03,2.89,22440,3331597.25,4.76,0.0,0.0,2.65
2006-05-15,000034,2.92,2.98,3.0,2.92,21752,3242726.75,2.72,1.36,0.04,2.57
2006-05-16,000034,3.0,3.05,3.12,2.94,33512,5161159.5,6.04,2.35,0.07,3.96
2006-05-17,000034,3.09,3.01,3.11,2.98,14870,2258639.25,4.26,-1.31,-0.04,1.76
2006-05-18,000034,3.01,3.07,3.07,2.98,17899,2735790.75,2.99,1.99,0.06,2.11
2006-05-19,000034,3.05,3.07,3.11,3.03,16885,2620967.25,2.61,0.0,0.0,1.99
2006-05-22,000034,3.07,3.21,3.21,3.03,40541,6493694.0,5.86,4.56,0.14,4.79
2006-05-23,000034,3.21,3.23,3.32,3.18,43944,7256223.5,4.36,0.62,0.02,5.19
2006-05-24,000034,3.21,3.09,3.23,3.09,25087,3973821.0,4.33,-4.33,-0.14,2.96
2006-05-25,000034,3.03,3.07,3.07,2.98,12305,1883692.62,2.91,-0.65,-0.02,1.45
2006-05-26,000034,3.03,3.16,3.18,3.03,19103,3032798.5,4.89,2.93,0.09,2.26
2006-05-30,000034,3.3,3.3,3.3,3.3,7968,1338697.88,0.0,4.43,0.14,0.94
2006-05-31,000034,3.45,3.41,3.45,3.36,74022,12889469.0,2.73,3.33,0.11,8.74
2006-06-01,000034,3.41,3.58,3.58,3.41,25193,4572166.5,4.99,4.99,0.17,2.98
2006-06-02,000034,3.72,3.74,3.74,3.67,40911,7834659.0,1.96,4.47,0.16,4.83
2006-06-05,000034,3.86,3.92,3.92,3.83,40984,8243359.5,2.41,4.81,0.18,4.84
2006-06-06,000034,4.06,4.1,4.1,4.05,8511,1800960.62,1.28,4.59,0.18,1.01
2006-06-07,000034,4.24,3.9,4.3,3.9,49204,10268704.0,9.76,-4.88,-0.2,5.81
2006-06-08,000034,3.72,3.72,3.72,3.72,6350,1212850.0,0.0,-4.62,-0.18,0.75
2006-06-09,000034,3.54,3.54,3.67,3.54,40560,7379794.5,3.49,-4.84,-0.18,4.79
2006-06-12,000034,3.41,3.38,3.52,3.38,28729,5008025.5,3.95,-4.52,-0.16,3.39
2006-06-13,000034,3.32,3.41,3.47,3.27,17171,2944972.5,5.92,0.89,0.03,2.03
2006-06-14,000034,3.41,3.58,3.58,3.3,18570,3277708.75,8.21,4.99,0.17,2.19
2006-06-15,000034,3.59,3.5,3.61,3.48,15608,2820288.25,3.63,-2.23,-0.08,1.84
2006-06-16,000034,3.52,3.56,3.56,3.47,13137,2357070.0,2.57,1.71,0.06,1.55
2006-06-19,000034,3.39,3.5,3.54,3.39,19764,3512692.0,4.21,-1.69,-0.06,2.33
2006-06-20,000034,3.52,3.63,3.65,3.45,23157,4194247.25,5.71,3.71,0.13,2.74
2006-06-21,000034,3.61,3.48,3.61,3.47,23154,4166646.5,3.86,-4.13,-0.15,2.73
2006-06-22,000034,3.43,3.43,3.52,3.38,13203,2323474.0,4.02,-1.44,-0.05,1.56
2006-06-23,000034,3.43,3.45,3.47,3.34,12351,2145123.5,3.79,0.58,0.02,1.46
2006-06-26,000034,3.47,3.48,3.52,3.41,12687,2248040.25,3.19,0.87,0.03,1.5
2006-06-27,000034,3.48,3.56,3.63,3.47,23314,4236169.5,4.6,2.3,0.08,2.75
2006-06-28,000034,3.54,3.58,3.68,3.48,24829,4532911.0,5.62,0.56,0.02,2.93
2006-06-29,000034,3.59,3.65,3.67,3.58,27471,5112823.0,2.51,1.96,0.07,3.24
2006-06-30,000034,3.65,3.56,3.67,3.52,27914,5106318.0,4.11,-2.47,-0.09,3.3
2006-07-03,000034,3.52,3.68,3.68,3.52,35084,6524049.5,4.49,3.37,0.12,4.14
2006-07-04,000034,3.7,3.63,3.7,3.59,18112,3381974.5,2.99,-1.36,-0.05,2.14
2006-07-05,000034,3.63,3.65,3.67,3.54,17732,3263493.75,3.58,0.55,0.02,2.09
2006-07-06,000034,3.65,3.7,3.72,3.63,24400,4617698.0,2.47,1.37,0.05,2.88
2006-07-07,000034,3.72,3.68,3.74,3.63,18118,3403821.5,2.97,-0.54,-0.02,2.14
2006-07-10,000034,3.67,3.79,3.83,3.63,24881,4792472.5,5.43,2.99,0.11,2.94
2006-07-11,000034,3.79,3.9,3.96,3.76,31992,6392460.5,5.28,2.9,0.11,3.78
2006-07-12,000034,3.99,3.81,4.05,3.81,45377,9204890.0,6.15,-2.31,-0.09,5.36
2006-07-13,000034,3.77,3.63,3.85,3.63,24828,4734204.0,5.77,-4.72,-0.18,2.93
2006-07-14,000034,3.47,3.61,3.61,3.47,18709,3400631.0,3.86,-0.55,-0.02,2.21
2006-07-17,000034,3.61,3.7,3.7,3.58,7116,1333009.38,3.32,2.49,0.09,0.84
2006-07-18,000034,3.7,3.68,3.72,3.63,6770,1274601.0,2.43,-0.54,-0.02,0.8
2006-07-19,000034,3.67,3.58,3.68,3.52,14129,2575125.0,4.35,-2.72,-0.1,1.67
2006-07-20,000034,3.58,3.59,3.63,3.52,7580,1390893.75,3.07,0.28,0.01,0.9
2006-07-21,000034,3.59,3.7,3.72,3.59,11727,2203095.0,3.62,3.06,0.11,1.39
2006-07-24,000034,3.7,3.79,3.86,3.54,22612,4375183.0,8.65,2.43,0.09,2.67
2006-07-25,000034,3.77,3.76,3.83,3.74,12475,2423259.5,2.37,-0.79,-0.03,1.47
2006-07-26,000034,3.74,3.77,3.79,3.72,12556,2420570.5,1.86,0.27,0.01,1.48
2006-07-27,000034,3.68,3.61,3.74,3.59,34515,6428580.0,3.98,-4.24,-0.16,4.08
2006-07-28,000034,3.59,3.61,3.74,3.58,21329,3983553.5,4.43,0.0,0.0,2.52
2006-07-31,000034,3.61,3.59,3.65,3.45,28423,5138079.5,5.54,-0.55,-0.02,3.36
2006-08-01,000034,3.52,3.52,3.61,3.5,8870,1610092.0,3.06,-1.95,-0.07,1.05
2006-08-02,000034,3.52,3.52,3.54,3.43,9385,1672721.12,3.13,0.0,0.0,1.11
2006-08-03,000034,3.52,3.48,3.54,3.45,6117,1090979.25,2.56,-1.14,-0.04,0.72
2006-08-04,000034,3.47,3.39,3.52,3.39,7158,1266992.0,3.74,-2.59,-0.09,0.85
2006-08-07,000034,3.39,3.23,3.39,3.23,13150,2173572.0,4.72,-4.72,-0.16,1.55
2006-08-08,000034,3.2,3.3,3.36,3.18,10149,1680910.62,5.57,2.17,0.07,1.2
2006-08-09,000034,3.3,3.34,3.36,3.23,8546,1436976.12,3.94,1.21,0.04,1.01
2006-08-10,000034,3.32,3.36,3.39,3.29,8885,1510704.0,2.99,0.6,0.02,1.05
2006-08-11,000034,3.34,3.38,3.39,3.29,7525,1281316.75,2.98,0.6,0.02,0.89
2006-08-14,000034,3.39,3.3,3.43,3.23,8039,1369280.25,5.92,-2.37,-0.08,0.95
2006-08-15,000034,3.27,3.32,3.38,3.27,6218,1048135.69,3.33,0.61,0.02,0.73
2006-08-16,000034,3.29,3.36,3.38,3.29,7490,1268965.38,2.71,1.2,0.04,0.88
2006-08-17,000034,3.34,3.27,3.34,3.21,9255,1538725.0,3.87,-2.68,-0.09,1.09
2006-08-18,000034,3.25,3.32,3.32,3.25,6687,1121587.88,2.14,1.53,0.05,0.79
2006-08-21,000034,3.23,3.29,3.3,3.2,4927,813619.38,3.01,-0.9,-0.03,0.58
2006-08-22,000034,3.29,3.34,3.38,3.29,9975,1690412.0,2.74,1.52,0.05,1.18
2006-08-23,000034,3.34,3.3,3.36,3.3,6157,1041193.56,1.8,-1.2,-0.04,0.73
2006-08-24,000034,3.3,3.45,3.45,3.3,25539,4443624.5,4.55,4.55,0.15,3.02
2006-08-25,000034,3.48,3.45,3.52,3.43,18484,3272429.5,2.61,0.0,0.0,2.18
2006-08-28,000034,3.45,3.52,3.54,3.43,12390,2206380.75,3.19,2.03,0.07,1.46
2006-08-29,000034,3.52,3.54,3.56,3.48,14884,2684739.0,2.27,0.57,0.02,1.76
2006-08-30,000034,3.5,3.59,3.63,3.5,11340,2069950.5,3.67,1.41,0.05,1.34
2006-08-31,000034,3.61,3.59,3.61,3.52,10545,1917498.12,2.51,0.0,0.0,1.25
2006-09-01,000034,3.67,3.61,3.67,3.56,12914,2382560.75,3.06,0.56,0.02,1.53
2006-09-04,000034,3.63,3.74,3.76,3.58,23745,4513198.5,4.99,3.6,0.13,2.8
2006-09-05,000034,3.74,3.72,3.74,3.67,13693,2596527.75,1.87,-0.53,-0.02,1.62
2006-09-06,000034,3.72,3.77,3.83,3.7,18871,3655081.0,3.49,1.34,0.05,2.23
2006-09-07,000034,3.77,3.61,3.77,3.61,17788,3333008.0,4.24,-4.24,-0.16,2.1
2006-09-08,000034,3.58,3.74,3.76,3.58,19728,3761080.0,4.99,3.6,0.13,2.33
2006-09-11,000034,3.77,3.76,3.77,3.63,13555,2594847.0,3.74,0.53,0.02,1.6
2006-09-12,000034,3.81,3.85,3.86,3.74,24096,4722017.5,3.19,2.39,0.09,2.85
2006-09-13,000034,3.81,3.86,3.94,3.81,25270,5038487.5,3.38,0.26,0.01,2.98
2006-09-14,000034,3.85,3.85,3.92,3.77,18114,3577157.0,3.89,-0.26,-0.01,2.14
2006-09-15,000034,3.83,3.83,3.92,3.81,14870,2944820.75,2.86,-0.52,-0.02,1.76
2006-09-18,000034,3.81,3.97,3.97,3.79,29002,5817420.0,4.7,3.66,0.14,3.43
2006-09-19,000034,3.96,3.94,4.06,3.92,25604,5260793.0,3.53,-0.76,-0.03,3.02
2006-09-20,000034,3.94,4.12,4.12,3.9,37979,7949801.5,5.58,4.57,0.18,4.49
2006-09-21,000034,4.14,4.14,4.17,4.06,26214,5600970.0,2.67,0.49,0.02,3.1
2006-09-22,000034,4.14,4.24,4.32,4.12,38786,8550411.0,4.83,2.42,0.1,4.58
2006-09-25,000034,4.19,4.23,4.34,4.17,20287,4473576.5,4.01,-0.24,-0.01,2.4
2006-09-26,000034,4.23,4.14,4.3,4.03,23507,5050153.0,6.38,-2.13,-0.09,2.78
2006-09-27,000034,4.14,4.17,4.21,4.1,14433,3093548.25,2.66,0.72,0.03,1.7
2006-09-28,000034,4.35,4.37,4.37,4.32,10658,2412518.75,1.2,4.8,0.2,1.26
2006-09-29,000034,4.5,4.39,4.57,4.35,64631,15080833.0,5.03,0.46,0.02,7.63
2006-10-09,000034,4.41,4.55,4.57,4.21,26014,5974974.0,8.2,3.64,0.16,3.07
2006-10-10,000034,4.52,4.5,4.57,4.44,15203,3562805.25,2.86,-1.1,-0.05,1.8
2006-10-11,000034,4.48,4.62,4.7,4.48,22581,5435234.0,4.89,2.67,0.12,2.67
2006-10-12,000034,4.64,4.75,4.81,4.57,30381,7463500.5,5.19,2.81,0.13,3.59
2006-10-13,000034,4.75,4.97,4.97,4.72,34750,8951965.0,5.26,4.63,0.22,4.1
2006-10-16,000034,4.99,4.91,5.11,4.9,34143,8908820.0,4.23,-1.21,-0.06,4.03
2006-10-17,000034,4.88,4.68,5.0,4.68,30320,7604576.5,6.52,-4.68,-0.23,3.58
2006-10-18,000034,4.59,4.77,4.81,4.55,37693,9138282.0,5.56,1.92,0.09,4.45
2006-10-19,000034,4.75,4.99,4.99,4.68,45559,11800779.0,6.5,4.61,0.22,5.38
2006-10-20,000034,5.04,4.75,5.06,4.75,39086,9960771.0,6.21,-4.81,-0.24,4.62
2006-10-23,000034,4.73,4.61,4.97,4.53,35063,8650369.0,9.26,-2.95,-0.14,4.14
2006-10-24,000034,4.59,4.75,4.75,4.52,19056,4639050.5,4.99,3.04,0.14,2.25
2006-10-25,000034,4.75,4.55,4.77,4.53,25371,6080381.5,5.05,-4.21,-0.2,3.0
2006-10-26,000034,4.53,4.34,4.53,4.34,20272,4622593.0,4.18,-4.62,-0.21,2.39
2006-10-27,000034,4.3,4.43,4.52,4.26,20910,4788588.5,5.99,2.07,0.09,2.47
2006-10-30,000034,4.44,4.46,4.46,4.3,10699,2443580.5,3.61,0.68,0.03,1.26
2006-10-31,000034,4.68,4.68,4.68,4.64,26575,6483309.0,0.9,4.93,0.22,3.14
2006-11-01,000034,4.72,4.81,4.9,4.72,42077,10583298.0,3.85,2.78,0.13,4.97
2006-11-02,000034,4.82,4.88,4.9,4.68,21572,5372562.0,4.57,1.46,0.07,2.55
2006-11-03,000034,4.84,4.86,5.04,4.77,19994,5143360.5,5.53,-0.41,-0.02,2.36
2006-11-06,000034,4.72,4.81,4.97,4.72,13613,3418100.5,5.14,-1.03,-0.05,1.61
2006-11-07,000034,4.79,4.61,4.79,4.57,25315,6095842.5,4.57,-4.16,-0.2,2.99
2006-11-08,000034,4.57,4.7,4.73,4.55,14489,3540800.25,3.9,1.95,0.09,1.71
2006-11-09,000034,4.73,4.88,4.88,4.72,18665,4681056.0,3.4,3.83,0.18,2.2
2006-11-10,000034,4.95,4.72,4.95,4.66,21607,5427930.5,5.94,-3.28,-0.16,2.55
2006-12-04,000034,4.93,4.93,4.93,4.93,3167,817003.44,0.0,4.45,0.21,0.37
2006-12-05,000034,5.11,5.13,5.17,4.99,61379,16496386.0,3.65,4.06,0.2,7.25
2006-12-06,000034,5.04,4.91,5.06,4.9,57101,14741001.0,3.12,-4.29,-0.22,6.74
2006-12-07,000034,4.91,4.79,4.93,4.72,32485,8158751.0,4.28,-2.44,-0.12,3.84
2006-12-08,000034,4.79,4.82,4.88,4.7,16474,4110004.25,3.76,0.63,0.03,1.95
2006-12-11,000034,4.72,4.81,4.86,4.72,12678,3168077.0,2.9,-0.21,-0.01,1.5
2006-12-12,000034,4.82,4.95,5.02,4.75,25467,6519628.0,5.61,2.91,0.14,3.01
2006-12-13,000034,4.91,4.93,4.99,4.86,14906,3837182.25,2.63,-0.4,-0.02,1.76
2006-12-14,000034,4.97,4.9,4.99,4.9,11962,3087265.75,1.83,-0.61,-0.03,1.41
2006-12-15,000034,4.9,4.97,4.97,4.86,17093,4393115.5,2.24,1.43,0.07,2.02
2006-12-18,000034,4.91,4.73,4.91,4.73,43727,10899085.0,3.62,-4.83,-0.24,5.17
2006-12-19,000034,4.73,4.75,4.79,4.61,33899,8268967.5,3.81,0.42,0.02,4.0
2006-12-20,000034,4.7,4.77,4.81,4.7,22698,5622353.0,2.32,0.42,0.02,2.68
2006-12-21,000034,4.75,4.68,4.79,4.68,20513,5053508.5,2.31,-1.89,-0.09,2.42
2006-12-22,000034,4.66,4.84,4.9,4.64,29263,7330424.0,5.56,3.42,0.16,3.46
2006-12-25,000034,4.82,4.91,5.04,4.82,27022,6964545.5,4.55,1.45,0.07,3.19
2006-12-26,000034,4.91,4.81,4.95,4.75,12786,3224667.75,4.07,-2.04,-0.1,1.51
2006-12-27,000034,4.75,4.68,4.81,4.62,18001,4396392.0,3.95,-2.7,-0.13,2.13
2006-12-28,000034,4.66,4.5,4.7,4.46,24228,5719955.0,5.13,-3.85,-0.18,2.86
2006-12-29,000034,4.5,4.61,4.62,4.48,13719,3265706.5,3.11,2.44,0.11,1.62
2007-01-04,000034,4.61,4.55,4.66,4.53,17083,4092077.5,2.82,-1.3,-0.06,2.02
2007-01-05,000034,4.53,4.77,4.77,4.53,18459,4502538.5,5.27,4.84,0.22,2.18
2007-01-08,000034,4.75,4.84,4.93,4.7,21448,5410377.0,4.82,1.47,0.07,2.53
2007-01-09,000034,4.82,4.93,4.93,4.81,24898,6367050.0,2.48,1.86,0.09,2.94
2007-01-10,000034,4.93,5.0,5.04,4.91,25563,6658619.5,2.64,1.42,0.07,3.02
2007-01-11,000034,5.04,5.2,5.24,4.97,45857,12434958.0,5.4,4.0,0.2,5.42
2007-01-12,000034,5.2,5.37,5.44,5.17,44584,12439634.0,5.19,3.27,0.17,5.27
2007-01-15,000034,5.37,5.42,5.47,5.28,34984,9889593.0,3.54,0.93,0.05,4.13
2007-01-16,000034,5.42,5.67,5.67,5.42,30046,8893765.0,4.61,4.61,0.25,3.55
2007-01-17,000034,5.89,5.76,5.95,5.67,51965,16148489.0,4.94,1.59,0.09,6.14
2007-01-18,000034,5.58,5.49,5.58,5.49,13939,4033627.0,1.56,-4.69,-0.27,1.65
2007-01-19,000034,5.24,5.55,5.6,5.24,70167,19750956.0,6.56,1.09,0.06,8.29
2007-01-22,000034,5.55,5.82,5.82,5.51,51181,15523692.0,5.59,4.86,0.27,6.05
2007-01-23,000034,5.85,6.05,6.05,5.75,43683,13666101.0,5.15,3.95,0.23,5.16
2007-01-24,000034,6.2,5.98,6.2,5.95,36498,11623489.0,4.13,-1.16,-0.07,4.31
2007-01-25,000034,5.96,6.2,6.27,5.87,76294,25078582.0,6.69,3.68,0.22,9.01
2007-01-26,000034,6.23,6.07,6.23,5.91,51813,16385118.0,5.16,-2.1,-0.13,6.12
2007-01-29,000034,6.07,6.27,6.32,6.02,36844,12022837.0,4.94,3.29,0.2,4.35
2007-01-30,000034,6.31,6.13,6.34,6.09,27258,8943705.0,3.99,-2.23,-0.14,3.22
2007-01-31,000034,6.18,5.98,6.27,5.89,41851,13592218.0,6.2,-2.45,-0.15,4.94
2007-02-01,000034,5.93,6.09,6.14,5.93,23890,7634512.0,3.51,1.84,0.11,2.82
2007-02-02,000034,6.07,6.2,6.38,5.96,41680,13754238.0,6.9,1.81,0.11,4.92
2007-02-05,000034,6.2,6.49,6.49,6.16,61675,21063110.0,5.32,4.68,0.29,7.29
2007-02-06,000034,6.51,6.8,6.8,6.45,46568,16645806.0,5.39,4.78,0.31,5.5
2007-02-07,000034,6.87,7.12,7.12,6.87,22738,8580429.0,3.68,4.71,0.32,2.69
2007-02-08,000034,7.46,7.46,7.46,7.46,7756,3086693.0,0.0,4.78,0.34,0.92
2007-02-09,000034,7.83,7.83,7.83,7.48,71431,29246432.0,4.69,4.96,0.37,8.44
2007-02-12,000034,8.19,8.21,8.21,7.68,23129,10114887.0,6.77,4.85,0.38,2.73
2007-02-13,000034,8.6,8.6,8.6,8.5,8200,3777734.0,1.22,4.75,0.39,0.97
2007-02-14,000034,9.02,9.02,9.02,9.02,12287,5946777.5,0.0,4.88,0.42,1.45
2007-02-15,000034,9.45,9.45,9.45,9.31,14420,7323554.0,1.55,4.77,0.43,1.7
2007-02-16,000034,9.91,9.91,9.91,9.69,41371,22021276.0,2.33,4.87,0.46,4.89
2007-02-26,000034,10.4,10.4,10.4,10.18,12849,7172356.0,2.22,4.94,0.49,1.52
2007-02-27,000034,10.9,10.9,10.9,10.59,33157,19450730.0,2.98,4.81,0.5,3.92
2007-02-28,000034,11.43,11.43,11.43,11.21,31135,19194076.0,2.02,4.86,0.53,3.68
2007-03-01,000034,11.84,10.87,11.93,10.87,102389,62063648.0,9.27,-4.9,-0.56,12.09
2007-03-02,000034,10.34,10.34,10.34,10.34,19079,10627003.0,0.0,-4.88,-0.53,2.25
2007-03-05,000034,9.83,9.83,9.83,9.83,12823,6783367.0,0.0,-4.93,-0.51,1.51
2007-03-06,000034,9.36,10.3,10.3,9.36,104499,55405020.0,9.56,4.78,0.47,12.34
2007-03-07,000034,10.21,9.91,10.3,9.8,85821,46039676.0,4.85,-3.79,-0.39,10.14
2007-03-08,000034,9.82,10.4,10.4,9.82,68113,37475024.0,5.85,4.94,0.49,8.05
2007-03-09,000034,10.4,10.9,10.9,10.3,39530,23012136.0,5.77,4.81,0.5,4.67
2007-03-12,000034,11.41,11.43,11.43,11.08,49495,30260768.0,3.21,4.86,0.53,5.85
2007-03-13,000034,11.43,11.66,11.99,11.39,63597,40561312.0,5.25,2.01,0.23,7.51
2007-03-14,000034,11.7,11.63,12.19,11.1,72374,45058304.0,9.35,-0.26,-0.03,8.55
2007-03-15,000034,11.46,11.84,12.04,11.28,50673,32415806.0,6.53,1.81,0.21,5.99
2007-03-16,000034,11.82,12.42,12.42,11.81,86746,58005776.0,5.15,4.9,0.58,10.25
2007-03-19,000034,12.02,12.86,13.02,11.93,66594,45752480.0,8.78,3.54,0.44,7.87
2007-03-20,000034,12.89,13.49,13.49,12.89,32084,23315192.0,4.67,4.9,0.63,3.79
2007-03-21,000034,14.12,14.16,14.16,14.1,7536,5783176.0,0.44,4.97,0.67,0.89
2007-03-22,000034,14.85,14.85,14.85,14.85,4461,3595953.0,0.0,4.87,0.69,0.53
2007-03-23,000034,15.55,15.24,15.57,14.12,100894,82653208.0,9.76,2.63,0.39,11.92
2007-03-26,000034,14.5,14.5,14.74,14.5,11565,9110378.0,1.57,-4.86,-0.74,1.37
2007-03-27,000034,13.8,14.27,15.03,13.8,85248,65212964.0,8.48,-1.59,-0.23,10.07
2007-03-28,000034,14.19,13.56,14.45,13.56,76823,57412344.0,6.24,-4.98,-0.71,9.07
2007-03-29,000034,13.45,12.89,13.72,12.89,47082,33537488.0,6.12,-4.94,-0.67,5.56
2007-03-30,000034,12.37,13.43,13.45,12.26,69528,48228668.0,9.23,4.19,0.54,8.21
2007-04-02,000034,13.02,13.92,14.09,13.02,46303,34547012.0,7.97,3.65,0.49,5.47
2007-04-03,000034,14.01,13.76,14.37,13.65,38135,28884440.0,5.17,-1.15,-0.16,4.5
2007-04-04,000034,13.8,13.43,13.83,13.29,39374,28820646.0,3.92,-2.4,-0.33,4.65
2007-04-05,000034,13.43,14.09,14.09,13.43,21115,16002124.0,4.91,4.91,0.66,2.49
2007-04-06,000034,14.59,14.34,14.77,14.25,81922,64823780.0,3.69,1.77,0.25,9.68
2007-04-09,000034,14.23,13.94,14.25,13.63,56822,42761160.0,4.32,-2.79,-0.4,6.71
2007-04-10,000034,13.92,13.99,14.37,13.76,35995,27343242.0,4.38,0.36,0.05,4.25
2007-04-11,000034,14.01,14.18,14.3,13.67,44354,33445890.0,4.5,1.36,0.19,5.24
2007-04-12,000034,14.25,14.07,14.3,13.98,43591,33489650.0,2.26,-0.78,-0.11,5.15
2007-04-13,000034,14.14,14.56,14.75,14.07,81666,64921912.0,4.83,3.48,0.49,9.65
2007-04-16,000034,14.85,15.28,15.28,14.83,87307,72055912.0,3.09,4.95,0.72,10.31
2007-04-17,000034,15.64,16.04,16.04,15.33,92618,79419800.0,4.65,4.97,0.76,10.94
2007-04-18,000034,16.82,16.83,16.83,16.73,13160,12049765.0,0.62,4.93,0.79,1.55
2007-04-19,000034,17.67,16.89,17.67,16.18,128048,120337232.0,8.85,0.36,0.06,15.13
2007-04-20,000034,16.73,17.72,17.72,16.73,58423,55827400.0,5.86,4.91,0.83,6.9
2007-04-23,000034,17.78,18.19,18.59,17.63,82696,81638576.0,5.42,2.65,0.47,9.77
2007-04-24,000034,18.17,17.29,18.17,17.29,41199,39039600.0,4.84,-4.95,-0.9,4.87
2007-04-25,000034,16.44,17.38,17.69,16.44,67178,62366572.0,7.23,0.52,0.09,7.94
2007-04-26,000034,17.67,18.23,18.23,17.41,58372,57527540.0,4.72,4.89,0.85,6.9
2007-04-30,000034,17.32,17.41,18.32,17.32,74267,71122936.0,5.49,-4.5,-0.82,8.77
2007-05-08,000034,17.72,17.18,17.74,16.56,69722,63808644.0,6.78,-1.32,-0.23,8.24
2007-05-09,000034,17.18,17.0,17.4,16.36,43077,39632796.0,6.05,-1.05,-0.18,5.09
2007-05-10,000034,17.0,17.83,17.83,17.0,50839,48804488.0,4.88,4.88,0.83,6.01
2007-05-11,000034,18.12,18.72,18.72,17.85,75616,76813152.0,4.88,4.99,0.89,8.93
2007-05-14,000034,18.92,18.68,19.64,18.17,70526,73372536.0,7.85,-0.21,-0.04,8.33
2007-05-15,000034,18.35,17.83,18.84,17.76,57669,57062108.0,5.78,-4.55,-0.85,6.81
2007-05-16,000034,17.63,18.72,18.72,17.56,57109,57303756.0,6.51,4.99,0.89,6.75
2007-05-17,000034,19.4,19.64,19.64,18.93,56262,59418416.0,3.79,4.91,0.92,6.65
2007-05-18,000034,19.84,20.62,20.62,19.22,61500,68310992.0,7.13,4.99,0.98,7.26
2007-05-21,000034,21.03,21.63,21.63,21.01,27628,32521338.0,3.01,4.9,1.01,3.26
2007-05-22,000034,22.7,22.7,22.7,22.7,7477,9271716.0,0.0,4.95,1.07,0.88
2007-05-23,000034,23.82,23.82,23.82,22.71,105992,135537488.0,4.89,4.93,1.12,12.52
2007-05-24,000034,23.55,24.87,24.87,22.88,91971,120707896.0,8.35,4.41,1.05,10.86
2007-05-25,000034,24.6,23.84,25.07,23.67,74903,99301040.0,5.63,-4.14,-1.03,8.85
2007-05-28,000034,23.78,23.87,24.72,23.26,51570,67694320.0,6.12,0.13,0.03,6.09
2007-05-29,000034,23.85,23.35,24.05,23.06,43026,55418184.0,4.15,-2.18,-0.52,5.08
2007-05-30,000034,22.19,22.19,22.75,22.19,39753,48359504.0,2.4,-4.97,-1.16,4.7
2007-05-31,000034,21.09,21.09,21.09,21.09,6781,7804931.0,0.0,-4.96,-1.1,0.8
2007-06-01,000034,20.04,20.04,20.04,20.04,7521,8220453.0,0.0,-4.98,-1.05,0.89
2007-06-04,000034,19.04,19.04,19.04,19.04,661,686118.0,0.0,-4.99,-1.0,0.08
2007-06-05,000034,18.1,18.1,18.1,18.1,379,373694.0,0.0,-4.94,-0.94,0.04
2007-06-06,000034,17.21,17.21,18.35,17.21,106171,101035384.0,6.3,-4.92,-0.89,12.54
2007-06-07,000034,16.36,16.94,17.21,16.36,96766,87339024.0,4.94,-1.57,-0.27,11.43
2007-06-08,000034,17.09,17.78,17.78,17.09,58938,56741164.0,4.07,4.96,0.84,6.96
2007-06-11,000034,18.35,16.91,18.64,16.91,77306,74057408.0,9.73,-4.89,-0.87,9.13
2007-06-12,000034,16.55,16.08,16.55,16.08,60074,52701548.0,2.78,-4.91,-0.83,7.1
2007-06-13,000034,16.29,16.87,16.87,16.27,49921,45502456.0,3.73,4.91,0.79,5.9
2007-06-14,000034,17.09,17.36,17.7,16.73,60388,57155064.0,5.75,2.9,0.49,7.13
2007-06-15,000034,17.18,16.67,17.54,16.51,47154,43468340.0,5.93,-3.97,-0.69,5.57
2007-06-18,000034,16.02,16.56,16.91,16.02,40791,36580476.0,5.34,-0.66,-0.11,4.82
2007-06-19,000034,16.46,17.36,17.38,16.18,45601,41969868.0,7.25,4.83,0.8,5.39
2007-06-20,000034,17.34,16.51,17.4,16.51,43333,40013428.0,5.13,-4.9,-0.85,5.12
2007-06-21,000034,16.15,15.75,16.82,15.7,48763,42206152.0,6.78,-4.6,-0.76,5.76
2007-06-22,000034,15.3,14.97,15.75,14.97,26854,22128128.0,4.95,-4.95,-0.78,3.17
2007-06-25,000034,14.41,14.23,14.65,14.23,33205,25720874.0,2.81,-4.94,-0.74,3.92
2007-06-26,000034,13.52,13.52,13.52,13.52,3945,2891685.0,0.0,-4.99,-0.71,0.47
2007-06-27,000034,12.89,13.81,14.18,12.86,46238,33281384.0,9.76,2.14,0.29,5.46
2007-06-28,000034,14.01,14.48,14.48,13.56,59182,46379012.0,6.66,4.85,0.67,6.99
2007-07-02,000034,13.78,13.78,13.78,13.78,1869,1396143.0,0.0,-4.83,-0.7,0.22
2007-07-03,000034,13.11,13.11,13.11,13.11,4200,2982000.0,0.0,-4.86,-0.67,0.5
2007-07-04,000034,12.48,12.48,12.93,12.48,57930,39346828.0,3.43,-4.81,-0.63,6.84
2007-07-05,000034,11.99,11.86,12.2,11.86,25962,16688297.0,2.72,-4.97,-0.62,3.07
2007-07-06,000034,11.39,11.86,12.01,11.28,46682,28818370.0,6.16,0.0,0.0,5.51
2007-07-09,000034,11.9,12.44,12.44,11.34,50564,32916690.0,9.27,4.89,0.58,5.97
2007-07-10,000034,12.2,11.82,12.6,11.82,37337,24354364.0,6.27,-4.98,-0.62,4.41
2007-07-11,000034,11.64,12.24,12.4,11.35,30012,19571082.0,8.88,3.55,0.42,3.55
2007-07-12,000034,12.19,12.84,12.84,12.04,53055,36590324.0,6.54,4.9,0.6,6.27
2007-07-13,000034,12.82,12.76,13.34,12.44,24944,17268268.0,7.01,-0.62,-0.08,2.95
2007-07-16,000034,12.73,13.4,13.4,12.44,32279,22593320.0,7.52,5.02,0.64,3.81
2007-07-17,000034,13.25,13.62,14.05,12.96,36769,27312650.0,8.13,1.64,0.22,4.34
2007-07-18,000034,13.62,14.28,14.28,13.25,42720,32730980.0,7.56,4.85,0.66,5.05
2007-07-19,000034,14.27,13.96,14.77,13.94,36767,28681168.0,5.81,-2.24,-0.32,4.34
2007-07-20,000034,14.01,14.09,14.3,13.83,27065,20609260.0,3.37,0.93,0.13,3.2
2007-07-23,000034,13.83,14.48,14.7,13.83,41356,31829978.0,6.17,2.77,0.39,4.88
2007-07-24,000034,14.43,14.3,14.59,14.19,26867,20891968.0,2.76,-1.24,-0.18,3.17
2007-07-25,000034,14.19,14.34,14.5,14.1,20154,15567036.0,2.8,0.28,0.04,2.38
2007-07-26,000034,14.19,14.63,14.88,14.19,24461,19327374.0,4.81,2.02,0.29,2.89
2007-07-27,000034,14.65,15.35,15.35,14.47,37708,31144262.0,6.02,4.92,0.72,4.45
2007-07-30,000034,15.19,15.13,15.64,15.01,33209,27467964.0,4.1,-1.43,-0.22,3.92
2007-07-31,000034,15.1,14.47,15.19,14.39,42182,33508642.0,5.29,-4.36,-0.66,4.98
2007-08-01,000034,14.45,13.8,15.06,13.76,41911,33213178.0,8.98,-4.63,-0.67,4.95
2007-08-02,000034,13.78,14.45,14.47,13.78,30186,23331610.0,5.0,4.71,0.65,3.57
2007-08-03,000034,14.45,14.45,14.83,14.07,18529,14423770.0,5.26,0.0,0.0,2.19
2007-08-06,000034,14.48,14.07,14.63,13.9,22438,17228902.0,5.05,-2.63,-0.38,2.65
2007-08-07,000034,13.94,14.14,14.56,13.92,24658,19158144.0,4.55,0.5,0.07,2.91
2007-08-08,000034,14.19,14.83,14.83,14.1,42271,33435758.0,5.16,4.88,0.69,4.99
2007-08-09,000034,15.06,14.83,15.35,14.79,34586,28326816.0,3.78,0.0,0.0,4.09
2007-08-10,000034,14.85,14.41,15.3,14.1,30009,23762992.0,8.09,-2.83,-0.42,3.54
2007-08-13,000034,14.16,14.05,14.56,13.71,37198,28172346.0,5.9,-2.5,-0.36,4.39
2007-08-14,000034,13.87,14.74,14.74,13.87,24623,19401792.0,6.19,4.91,0.69,2.91
2007-08-15,000034,15.03,15.19,15.35,14.3,45927,37575208.0,7.12,3.05,0.45,5.42
2007-08-16,000034,15.04,15.13,15.46,14.52,33085,27043226.0,6.19,-0.39,-0.06,3.91
2007-08-17,000034,14.83,14.74,15.26,14.57,21371,17318190.0,4.56,-2.58,-0.39,2.52
2007-08-21,000034,15.46,15.46,15.46,15.46,2084,1750828.75,0.0,4.88,0.72,0.25
2007-08-22,000034,16.22,16.22,16.22,16.22,7792,6872826.0,0.0,4.92,0.76,0.92
2007-08-23,000034,17.02,17.02,17.02,16.56,82827,76570992.0,2.84,4.93,0.8,9.78
2007-08-28,000034,17.85,17.85,17.85,17.03,17467,16837804.0,4.82,4.88,0.83,2.06
2007-08-29,000034,18.63,16.96,18.73,16.96,97592,96388648.0,9.92,-4.99,-0.89,11.53
2007-08-30,000034,16.73,17.79,17.79,16.58,42859,40774084.0,7.13,4.89,0.83,5.06
2007-08-31,000034,18.17,18.66,18.66,17.81,50567,51013356.0,4.78,4.89,0.87,5.97
2007-09-03,000034,19.58,19.58,19.58,19.01,48093,51316956.0,3.05,4.93,0.92,5.68
2007-09-04,000034,19.8,20.54,20.54,19.6,28623,31834352.0,4.8,4.9,0.96,3.38
2007-09-05,000034,21.56,21.56,21.56,21.07,51524,60525304.0,2.39,4.97,1.02,6.09
2007-09-06,000034,21.97,21.32,22.62,20.8,74294,88569648.0,8.44,-1.11,-0.24,8.78
2007-09-07,000034,21.16,22.12,22.37,21.16,55332,66296536.0,5.68,3.75,0.8,6.54
2007-09-10,000034,21.79,21.03,21.81,21.03,51495,59455588.0,3.53,-4.93,-1.09,6.08
2007-09-11,000034,21.05,20.0,21.94,20.0,33767,38697300.0,9.22,-4.9,-1.03,3.99
2007-09-12,000034,19.26,19.1,20.13,19.01,47297,49320628.0,5.6,-4.5,-0.9,5.59
2007-09-13,000034,19.06,19.95,19.98,18.63,31204,33052464.0,7.07,4.45,0.85,3.69
2007-09-14,000034,19.89,20.27,20.63,19.48,35003,38309168.0,5.76,1.6,0.32,4.13
2007-09-17,000034,20.02,20.27,20.72,20.02,25772,28511956.0,3.45,0.0,0.0,3.04
2007-09-18,000034,20.2,19.48,20.2,19.28,31290,33495606.0,4.54,-3.9,-0.79,3.7
2007-09-19,000034,19.33,20.43,20.43,19.3,31301,34238144.0,5.8,4.88,0.95,3.7
2007-09-20,000034,20.72,20.92,21.25,20.45,29380,33363536.0,3.92,2.4,0.49,3.47
2007-09-21,000034,20.91,21.28,21.76,20.67,22530,26106802.0,5.21,1.72,0.36,2.66
2007-09-24,000034,21.34,21.63,22.19,21.16,22689,26847658.0,4.84,1.64,0.35,2.68
2007-09-25,000034,21.76,20.8,21.79,20.56,22309,25400358.0,5.69,-3.84,-0.83,2.64
2007-09-26,000034,20.76,20.98,21.76,20.62,21191,24323188.0,5.48,0.87,0.18,2.5
2007-09-27,000034,20.92,21.1,21.25,20.62,14167,16189172.0,3.0,0.57,0.12,1.67
2007-09-28,000034,21.12,21.25,21.56,21.12,18019,20965786.0,2.09,0.71,0.15,2.13
2007-10-08,000034,21.52,20.38,21.52,20.34,22136,25020892.0,5.55,-4.09,-0.87,2.61
2007-10-09,000034,20.38,20.04,20.65,19.68,18411,20080264.0,4.76,-1.67,-0.34,2.17
2007-10-10,000034,19.04,19.04,19.53,19.04,35433,36873000.0,2.45,-4.99,-1.0,4.19
2007-10-11,000034,18.86,18.1,18.86,18.1,32949,32652668.0,3.99,-4.94,-0.94,3.89
2007-10-12,000034,17.54,18.19,18.73,17.21,33721,32891434.0,8.4,0.5,0.09,3.98
2007-10-15,000034,17.56,17.47,18.19,17.29,25907,24654342.0,4.95,-3.96,-0.72,3.06
2007-10-16,000034,17.47,17.99,18.34,17.47,19059,18678522.0,4.98,2.98,0.52,2.25
2007-10-17,000034,17.99,18.19,18.68,17.65,13297,13242704.0,5.73,1.11,0.2,1.57
2007-10-18,000034,17.96,17.81,18.16,17.45,17543,16940488.0,3.9,-2.09,-0.38,2.07
2007-10-19,000034,17.61,18.16,18.35,17.61,14607,14386317.0,4.15,1.97,0.35,1.73
2007-10-22,000034,17.78,17.27,18.16,17.27,11928,11307696.0,4.9,-4.9,-0.89,1.41
2007-10-23,000034,16.73,16.42,16.91,16.42,17944,16060974.0,2.84,-4.92,-0.85,2.12
2007-10-24,000034,15.91,15.6,16.55,15.6,25371,21909180.0,5.79,-4.99,-0.82,3.0
2007-10-25,000034,15.28,14.85,15.28,14.85,22714,18340104.0,2.76,-4.81,-0.75,2.68
2007-10-26,000034,14.56,14.52,15.03,14.12,21875,17019984.0,6.13,-2.22,-0.33,2.58
2007-10-29,000034,13.92,14.56,14.83,13.81,20722,15787545.0,7.02,0.28,0.04,2.45
2007-10-30,000034,14.65,14.83,15.08,14.36,16748,13507164.0,4.95,1.85,0.27,1.98
2007-10-31,000034,14.92,15.55,15.55,14.92,9826,8252204.5,4.25,4.86,0.72,1.16
2007-11-01,000034,16.09,15.88,16.31,15.7,21216,18491922.0,3.92,2.12,0.33,2.51
2007-11-02,000034,15.64,15.88,16.24,15.15,15336,13236024.0,6.86,0.0,0.0,1.81
2007-11-05,000034,15.46,16.65,16.65,15.41,23217,20903178.0,7.81,4.85,0.77,2.74
2007-11-06,000034,16.73,16.49,16.78,16.06,15188,13585832.0,4.32,-0.96,-0.16,1.79
2007-11-07,000034,16.6,16.09,16.73,15.88,8530,7546167.0,5.15,-2.43,-0.4,1.01
2007-11-08,000034,16.09,15.73,16.46,15.73,9881,8603812.0,4.54,-2.24,-0.36,1.17
2007-11-09,000034,15.98,15.03,16.02,14.95,10663,8826767.0,6.8,-4.45,-0.7,1.26
2007-11-12,000034,14.74,14.32,14.9,14.28,12034,9379488.0,4.13,-4.72,-0.71,1.42
2007-11-13,000034,14.34,14.75,14.88,14.32,9987,7914784.0,3.91,3.0,0.43,1.18
2007-11-14,000034,14.83,15.24,15.28,14.74,8573,7017992.5,3.66,3.32,0.49,1.01
2007-11-15,000034,15.12,14.95,15.42,14.88,6842,5614744.0,3.54,-1.9,-0.29,0.81
2007-11-16,000034,14.95,15.21,15.37,14.7,7113,5814780.5,4.48,1.74,0.26,0.84
2007-11-19,000034,15.03,15.95,15.95,15.03,11189,9616810.0,6.05,4.87,0.74,1.32
2007-11-20,000034,16.0,16.09,16.67,15.91,14881,13153388.0,4.76,0.88,0.14,1.76
2007-11-21,000034,16.09,16.26,16.55,16.09,9559,8500452.0,2.86,1.06,0.17,1.13
2007-11-22,000034,16.26,15.46,16.26,15.46,7825,6672669.5,4.92,-4.92,-0.8,0.92
2007-11-23,000034,15.42,15.93,15.93,14.83,8500,7053196.5,7.12,3.04,0.47,1.0
2007-11-26,000034,16.0,15.82,16.36,15.82,8801,7718972.5,3.39,-0.69,-0.11,1.04
2007-11-27,000034,15.79,15.79,16.2,15.64,8364,7257653.5,3.54,-0.19,-0.03,0.99
2007-11-28,000034,15.77,15.79,16.17,15.66,7781,6726774.5,3.23,0.0,0.0,0.92
2007-11-29,000034,16.11,16.55,16.56,15.91,13858,12267779.0,4.12,4.81,0.76,1.64
2007-11-30,000034,16.64,16.85,17.34,16.36,18599,17203830.0,5.92,1.81,0.3,2.2
2007-12-03,000034,16.89,16.69,17.27,16.58,10480,9577457.0,4.09,-0.95,-0.16,1.24
2007-12-04,000034,16.94,16.78,17.16,16.56,5498,5052927.0,3.59,0.54,0.09,0.65
2007-12-05,000034,16.78,16.55,17.0,16.35,13700,12291070.0,3.87,-1.37,-0.23,1.62
2007-12-06,000034,16.64,16.55,16.78,16.29,7374,6639287.5,2.96,0.0,0.0,0.87
2007-12-07,000034,16.67,16.91,16.91,16.47,10303,9384876.0,2.66,2.18,0.36,1.22
2007-12-10,000034,16.82,17.05,17.09,16.55,11137,10259087.0,3.19,0.83,0.14,1.32
2007-12-11,000034,16.93,17.41,17.58,16.91,14943,14029864.0,3.93,2.11,0.36,1.77
2007-12-12,000034,17.38,17.4,17.87,17.31,15454,14810088.0,3.22,-0.06,-0.01,1.83
2007-12-13,000034,17.31,17.2,18.07,16.87,14403,13835747.0,6.9,-1.15,-0.2,1.7
2007-12-14,000034,17.05,17.59,17.59,17.02,8348,7875347.5,3.31,2.27,0.39,0.99
2007-12-17,000034,17.54,17.47,17.81,17.23,9590,9185004.0,3.3,-0.68,-0.12,1.13
2007-12-18,000034,17.45,18.28,18.34,17.34,23440,23145416.0,5.72,4.64,0.81,2.77
2007-12-19,000034,18.28,18.46,18.75,18.14,22473,22690320.0,3.34,0.98,0.18,2.65
2007-12-20,000034,18.99,18.32,18.99,18.14,14778,14824886.0,4.6,-0.76,-0.14,1.75
2007-12-21,000034,18.82,19.22,19.22,18.68,31254,32663212.0,2.95,4.91,0.9,3.69
2007-12-24,000034,19.17,19.53,19.66,18.81,21852,22931454.0,4.42,1.61,0.31,2.58
2007-12-25,000034,19.49,19.26,19.77,19.2,12839,13574827.0,2.92,-1.38,-0.27,1.52
2007-12-26,000034,19.2,19.17,19.4,18.72,17759,18424350.0,3.53,-0.47,-0.09,2.1
2007-12-28,000034,19.26,19.4,19.6,19.02,20214,21184684.0,3.03,1.2,0.23,2.39
2008-01-02,000034,19.57,20.09,20.31,19.28,15742,17117476.0,5.31,3.56,0.69,1.86
2008-01-03,000034,20.09,20.71,20.71,19.86,21360,23549110.0,4.23,3.09,0.62,2.52
2008-01-04,000034,20.71,21.7,21.74,20.54,32747,38519124.0,5.79,4.78,0.99,3.87
2008-01-07,000034,21.43,20.89,22.24,20.76,24398,28506048.0,6.82,-3.73,-0.81,2.88
2008-01-08,000034,20.71,19.86,21.03,19.86,26704,29567262.0,5.6,-4.93,-1.03,3.15
2008-01-09,000034,19.4,20.83,20.83,19.28,30275,33422722.0,7.8,4.88,0.97,3.58
2008-01-10,000034,21.86,21.86,21.86,21.86,2038,2433025.75,0.0,4.94,1.03,0.24
2008-01-11,000034,22.95,22.95,22.95,22.95,2490,3121833.0,0.0,4.99,1.09,0.29
2008-01-14,000034,23.96,23.11,23.96,21.81,60633,76642512.0,9.37,0.7,0.16,7.16
2008-01-15,000034,22.88,24.25,24.25,22.88,38721,50315196.0,5.93,4.93,1.14,4.57
2008-01-16,000034,24.23,23.84,25.45,23.82,41678,56310432.0,6.72,-1.69,-0.41,4.92
2008-01-17,000034,23.75,22.66,24.61,22.66,42738,54098984.0,8.18,-4.95,-1.18,5.05
2008-01-18,000034,22.71,23.78,23.78,21.97,22471,28093914.0,7.99,4.94,1.12,2.65
2008-01-21,000034,23.6,22.62,24.31,22.61,22703,29033962.0,7.15,-4.88,-1.16,2.68
2008-01-22,000034,22.01,21.5,22.06,21.5,18450,21736706.0,2.48,-4.95,-1.12,2.18
2008-01-23,000034,20.43,20.98,21.5,20.43,31577,35591276.0,4.98,-2.42,-0.52,3.73
2008-01-24,000034,21.34,21.48,21.76,20.83,14045,16403159.0,4.43,2.38,0.5,1.66
2008-01-25,000034,21.48,20.94,21.48,20.54,12208,13991525.0,4.38,-2.51,-0.54,1.44
2008-01-28,000034,20.85,19.91,20.85,19.91,9280,10135276.0,4.49,-4.92,-1.03,1.1
2008-01-29,000034,18.93,18.93,19.53,18.93,19368,20069014.0,3.01,-4.92,-0.98,2.29
2008-01-30,000034,19.24,19.26,19.57,18.54,9642,10044724.0,5.44,1.74,0.33,1.14
2008-01-31,000034,19.01,18.66,19.68,18.66,6927,7232312.0,5.3,-3.12,-0.6,0.82
2008-02-01,000034,18.72,17.74,18.88,17.74,12697,12331872.0,6.11,-4.93,-0.92,1.5
2008-02-04,000034,17.67,18.61,18.61,17.67,11559,11635749.0,5.3,4.9,0.87,1.37
2008-02-05,000034,19.04,19.35,19.49,18.63,8742,9137809.0,4.62,3.98,0.74,1.03
2008-02-13,000034,18.9,18.63,19.24,18.39,7301,7461374.0,4.39,-3.72,-0.72,0.86
2008-02-14,000034,18.75,19.13,19.35,18.7,4661,4839861.0,3.49,2.68,0.5,0.55
2008-02-15,000034,18.9,20.07,20.07,18.54,11251,11847570.0,8.0,4.91,0.94,1.33
2008-02-18,000034,21.07,21.07,21.07,21.07,2036,2340917.0,0.0,4.98,1.0,0.24
2008-02-19,000034,22.12,21.52,22.12,21.21,35764,42590996.0,4.32,2.14,0.45,4.22
2008-02-20,000034,21.94,21.97,22.59,21.88,33828,41005196.0,3.3,2.09,0.45,4.0
2008-02-21,000034,22.33,22.46,22.59,21.99,19980,24350610.0,2.73,2.23,0.49,2.36
2008-02-22,000034,22.15,21.36,22.46,21.36,22437,26477382.0,4.9,-4.9,-1.1,2.65
2008-02-25,000034,21.39,20.54,21.65,20.36,14040,16053952.0,6.04,-3.84,-0.82,1.66
2008-02-26,000034,20.94,20.33,21.25,19.64,15404,17098930.0,7.84,-1.02,-0.21,1.82
2008-02-27,000034,20.4,20.71,20.87,20.2,8232,9271942.0,3.3,1.87,0.38,0.97
2008-02-28,000034,20.96,20.65,20.96,20.43,6477,7307414.5,2.56,-0.29,-0.06,0.77
2008-02-29,000034,20.76,20.91,20.98,20.53,6369,7238189.5,2.18,1.26,0.26,0.75
2008-03-03,000034,20.91,21.54,21.92,20.69,10807,12629566.0,5.88,3.01,0.63,1.28
2008-03-04,000034,21.79,21.94,22.61,21.63,33450,40739224.0,4.55,1.86,0.4,3.95
2008-03-05,000034,21.36,21.76,21.95,21.36,12581,14825297.0,2.69,-0.82,-0.18,1.49
2008-03-06,000034,21.76,21.9,22.5,21.72,10260,12355312.0,3.58,0.64,0.14,1.21
2008-03-07,000034,21.9,22.75,22.97,21.74,28323,34791340.0,5.62,3.88,0.85,3.35
2008-03-10,000034,22.7,21.76,22.7,21.63,18463,22287390.0,4.7,-4.35,-0.99,2.18
2008-03-11,000034,21.56,21.95,22.14,21.21,10180,12001491.0,4.27,0.87,0.19,1.2
2008-03-12,000034,22.15,22.03,22.44,21.85,11445,13817417.0,2.69,0.36,0.08,1.35
2008-03-13,000034,21.77,22.14,22.35,21.63,19488,23351800.0,3.27,0.5,0.11,2.3
2008-03-14,000034,21.97,22.61,22.88,21.94,22448,27482068.0,4.25,2.12,0.47,2.65
2008-03-17,000034,22.66,21.48,22.84,21.48,20787,24769254.0,6.02,-5.0,-1.13,2.46
2008-03-18,000034,20.42,20.42,20.69,20.42,6319,7046576.0,1.26,-4.93,-1.06,0.75
2008-03-19,000034,19.4,19.69,20.65,19.4,32103,34400892.0,6.12,-3.57,-0.73,3.79
2008-03-20,000034,19.64,19.24,19.64,18.72,24321,25068586.0,4.67,-2.29,-0.45,2.87
2008-03-21,000034,19.3,20.11,20.18,19.08,23175,24987106.0,5.72,4.52,0.87,2.74
2008-03-24,000034,20.49,20.43,21.01,19.87,38053,42876884.0,5.67,1.59,0.32,4.49
2008-07-14,000034,13.98,14.51,18.89,13.41,317356,174966464.0,26.82,-28.98,-5.92,24.14
2008-07-15,000034,13.84,13.81,14.29,13.81,101585,49109792.0,3.31,-4.82,-0.7,7.73
2008-07-16,000034,13.13,13.13,13.41,13.13,70281,32244192.0,2.03,-4.92,-0.68,5.35
2008-07-17,000034,12.52,12.49,12.88,12.49,72363,31553998.0,2.97,-4.87,-0.64,5.5
2008-07-18,000034,12.32,11.87,12.35,11.87,98443,40755156.0,3.84,-4.96,-0.62,7.49
2008-07-21,000034,11.7,12.18,12.46,11.53,92568,38803128.0,7.83,2.61,0.31,7.04
2008-07-22,000034,12.07,11.98,12.35,11.93,61398,25931870.0,3.45,-1.64,-0.2,4.67
2008-07-23,000034,11.93,11.7,12.21,11.56,60545,24836660.0,5.43,-2.34,-0.28,4.6
2008-07-24,000034,11.73,12.04,12.15,11.64,67404,27952214.0,4.36,2.91,0.34,5.13
2008-07-25,000034,11.93,12.07,12.26,11.81,55196,23215958.0,3.74,0.25,0.03,4.2
2008-07-28,000034,12.15,12.12,12.15,11.93,53568,22505184.0,1.82,0.41,0.05,4.07
2008-07-29,000034,12.04,11.73,12.29,11.7,60443,25244652.0,4.87,-3.22,-0.39,4.6
2008-07-30,000034,11.81,11.98,12.15,11.76,42422,17640884.0,3.32,2.13,0.25,3.23
2008-07-31,000034,11.95,11.39,11.98,11.39,51997,20822484.0,4.92,-4.92,-0.59,3.95
2008-08-01,000034,11.08,10.89,11.28,10.83,62992,23856220.0,3.95,-4.39,-0.5,4.79
2008-08-04,000034,10.86,10.35,10.89,10.35,39449,14369265.0,4.96,-4.96,-0.54,3.0
2008-08-05,000034,10.3,9.85,10.41,9.85,49636,17237018.0,5.41,-4.83,-0.5,3.77
2008-08-06,000034,9.79,10.1,10.16,9.42,52159,17682662.0,7.51,2.54,0.25,3.97
2008-08-07,000034,9.9,9.79,10.04,9.62,32381,10996816.0,4.16,-3.07,-0.31,2.46
2008-08-08,000034,9.82,9.31,9.85,9.31,26118,8645164.0,5.52,-4.9,-0.48,1.99
2008-08-11,000034,9.03,8.86,9.12,8.86,12920,3961893.75,2.79,-4.83,-0.45,0.98
2008-08-12,000034,8.44,8.44,8.58,8.44,36473,10623463.0,1.58,-4.74,-0.42,2.77
2008-08-13,000034,8.02,8.02,8.19,8.02,28068,7752341.0,2.01,-4.98,-0.42,2.13
2008-08-14,000034,7.82,7.85,8.05,7.68,33303,8990768.0,4.61,-2.12,-0.17,2.53
2008-08-15,000034,7.85,7.82,7.94,7.63,35231,9451661.0,3.95,-0.38,-0.03,2.68
2008-08-18,000034,7.79,7.46,7.85,7.46,22295,5782140.5,4.99,-4.6,-0.36,1.7
2008-08-19,000034,7.09,7.09,7.2,7.09,48599,11821294.0,1.47,-4.96,-0.37,3.7
2008-08-20,000034,6.95,7.43,7.43,6.76,65799,16266165.0,9.45,4.8,0.34,5.0
2008-08-21,000034,7.32,7.06,7.51,7.06,56620,14023987.0,6.06,-4.98,-0.37,4.31
2008-08-22,000034,6.9,6.81,6.98,6.73,31200,7309887.0,3.54,-3.54,-0.25,2.37
2008-08-25,000034,6.84,7.15,7.15,6.73,29106,7068294.0,6.17,4.99,0.34,2.21
2008-08-26,000034,7.2,7.15,7.49,7.01,72977,18208964.0,6.71,0.0,0.0,5.55
2008-08-27,000034,7.06,6.87,7.12,6.81,47808,11238146.0,4.34,-3.92,-0.28,3.64
2008-08-28,000034,6.84,6.53,6.84,6.53,32470,7336592.0,4.51,-4.95,-0.34,2.47
2008-08-29,000034,6.45,6.73,6.78,6.45,30598,6941864.0,5.05,3.06,0.2,2.33
2008-09-01,000034,6.64,6.42,6.64,6.42,34144,7528902.5,3.27,-4.61,-0.31,2.6
2008-09-02,000034,6.31,6.47,6.5,6.17,24452,5307152.5,5.14,0.78,0.05,1.86
2008-09-03,000034,6.45,6.5,6.61,6.33,20421,4524085.0,4.33,0.46,0.03,1.55
2008-09-04,000034,6.45,6.56,6.61,6.45,17646,3945856.25,2.46,0.92,0.06,1.34
2008-09-05,000034,6.47,6.25,6.47,6.25,25231,5391127.5,3.35,-4.73,-0.31,1.92
2008-09-08,000034,6.0,5.94,6.14,5.94,15818,3206271.0,3.2,-4.96,-0.31,1.2
2008-09-09,000034,5.66,5.66,5.77,5.66,37912,7284771.0,1.85,-4.71,-0.28,2.88
2008-09-10,000034,5.41,5.49,5.69,5.41,52463,9896243.0,4.95,-3.0,-0.17,3.99
2008-09-11,000034,5.41,5.24,5.41,5.24,27565,4920719.0,3.1,-4.55,-0.25,2.1
2008-09-12,000034,5.04,5.13,5.21,4.99,50063,8558896.0,4.2,-2.1,-0.11,3.81
2008-09-16,000034,5.04,4.9,5.04,4.87,47121,7827629.0,3.31,-4.48,-0.23,3.58
2008-09-17,000034,4.82,5.13,5.13,4.82,69205,11884628.0,6.33,4.69,0.23,5.26
2008-09-18,000034,5.01,5.15,5.21,4.87,71107,11919678.0,6.63,0.39,0.02,5.41
2008-09-19,000034,5.41,5.41,5.41,5.35,34720,6347556.5,1.17,5.05,0.26,2.64
2008-09-22,000034,5.66,5.49,5.66,5.41,76368,14353007.0,4.62,1.48,0.08,5.81
2008-09-23,000034,5.27,5.24,5.32,5.24,43346,7695438.0,1.46,-4.55,-0.25,3.3
2008-09-24,000034,4.99,5.13,5.13,4.99,35034,5932619.5,2.67,-2.1,-0.11,2.66
2008-09-25,000034,5.13,5.21,5.27,5.07,40884,7134237.5,3.9,1.56,0.08,3.11
2008-09-26,000034,5.27,5.46,5.46,5.21,72261,13243133.0,4.8,4.8,0.25,5.5
2008-10-06,000034,5.29,5.24,5.38,5.21,55139,9771035.0,3.11,-4.03,-0.22,4.19
2008-10-07,000034,5.18,5.21,5.27,5.04,13926,2429845.75,4.39,-0.57,-0.03,1.06
2008-10-08,000034,5.15,5.13,5.21,4.99,22499,3863295.25,4.22,-1.54,-0.08,1.71
2008-10-09,000034,5.18,5.1,5.21,5.07,14494,2516618.25,2.73,-0.58,-0.03,1.1
2008-10-10,000034,4.9,4.84,4.93,4.84,25949,4235404.0,1.76,-5.1,-0.26,1.97
2008-10-13,000034,4.7,4.76,4.76,4.62,40995,6378497.0,2.89,-1.65,-0.08,3.12
2008-10-14,000034,4.84,4.59,4.93,4.59,37228,5963586.5,7.14,-3.57,-0.17,2.83
2008-10-15,000034,4.51,4.65,4.68,4.4,19134,2881170.0,6.1,1.31,0.06,1.46
2008-10-16,000034,4.48,4.42,4.54,4.42,23101,3456163.0,2.58,-4.95,-0.23,1.76
2008-10-17,000034,4.4,4.4,4.48,4.28,19015,2766947.5,4.52,-0.45,-0.02,1.45
2008-10-20,000034,4.31,4.51,4.56,4.28,21914,3240427.5,6.36,2.5,0.11,1.67
2008-10-21,000034,4.51,4.7,4.73,4.45,47780,7510292.5,6.21,4.21,0.19,3.63
2008-10-22,000034,4.62,4.65,4.76,4.51,29204,4537419.5,5.32,-1.06,-0.05,2.22
2008-10-23,000034,4.54,4.62,4.65,4.45,19669,2994818.5,4.3,-0.65,-0.03,1.5
2008-10-24,000034,4.56,4.59,4.73,4.54,21667,3360635.25,4.11,-0.65,-0.03,1.65
2008-10-27,000034,4.48,4.37,4.56,4.37,19713,2896830.75,4.14,-4.79,-0.22,1.5
2008-10-28,000034,4.23,4.28,4.34,4.17,24510,3439226.0,3.89,-2.06,-0.09,1.86
2008-10-29,000034,4.28,4.09,4.37,4.09,22993,3222657.75,6.54,-4.44,-0.19,1.75
2008-10-30,000034,4.09,3.97,4.11,3.95,25291,3376956.0,3.91,-2.93,-0.12,1.92
2008-10-31,000034,4.0,3.95,4.06,3.89,24406,3224079.0,4.28,-0.5,-0.02,1.86
2008-11-03,000034,3.92,4.03,4.14,3.92,28056,3768351.25,5.57,2.03,0.08,2.13
2008-11-04,000034,4.0,4.14,4.17,3.97,27909,3801954.5,4.96,2.73,0.11,2.12
2008-11-05,000034,4.03,4.14,4.23,4.03,22618,3128701.5,4.83,0.0,0.0,1.72
2008-11-06,000034,4.06,4.0,4.11,4.0,15573,2096785.62,2.66,-3.38,-0.14,1.18
2008-11-07,000034,3.95,4.06,4.11,3.92,16218,2181673.0,4.75,1.5,0.06,1.23
2008-11-10,000034,4.11,4.25,4.25,4.09,39792,5575005.5,3.94,4.68,0.19,3.03
2008-11-11,000034,4.2,4.23,4.4,4.2,36919,5274271.5,4.71,-0.47,-0.02,2.81
2008-11-12,000034,4.23,4.31,4.31,4.17,27186,3841798.75,3.31,1.89,0.08,2.07
2008-11-13,000034,4.28,4.51,4.51,4.23,53738,7967889.5,6.5,4.64,0.2,4.09
2008-11-14,000034,4.51,4.7,4.73,4.42,62681,9602098.0,6.87,4.21,0.19,4.77
2008-11-17,000034,4.7,4.93,4.93,4.65,60611,9892576.0,5.96,4.89,0.23,4.61
2008-11-18,000034,5.04,4.7,5.13,4.7,73010,12068160.0,8.72,-4.67,-0.23,5.55
2008-11-19,000034,4.59,4.93,4.93,4.54,51993,8375301.5,8.3,4.89,0.23,3.95
2008-11-20,000034,4.9,5.04,5.15,4.84,62685,10565940.0,6.29,2.23,0.11,4.77
2008-11-21,000034,4.93,4.96,5.04,4.82,58137,9536333.0,4.37,-1.59,-0.08,4.42
2008-11-24,000034,4.96,4.73,4.96,4.73,38670,6275999.5,4.64,-4.64,-0.23,2.94
2008-11-25,000034,4.73,4.62,4.82,4.51,33043,5134218.0,6.55,-2.33,-0.11,2.51
2008-11-26,000034,4.62,4.65,4.73,4.48,26209,4067866.5,5.41,0.65,0.03,1.99
2008-11-27,000034,4.84,4.68,4.84,4.68,39092,6263607.0,3.44,0.65,0.03,2.97
2008-11-28,000034,4.59,4.59,4.73,4.56,21438,3328580.5,3.63,-1.92,-0.09,1.63
2008-12-01,000034,4.59,4.82,4.82,4.51,26511,4199656.0,6.75,5.01,0.23,2.02
2008-12-02,000034,4.76,5.04,5.04,4.7,74824,12561983.0,7.05,4.56,0.22,5.69
2008-12-03,000034,5.1,5.29,5.29,4.99,74137,12949962.0,5.95,4.96,0.25,5.64
2008-12-04,000034,5.32,5.32,5.55,5.32,83623,15566666.0,4.35,0.57,0.03,6.36
2008-12-05,000034,5.29,5.43,5.49,5.18,66172,11967258.0,5.83,2.07,0.11,5.03
2008-12-08,000034,5.52,5.69,5.69,5.41,66324,12634933.0,5.16,4.79,0.26,5.04
2008-12-09,000034,5.74,5.94,5.97,5.69,132149,26542872.0,4.92,4.39,0.25,10.05
2008-12-10,000034,5.88,6.22,6.22,5.83,99157,20821718.0,6.57,4.71,0.28,7.54
2008-12-11,000034,6.45,6.53,6.53,6.45,26667,5938051.0,1.29,4.98,0.31,2.03
2008-12-12,000034,6.53,6.22,6.56,6.22,117326,25036398.0,5.21,-4.75,-0.31,8.92
2008-12-15,000034,5.91,5.91,6.19,5.91,35781,7212745.0,4.5,-4.98,-0.31,2.72
2008-12-16,000034,5.69,6.19,6.19,5.63,76797,15074256.0,9.48,4.74,0.28,5.84
2008-12-17,000034,6.02,6.22,6.45,5.88,88599,18689186.0,9.21,0.48,0.03,6.74
2008-12-18,000034,6.25,6.19,6.28,6.02,45424,9529950.0,4.18,-0.48,-0.03,3.45
2008-12-19,000034,6.0,6.19,6.33,6.0,49413,10418370.0,5.33,0.0,0.0,3.76
2008-12-22,000034,6.22,6.28,6.36,6.14,51350,10965068.0,3.55,1.45,0.09,3.91
2008-12-23,000034,6.31,5.97,6.33,5.97,76936,15966176.0,5.73,-4.94,-0.31,5.85
2008-12-24,000034,5.72,5.69,5.83,5.69,40001,7745088.5,2.35,-4.69,-0.28,3.04
2008-12-25,000034,5.55,5.74,5.94,5.55,37706,7326172.0,6.85,0.88,0.05,2.87
2008-12-26,000034,5.83,5.88,5.94,5.72,33893,6741079.5,3.83,2.44,0.14,2.58
2008-12-29,000034,5.86,5.63,5.88,5.6,42846,8226666.0,4.76,-4.25,-0.25,3.26
2008-12-30,000034,5.63,5.66,5.74,5.6,28285,5450005.5,2.49,0.53,0.03,2.15
2008-12-31,000034,5.63,5.41,5.66,5.38,29777,5488581.5,4.95,-4.42,-0.25,2.26
2009-01-05,000034,5.29,5.58,5.58,5.29,26106,4820689.5,5.36,3.14,0.17,1.99
2009-01-06,000034,5.58,5.72,5.74,5.46,30191,5778274.5,5.02,2.51,0.14,2.3
2009-01-07,000034,5.72,5.74,5.86,5.69,28932,5669944.0,2.97,0.35,0.02,2.2
2009-01-08,000034,5.66,5.72,5.8,5.58,31477,6050854.0,3.83,-0.35,-0.02,2.39
2009-01-09,000034,5.63,5.8,5.83,5.63,25876,5061289.5,3.5,1.4,0.08,1.97
2009-01-12,000034,5.83,5.97,6.08,5.72,44663,8969811.0,6.21,2.93,0.17,3.4
2009-01-13,000034,5.88,5.69,5.88,5.69,35933,7018428.5,3.18,-4.69,-0.28,2.73
2009-01-14,000034,5.66,5.8,5.83,5.6,23461,4561674.0,4.04,1.93,0.11,1.78
2009-01-15,000034,5.8,5.77,5.86,5.72,24803,4890329.5,2.41,-0.52,-0.03,1.89
2009-01-16,000034,5.77,5.8,5.88,5.74,29392,5817448.0,2.43,0.52,0.03,2.24
2009-01-19,000034,5.83,5.74,5.86,5.69,30879,6039762.0,2.93,-1.03,-0.06,2.35
2009-01-20,000034,5.77,5.86,5.86,5.69,23101,4541052.0,2.96,2.09,0.12,1.76
2009-01-21,000034,5.8,5.74,5.86,5.69,27970,5502118.5,2.9,-2.05,-0.12,2.13
2009-01-22,000034,5.74,5.83,5.86,5.74,33490,6611359.5,2.09,1.57,0.09,2.55
2009-01-23,000034,5.83,6.11,6.11,5.83,81797,16900824.0,4.8,4.8,0.28,6.22
2009-02-02,000034,6.19,6.39,6.39,6.17,71048,15433430.0,3.6,4.58,0.28,5.4
2009-02-03,000034,6.56,6.7,6.7,6.56,32725,7477066.5,2.19,4.85,0.31,2.49
2009-02-04,000034,7.01,6.84,7.01,6.56,144639,33564768.0,6.72,2.09,0.14,11.0
2009-02-05,000034,6.84,6.64,6.84,6.64,100677,23208054.0,2.92,-2.92,-0.2,7.66
2009-02-06,000034,6.64,6.95,6.95,6.61,92685,21644142.0,5.12,4.67,0.31,7.05
2009-02-09,000034,7.09,7.29,7.29,6.98,109716,27193676.0,4.46,4.89,0.34,8.34
2009-02-10,000034,7.29,7.65,7.65,7.15,97422,25489620.0,6.86,4.94,0.36,7.41
2009-02-11,000034,7.85,8.02,8.02,7.85,25781,7087746.5,2.22,4.84,0.37,1.96
2009-02-12,000034,8.41,8.41,8.41,8.41,19552,5669987.0,0.0,4.86,0.39,1.49
2009-02-13,000034,8.83,8.83,8.83,8.83,8212,2504806.5,0.0,4.99,0.42,0.62
2009-02-16,000034,9.26,9.26,9.26,9.26,9241,2957088.0,0.0,4.87,0.43,0.7
2009-02-17,000034,9.71,9.09,9.71,8.81,226235,72281864.0,9.72,-1.84,-0.17,17.21
2009-02-18,000034,8.83,8.64,8.83,8.64,48088,14360977.0,2.09,-4.95,-0.45,3.66
2009-02-19,000034,8.22,8.3,8.58,8.22,156143,44530100.0,4.17,-3.94,-0.34,11.88
2009-02-20,000034,8.24,8.69,8.69,7.91,114420,32719764.0,9.4,4.7,0.39,8.7
2009-02-23,000034,8.83,8.89,9.06,8.38,105108,31921378.0,7.83,2.3,0.2,7.99
2009-02-24,000034,8.86,8.47,9.0,8.47,95792,28611380.0,5.96,-4.72,-0.42,7.29
2009-02-25,000034,8.41,8.27,8.58,8.05,85195,24068284.0,6.26,-2.36,-0.2,6.48
2009-02-26,000034,8.24,7.91,8.44,7.88,61895,17428886.0,6.77,-4.35,-0.36,4.71
2009-02-27,000034,7.85,7.51,7.85,7.51,36950,9586374.0,4.3,-5.06,-0.4,2.81
2009-03-02,000034,7.2,7.6,7.68,7.15,56683,14382046.0,7.06,1.2,0.09,4.31
2009-03-03,000034,7.43,7.46,7.65,7.23,38690,9869940.0,5.53,-1.84,-0.14,2.94
2009-03-04,000034,7.46,7.82,7.82,7.46,47919,12757181.0,4.83,4.83,0.36,3.64
2009-03-05,000034,8.05,8.19,8.19,8.02,101525,28464818.0,2.17,4.73,0.37,7.72
2009-03-06,000034,8.19,8.08,8.24,7.91,46330,12904793.0,4.03,-1.34,-0.11,3.52
2009-03-09,000034,8.1,7.68,8.27,7.68,48131,13060068.0,7.3,-4.95,-0.4,3.66
2009-03-10,000034,7.51,7.88,7.88,7.35,33407,8723110.0,6.9,2.6,0.2,2.54
2009-03-11,000034,7.82,7.85,8.05,7.82,42039,11453501.0,2.92,-0.38,-0.03,3.2
2009-03-12,000034,7.79,7.88,7.94,7.51,37460,9958289.0,5.48,0.38,0.03,2.85
2009-03-13,000034,7.85,7.91,8.08,7.71,57544,15618067.0,4.7,0.38,0.03,4.38
2009-03-16,000034,7.91,8.02,8.05,7.74,42129,11449321.0,3.92,1.39,0.11,3.2
2009-03-17,000034,8.02,8.41,8.41,7.91,75789,21744148.0,6.23,4.86,0.39,5.76
2009-03-18,000034,8.69,8.41,8.83,8.38,132294,39472056.0,5.35,0.0,0.0,10.06
2009-03-19,000034,8.27,8.64,8.67,8.27,72242,21108268.0,4.76,2.73,0.23,5.49
2009-03-20,000034,8.67,8.69,8.86,8.41,71317,21284928.0,5.21,0.58,0.05,5.42
2009-03-23,000034,8.67,8.72,8.83,8.61,63380,19064884.0,2.53,0.35,0.03,4.82
2009-03-24,000034,8.69,8.78,8.81,8.67,69165,20846768.0,1.61,0.69,0.06,5.26
2009-03-25,000034,8.78,8.81,9.2,8.67,114118,35608868.0,6.04,0.34,0.03,8.68
2009-03-26,000034,8.81,8.86,8.95,8.55,82081,24824906.0,4.54,0.57,0.05,6.24
2009-03-27,000034,8.98,8.89,9.06,8.78,71867,22102886.0,3.16,0.34,0.03,5.47
2009-03-30,000034,8.98,9.31,9.31,8.86,108717,34552872.0,5.06,4.72,0.42,8.27
2009-03-31,000034,9.17,9.54,9.68,8.89,117600,37925536.0,8.49,2.47,0.23,8.94
2009-04-01,000034,9.42,9.59,9.99,9.34,94674,31765870.0,6.81,0.52,0.05,7.2
2009-04-02,000034,9.62,9.45,9.68,9.4,66282,21734794.0,2.92,-1.46,-0.14,5.04
2009-04-03,000034,9.51,9.12,9.59,9.0,95075,30139512.0,6.24,-3.49,-0.33,7.23
2009-04-07,000034,9.12,9.2,9.23,8.95,51138,16143232.0,3.07,0.88,0.08,3.89
2009-04-08,000034,9.12,8.78,9.23,8.78,59749,18609726.0,4.89,-4.57,-0.42,4.54
2009-04-09,000034,8.78,9.03,9.06,8.75,44598,13714809.0,3.53,2.85,0.25,3.39
2009-04-10,000034,9.06,9.26,9.37,9.03,67111,21430310.0,3.77,2.55,0.23,5.1
2009-04-13,000034,9.28,9.37,9.54,9.26,74694,24180350.0,3.02,1.19,0.11,5.68
2009-04-14,000034,9.37,9.82,9.82,9.17,129862,43214384.0,6.94,4.8,0.45,9.88
2009-04-15,000034,10.01,10.3,10.3,9.71,164266,57354420.0,6.01,4.89,0.48,12.49
2009-04-16,000034,10.35,10.27,10.58,10.24,116079,41759484.0,3.3,-0.29,-0.03,8.83
2009-04-17,000034,10.18,9.87,10.24,9.76,94636,32593878.0,4.67,-3.89,-0.4,7.2
2009-04-20,000034,9.85,10.32,10.32,9.79,80102,28260342.0,5.37,4.56,0.45,6.09
2009-04-21,000034,10.24,10.69,10.83,10.1,109561,40321128.0,7.07,3.59,0.37,8.33
2009-04-22,000034,10.72,10.94,11.22,10.38,148010,56999776.0,7.86,2.34,0.25,11.26
2009-04-23,000034,11.0,10.6,11.0,10.41,110243,40403664.0,5.39,-3.11,-0.34,8.38
2009-04-24,000034,10.55,10.38,10.83,10.38,61162,22308074.0,4.25,-2.08,-0.22,4.65
2009-04-27,000034,10.41,9.87,10.49,9.87,55017,18906470.0,5.97,-4.91,-0.51,4.18
2009-04-29,000034,9.4,10.1,10.35,9.4,107574,36181116.0,9.63,2.33,0.23,8.18
2009-04-30,000034,10.1,10.07,10.32,9.9,52814,18577134.0,4.16,-0.3,-0.03,4.02
2009-05-04,000034,10.07,10.55,10.55,10.01,72986,26456062.0,5.36,4.77,0.48,5.55
2009-05-05,000034,10.58,10.58,10.8,10.41,58071,21377324.0,3.7,0.28,0.03,4.42
2009-05-06,000034,10.52,10.8,10.94,10.49,57739,21545536.0,4.25,2.08,0.22,4.39
2009-05-07,000034,10.8,10.58,10.91,10.27,62802,22998316.0,5.93,-2.04,-0.22,4.78
2009-05-08,000034,10.49,10.58,10.77,10.27,55686,20487386.0,4.73,0.0,0.0,4.24
2009-05-11,000034,10.72,10.18,10.75,10.18,57836,20856966.0,5.39,-3.78,-0.4,4.4
2009-05-12,000034,10.07,10.32,10.32,9.96,30547,10742521.0,3.54,1.38,0.14,2.32
2009-05-13,000034,10.38,10.38,10.49,10.13,38457,13826484.0,3.49,0.58,0.06,2.92
2009-05-14,000034,10.38,10.6,10.75,9.87,66553,24101980.0,8.48,2.12,0.22,5.06
2009-05-15,000034,10.66,10.66,10.75,10.44,51286,18917454.0,2.92,0.57,0.06,3.9
2009-05-18,000034,10.66,11.19,11.19,10.46,79220,30296014.0,6.85,4.97,0.53,6.02
2009-05-19,000034,11.5,11.73,11.73,11.34,49691,20196722.0,3.49,4.83,0.54,3.78
2009-05-20,000034,12.26,12.29,12.29,12.18,36673,15675234.0,0.94,4.77,0.56,2.79
2009-05-21,000034,12.85,11.7,12.85,11.7,185943,76648224.0,9.36,-4.8,-0.59,14.14
2009-05-22,000034,11.53,11.98,12.26,11.53,119503,50418028.0,6.24,2.39,0.28,9.09
2009-05-25,000034,11.39,11.84,11.98,11.39,62791,25474504.0,4.92,-1.17,-0.14,4.78
2009-05-26,000034,11.81,11.78,12.15,11.64,46648,19250280.0,4.31,-0.51,-0.06,3.55
2009-06-01,000034,11.81,11.87,12.35,11.81,56900,23765760.0,4.58,0.76,0.09,4.33
2009-06-02,000034,11.87,11.9,12.21,11.84,42884,17852236.0,3.12,0.25,0.03,3.26
2009-06-03,000034,11.93,12.04,12.18,11.87,60612,25356652.0,2.61,1.18,0.14,4.61
2009-06-04,000034,12.01,11.73,12.07,11.5,51927,21260808.0,4.73,-2.57,-0.31,3.95
2009-06-05,000034,11.76,12.09,12.29,11.76,57619,24223542.0,4.52,3.07,0.36,4.38
2009-06-08,000034,12.07,12.68,12.68,11.93,85774,37284908.0,6.2,4.88,0.59,6.52
2009-06-09,000034,12.85,13.3,13.3,12.71,119649,55216072.0,4.65,4.89,0.62,9.1
2009-06-10,000034,13.47,13.95,13.95,13.47,37352,18095910.0,3.61,4.89,0.65,2.84
2009-06-11,000034,14.31,14.0,14.62,13.7,138709,68946008.0,6.59,0.36,0.05,10.55
2009-06-12,000034,13.75,13.53,14.26,13.33,68072,32582300.0,6.64,-3.36,-0.47,5.18
2009-06-15,000034,13.53,14.2,14.2,13.47,60866,29867628.0,5.4,4.95,0.67,4.63
2009-06-16,000034,14.34,14.9,14.9,14.34,39448,20486602.0,3.94,4.93,0.7,3.0
2009-06-17,000034,15.58,15.18,15.63,14.9,101123,54189288.0,4.9,1.88,0.28,7.69
2009-06-18,000034,14.9,15.94,15.94,14.88,73195,39291256.0,6.98,5.01,0.76,5.57
2009-06-19,000034,16.0,16.17,16.73,16.0,91263,52520860.0,4.58,1.44,0.23,6.94
2009-06-22,000034,16.17,16.62,16.84,16.17,64823,37445184.0,4.14,2.78,0.45,4.93
2009-06-23,000034,16.67,16.2,16.73,15.8,41026,23345204.0,5.6,-2.53,-0.42,3.12
2009-06-24,000034,16.14,15.8,16.14,15.44,74010,40603008.0,4.32,-2.47,-0.4,5.63
2009-06-25,000034,15.69,15.89,16.08,15.58,47598,26346660.0,3.16,0.57,0.09,3.62
2009-06-26,000034,15.91,15.94,15.97,15.69,26999,14988375.0,1.76,0.31,0.05,2.05
2009-06-29,000034,15.72,15.89,16.53,15.66,31384,17759584.0,5.46,-0.31,-0.05,2.39
2009-06-30,000034,15.86,15.44,16.22,15.38,40441,22223270.0,5.29,-2.83,-0.45,3.08
2009-07-01,000034,15.44,15.18,15.63,15.13,31866,16961604.0,3.24,-1.68,-0.26,2.42
2009-07-02,000034,15.24,15.94,15.94,15.24,36693,19929860.0,4.61,5.01,0.76,2.79
2009-07-03,000034,15.94,15.75,16.53,15.75,41712,23443626.0,4.89,-1.19,-0.19,3.17
2009-07-06,000034,15.66,15.49,15.89,15.16,52976,28512908.0,4.63,-1.65,-0.26,4.03
2009-07-07,000034,16.25,16.25,16.25,16.25,34239,19481866.0,0.0,4.91,0.76,2.6
2009-07-08,000034,17.04,17.04,17.04,17.04,12701,7582765.5,0.0,4.86,0.79,0.97
2009-07-09,000034,17.54,17.88,17.88,17.15,155344,96687712.0,4.28,4.93,0.84,11.81
2009-07-10,000034,18.25,17.6,18.75,17.38,102322,65800640.0,7.66,-1.57,-0.28,7.78
2009-07-13,000034,17.4,17.97,18.42,17.12,59458,37148208.0,7.39,2.1,0.37,4.52
2009-07-14,000034,17.91,18.64,18.67,17.71,53844,34699284.0,5.34,3.73,0.67,4.1
2009-07-15,000034,18.56,18.58,18.75,18.22,46213,29817716.0,2.84,-0.32,-0.06,3.51
2009-07-16,000034,18.61,18.08,18.78,17.97,36517,23478966.0,4.36,-2.69,-0.5,2.78
2009-07-17,000034,17.91,18.47,18.67,17.71,42530,27134076.0,5.31,2.16,0.39,3.23
2009-07-20,000034,18.5,18.5,18.81,18.13,37586,24409074.0,3.68,0.16,0.03,2.86
2009-07-21,000034,18.5,18.36,18.95,18.25,40519,26364552.0,3.78,-0.76,-0.14,3.08
2009-07-22,000034,18.13,18.22,18.53,18.13,24647,15826053.0,2.18,-0.76,-0.14,1.87
2009-07-23,000034,18.36,19.12,19.12,18.25,54430,36035756.0,4.77,4.94,0.9,4.14
2009-07-24,000034,19.62,19.17,19.82,18.42,53534,36039772.0,7.32,0.26,0.05,4.07
2009-07-27,000034,19.03,19.23,19.65,18.81,39296,26527172.0,4.38,0.31,0.06,2.99
2009-07-28,000034,19.4,18.28,19.4,18.28,100309,65063356.0,5.82,-4.94,-0.95,5.32
2009-07-29,000034,18.28,17.4,18.3,17.38,98563,60708844.0,5.03,-4.81,-0.88,5.23
2009-07-30,000034,17.12,16.79,17.54,16.56,84894,50338104.0,5.63,-3.51,-0.61,4.5
2009-07-31,000034,16.73,17.6,17.6,16.73,64837,39437440.0,5.18,4.82,0.81,3.44
2009-08-03,000034,17.8,18.25,18.47,17.54,97924,62551804.0,5.28,3.69,0.65,5.19
2009-08-04,000034,18.22,18.11,18.95,17.71,54675,34980892.0,6.79,-0.77,-0.14,2.9
2009-08-05,000034,18.11,18.39,18.75,17.91,69241,44587800.0,4.64,1.55,0.28,3.67
2009-08-06,000034,18.47,17.57,18.47,17.57,70213,43830572.0,4.89,-4.46,-0.82,3.72
2009-08-07,000034,17.6,17.21,18.05,17.18,40757,25162900.0,4.95,-2.05,-0.36,2.16
2009-08-10,000034,17.4,17.6,17.74,17.35,45152,27774292.0,2.27,2.27,0.39,2.39
2009-08-11,000034,17.46,17.57,17.97,17.46,26958,16748247.0,2.9,-0.17,-0.03,1.43
2009-08-12,000034,17.32,16.7,17.77,16.7,44320,26485140.0,6.09,-4.95,-0.87,2.35
2009-08-13,000034,16.7,16.39,16.93,15.89,29777,16948540.0,6.23,-1.86,-0.31,1.58
2009-08-14,000034,16.98,17.21,17.21,16.39,75446,45306976.0,5.0,5.0,0.82,4.0
2009-08-17,000034,17.26,16.36,17.26,16.36,64878,38012936.0,5.23,-4.94,-0.85,3.44
2009-08-18,000034,15.61,15.83,16.39,15.55,38447,21282128.0,5.13,-3.24,-0.53,2.04
2009-08-19,000034,15.86,15.83,16.62,15.66,42081,23738272.0,6.06,0.0,0.0,2.23
2009-08-20,000034,15.83,16.56,16.56,15.72,27241,15481848.0,5.31,4.61,0.73,1.44
2009-08-21,000034,16.7,17.09,17.21,16.31,25176,14768840.0,5.43,3.2,0.53,1.34
2009-08-24,000034,17.01,17.49,17.66,16.95,50763,31088162.0,4.15,2.34,0.4,2.69
2009-08-25,000034,17.26,17.8,17.97,16.98,45229,27362784.0,5.66,1.77,0.31,2.4
2009-08-26,000034,17.8,18.3,18.5,17.8,41886,26810250.0,3.93,2.81,0.5,2.22
2009-08-27,000034,18.3,19.2,19.2,18.3,96435,64709140.0,4.92,4.92,0.9,5.12
2009-08-28,000034,19.26,19.17,19.79,18.53,80883,54674776.0,6.56,-0.16,-0.03,4.29
2009-08-31,000034,18.67,18.22,19.48,18.22,63628,41861172.0,6.57,-4.96,-0.95,3.37
2009-09-01,000034,18.16,17.46,18.44,17.38,42152,26365788.0,5.82,-4.17,-0.76,2.24
2009-09-02,000034,17.26,17.94,18.33,17.26,51069,32315578.0,6.13,2.75,0.48,2.71
2009-09-03,000034,17.69,18.44,18.64,17.69,40007,25718688.0,5.3,2.79,0.5,2.12
2009-09-04,000034,18.53,19.01,19.12,18.25,34948,22843258.0,4.72,3.09,0.57,1.85
2009-09-07,000034,19.09,19.01,19.51,18.98,39286,26407932.0,2.79,0.0,0.0,2.08
2009-09-08,000034,18.81,19.01,19.12,18.53,27871,18385464.0,3.1,0.0,0.0,1.48
2009-09-09,000034,19.17,18.67,19.26,18.39,34744,22711588.0,4.58,-1.79,-0.34,1.84
2009-09-10,000034,18.64,18.72,19.01,18.39,20388,13394183.0,3.32,0.27,0.05,1.08
2009-09-11,000034,18.47,19.06,19.23,18.22,55278,36846348.0,5.4,1.82,0.34,2.93
2009-09-14,000034,19.54,19.99,19.99,19.29,95694,66488868.0,3.67,4.88,0.93,5.08
2009-09-15,000034,20.35,20.02,20.97,19.09,134986,96580480.0,9.4,0.15,0.03,7.16
2009-09-16,000034,19.74,20.24,20.69,19.12,70466,49126440.0,7.84,1.1,0.22,3.74
2009-09-17,000034,20.16,20.33,20.61,19.96,43137,30889832.0,3.21,0.44,0.09,2.29
2009-09-18,000034,20.33,20.49,20.66,20.07,42481,30450390.0,2.9,0.79,0.16,2.25
2009-09-21,000034,20.52,21.14,21.25,20.07,58738,42798368.0,5.76,3.17,0.65,3.12
2009-09-22,000034,21.11,21.79,22.18,20.72,110278,85411136.0,6.91,3.07,0.65,5.85
2009-09-23,000034,21.39,22.71,22.8,21.39,88966,70319344.0,6.47,4.22,0.92,4.72
2009-09-24,000034,22.46,22.24,23.02,21.93,65172,51485888.0,4.8,-2.07,-0.47,3.46
2009-09-25,000034,22.26,22.01,22.74,21.9,33000,25808498.0,3.78,-1.03,-0.23,1.75
2009-09-28,000034,21.9,22.1,23.02,21.9,36526,28965676.0,5.09,0.41,0.09,1.94
2009-09-29,000034,22.12,21.0,22.57,21.0,55175,41435592.0,7.1,-4.98,-1.1,2.93
2009-09-30,000034,21.0,21.06,21.79,20.38,33766,25079246.0,6.71,0.29,0.06,1.79
2009-10-09,000034,21.7,21.65,21.73,21.2,29853,22645420.0,2.52,2.8,0.59,1.58
2009-10-12,000034,22.1,22.66,22.71,21.9,41792,33119970.0,3.74,4.67,1.01,2.22
2009-10-13,000034,22.74,22.94,23.39,22.66,36622,29764134.0,3.22,1.24,0.28,1.94
2009-10-14,000034,22.97,22.8,23.22,22.69,29485,23714336.0,2.31,-0.61,-0.14,1.56
2009-10-15,000034,22.91,22.88,23.22,22.74,19037,15352374.0,2.11,0.35,0.08,1.01
2009-10-16,000034,23.11,22.63,23.16,22.21,37371,29718640.0,4.15,-1.09,-0.25,1.98
2009-10-19,000034,22.69,23.36,23.39,22.69,47083,38404356.0,3.09,3.23,0.73,2.5
2009-10-20,000034,23.39,23.3,23.61,23.14,39837,32676994.0,2.01,-0.26,-0.06,2.11
2009-10-21,000034,23.3,23.33,23.5,23.11,47124,38625036.0,1.67,0.13,0.03,2.5
2009-10-22,000034,23.39,22.26,23.47,22.18,83457,65896284.0,5.53,-4.59,-1.07,4.43
2009-10-23,000034,21.79,22.71,22.8,21.34,107065,82538504.0,6.56,2.02,0.45,5.68
2009-10-26,000034,22.24,21.93,22.46,21.79,85525,66053864.0,2.95,-3.43,-0.78,4.54
2009-10-27,000034,21.9,22.35,22.71,21.79,58556,45942712.0,4.2,1.92,0.42,3.11
2009-10-28,000034,22.18,23.3,23.33,21.93,73971,59714996.0,6.26,4.25,0.95,3.92
2009-10-29,000034,23.19,23.22,24.03,22.88,78107,64865048.0,4.94,-0.34,-0.08,4.14
2009-10-30,000034,23.11,23.59,23.81,23.02,47722,39423132.0,3.4,1.59,0.37,2.53
2009-11-02,000034,24.29,23.78,24.29,23.44,59250,49792140.0,3.6,0.81,0.19,3.14
2009-11-03,000034,23.78,24.43,24.65,23.64,49627,42247160.0,4.25,2.73,0.65,2.63
2009-11-04,000034,24.43,25.64,25.64,24.29,82837,73621192.0,5.53,4.95,1.21,4.39
2009-11-05,000034,25.64,26.73,26.9,25.5,96736,90061504.0,5.46,4.25,1.09,5.13
2009-11-06,000034,26.68,26.11,26.68,25.83,76995,70796352.0,3.18,-2.32,-0.62,4.08
2009-11-09,000034,25.8,24.91,25.83,24.82,136593,120566960.0,3.87,-4.6,-1.2,7.25
2009-11-10,000034,25.21,25.5,25.8,24.6,81487,72630840.0,4.82,2.37,0.59,4.32
2009-11-11,000034,25.55,25.69,26.0,25.21,45254,40797580.0,3.1,0.75,0.19,2.4
2009-11-13,000034,26.96,26.09,26.96,25.97,195009,182880240.0,3.85,1.56,0.4,10.34
2009-11-16,000034,25.83,25.19,25.83,24.79,223155,196651120.0,3.99,-3.45,-0.9,11.84
2009-11-17,000034,24.85,24.82,24.91,24.29,139446,121063296.0,2.46,-1.47,-0.37,7.4
2009-11-18,000034,24.85,25.41,25.5,24.48,107247,94061784.0,4.11,2.38,0.59,5.69
2009-11-19,000034,25.33,25.27,25.33,24.88,90056,79662160.0,1.77,-0.55,-0.14,4.78
2009-11-20,000034,25.13,25.66,26.06,24.88,86780,77470288.0,4.67,1.54,0.39,4.6
2009-11-23,000034,25.92,25.66,25.97,25.47,66899,60474936.0,1.95,0.0,0.0,3.55
2009-11-24,000034,25.72,24.4,25.95,24.4,101093,89540336.0,6.04,-4.91,-1.26,5.36
2009-11-25,000034,24.29,24.32,24.51,23.19,83395,69629000.0,5.41,-0.33,-0.08,4.42
2009-11-26,000034,24.32,23.11,24.32,23.11,75382,62336492.0,4.98,-4.98,-1.21,4.0
2009-11-27,000034,22.24,22.52,23.5,22.18,54274,43490768.0,5.71,-2.55,-0.59,2.88
2009-11-30,000034,22.52,23.64,23.64,22.52,47775,39277568.0,4.97,4.97,1.12,2.53
2009-12-01,000034,23.67,24.03,24.71,23.59,63784,54768044.0,4.74,1.65,0.39,3.38
2009-12-02,000034,24.01,23.61,24.29,23.59,56571,47516524.0,2.91,-1.75,-0.42,3.0
2009-12-03,000034,23.64,23.78,24.34,23.59,49293,41485020.0,3.18,0.72,0.17,2.61
2009-12-04,000034,23.73,23.3,24.12,22.74,49404,40679112.0,5.8,-2.02,-0.48,2.62
2009-12-07,000034,23.53,22.83,23.59,22.6,89707,72168032.0,4.25,-2.02,-0.47,4.76
2009-12-08,000034,22.83,22.69,23.28,22.57,98657,79605336.0,3.11,-0.61,-0.14,5.23
2009-12-09,000034,22.74,23.81,23.81,22.69,139537,113978192.0,4.94,4.94,1.12,7.4
2009-12-10,000034,24.57,24.99,24.99,23.89,271088,237409968.0,4.62,4.96,1.18,14.38
2010-09-03,000034,26.23,26.23,26.23,25.55,181532,167578384.0,2.72,4.96,1.24,8.93
2010-09-06,000034,26.93,24.93,26.93,24.93,193398,171884336.0,7.62,-4.96,-1.3,9.52
2010-09-07,000034,23.81,23.7,23.81,23.7,30147,25169056.0,0.44,-4.93,-1.23,1.48
2010-09-08,000034,22.52,23.0,23.53,22.52,167710,134658896.0,4.26,-2.95,-0.7,8.25
2010-09-09,000034,22.77,22.41,22.97,22.18,79593,63199440.0,3.43,-2.57,-0.59,3.92
2010-09-10,000034,22.24,23.08,23.25,22.24,60562,48966492.0,4.51,2.99,0.67,2.98
2010-09-14,000034,24.15,23.14,24.15,22.94,96203,79656408.0,5.24,0.26,0.06,4.73
2010-09-15,000034,22.97,21.98,23.02,21.98,78843,61447152.0,4.49,-5.01,-1.16,3.88
2010-09-16,000034,21.7,20.89,21.7,20.89,60530,44593272.0,3.69,-4.96,-1.09,2.98
2010-09-17,000034,20.38,20.92,21.42,20.33,39431,29005152.0,5.22,0.14,0.03,1.94
2010-09-20,000034,21.0,21.28,21.79,20.94,38928,29247758.0,4.06,1.72,0.36,1.92
2010-09-21,000034,21.37,20.24,21.37,20.24,63583,45663168.0,5.31,-4.89,-1.04,3.13
2010-09-27,000034,19.85,20.3,20.44,19.85,40726,28871944.0,2.92,0.3,0.06,2.0
2010-09-28,000034,20.3,20.35,20.69,20.1,36018,25767300.0,2.91,0.25,0.05,1.77
2010-09-29,000034,20.35,19.82,20.38,19.79,28158,19799738.0,2.9,-2.6,-0.53,1.39
2010-09-30,000034,19.43,20.19,20.21,19.43,39138,27305078.0,3.94,1.87,0.37,1.93
2010-10-08,000034,20.44,20.61,20.89,20.33,53752,38892936.0,2.77,2.08,0.42,2.64
2010-10-11,000034,20.78,21.62,21.62,20.58,90442,67118144.0,5.05,4.9,1.01,4.45
2010-10-12,000034,21.62,22.1,22.38,21.56,78432,60649720.0,3.79,2.22,0.48,3.86
2010-10-13,000034,22.12,22.26,22.46,21.42,74405,57451172.0,4.71,0.72,0.16,3.66
2010-10-14,000034,22.46,21.62,22.57,21.53,57133,44087600.0,4.67,-2.88,-0.64,2.81
2010-10-15,000034,21.59,21.9,22.12,21.39,55007,42125796.0,3.38,1.3,0.28,2.71
2010-10-18,000034,22.04,20.83,22.04,20.83,64880,48474724.0,5.53,-4.89,-1.07,3.19
2010-10-19,000034,20.64,21.14,21.31,20.64,34754,25564260.0,3.22,1.49,0.31,1.71
2010-10-20,000034,20.78,22.18,22.18,20.66,87696,67689376.0,7.19,4.92,1.04,4.31
2010-10-21,000034,22.49,22.8,23.14,22.07,71857,57020624.0,4.82,2.8,0.62,3.54
2010-10-22,000034,22.63,23.0,23.11,22.35,71259,57063280.0,3.33,0.88,0.2,3.51
2010-10-25,000034,24.12,23.81,24.12,23.36,162815,136389040.0,3.3,3.52,0.81,8.01
2010-10-26,000034,23.87,23.3,23.87,23.14,91232,74989488.0,3.07,-2.14,-0.51,4.49
2010-10-27,000034,23.3,22.94,23.5,22.85,60174,49124216.0,2.79,-1.55,-0.36,2.96
2010-10-28,000034,22.8,23.02,23.14,22.8,39394,31815560.0,1.48,0.35,0.08,1.94
2010-10-29,000034,23.02,22.83,23.16,22.6,49560,39734192.0,2.43,-0.83,-0.19,2.44
2010-11-01,000034,23.0,23.95,23.95,23.0,60712,50815736.0,4.16,4.91,1.12,2.99
2010-11-02,000034,25.05,25.13,25.13,24.71,127400,112487192.0,1.75,4.93,1.18,6.27
2010-11-03,000034,26.28,24.91,26.31,24.74,197012,179257040.0,6.25,-0.88,-0.22,9.69
2010-11-04,000034,24.85,25.44,26.0,24.71,85248,76332392.0,5.18,2.13,0.53,4.19
2010-11-05,000034,25.66,25.5,25.8,25.05,83278,74311080.0,2.95,0.24,0.06,4.1
2010-11-08,000034,25.69,25.58,25.78,25.16,88999,79747280.0,2.43,0.31,0.08,4.38
2010-11-09,000034,25.61,26.84,26.84,25.61,156571,147067248.0,4.81,4.93,1.26,7.7
2010-11-10,000034,27.21,28.17,28.17,26.87,161510,159350528.0,4.84,4.96,1.33,7.95
2010-11-11,000034,28.31,29.01,29.57,28.19,129705,134325024.0,4.9,2.98,0.84,6.38
2010-11-12,000034,28.64,28.87,30.44,27.8,269914,277601472.0,9.1,-0.48,-0.14,13.28
2010-11-15,000034,28.76,29.06,29.71,27.43,158714,159171360.0,7.9,0.66,0.19,7.81
2010-11-16,000034,29.49,27.66,29.6,27.63,98521,98814952.0,6.78,-4.82,-1.4,4.85
2010-11-17,000034,26.96,26.28,26.96,26.28,60865,56591676.0,2.46,-4.99,-1.38,2.99
2010-11-18,000034,25.27,25.47,26.11,24.99,107231,95498688.0,4.26,-3.08,-0.81,5.28
2010-11-19,000034,25.33,26.11,26.11,24.85,68034,60936812.0,4.95,2.51,0.64,3.35
2010-11-22,000034,25.72,27.1,27.13,25.55,71182,66383968.0,6.05,3.79,0.99,3.5
2010-11-23,000034,27.52,26.65,27.6,25.92,53035,49436672.0,6.2,-1.66,-0.45,2.61
2010-11-24,000034,26.23,27.18,27.49,25.75,56317,53031460.0,6.53,1.99,0.53,2.77
2010-11-25,000034,27.04,27.07,27.6,26.9,59318,56828428.0,2.58,-0.4,-0.11,2.92
2010-11-26,000034,27.72,27.1,27.74,26.68,55097,52749408.0,3.92,0.11,0.03,2.71
2010-11-29,000034,26.96,26.54,26.96,26.06,45070,41968024.0,3.32,-2.07,-0.56,2.22
2010-11-30,000034,26.4,25.75,26.84,25.21,60039,54773304.0,6.14,-2.98,-0.79,2.95
2010-12-01,000034,25.58,25.55,25.8,25.38,21667,19531312.0,1.63,-0.78,-0.2,1.07
2010-12-02,000034,26.06,25.64,26.11,25.58,26203,23808772.0,2.07,0.35,0.09,1.29
2010-12-03,000034,25.64,26.11,26.17,25.21,44774,40495552.0,3.74,1.83,0.47,2.2
2010-12-06,000034,26.09,27.38,27.38,25.61,65756,61507384.0,6.78,4.86,1.27,3.24
2010-12-07,000034,27.27,26.96,27.38,26.62,60555,57625052.0,2.78,-1.53,-0.42,2.98
2010-12-08,000034,26.96,26.34,26.96,26.34,32188,30200068.0,2.3,-2.3,-0.62,1.58
2010-12-09,000034,26.28,25.64,26.28,25.64,28516,26003000.0,2.43,-2.66,-0.7,1.4
2010-12-10,000034,25.52,26.4,26.54,25.33,32159,29528106.0,4.72,2.96,0.76,1.58
2010-12-13,000034,26.28,26.59,26.68,26.23,49193,45958224.0,1.7,0.72,0.19,2.42
2010-12-14,000034,26.59,26.87,26.96,26.31,44193,41490144.0,2.44,1.05,0.28,2.17
2010-12-15,000034,26.87,26.28,26.87,26.23,35008,32692202.0,2.38,-2.2,-0.59,1.72
2010-12-16,000034,26.31,26.03,26.4,26.03,29187,26884736.0,1.41,-0.95,-0.25,1.44
2010-12-17,000034,26.0,26.06,26.2,25.92,24422,22412366.0,1.08,0.12,0.03,1.2
2010-12-20,000034,26.06,26.09,26.34,25.21,44983,40938564.0,4.34,0.12,0.03,2.21
2010-12-22,000034,26.34,25.75,26.54,25.69,27281,25034666.0,3.26,-1.3,-0.34,1.34
2010-12-23,000034,25.95,25.58,25.95,25.55,36821,33278976.0,1.55,-0.66,-0.17,1.81
2010-12-24,000034,25.55,24.85,25.55,24.71,33187,29353458.0,3.28,-2.85,-0.73,1.63
2010-12-27,000034,24.79,23.61,25.41,23.61,39365,33805912.0,7.24,-4.99,-1.24,1.94
2010-12-28,000034,23.44,22.91,23.81,22.69,28779,23283694.0,4.74,-2.96,-0.7,1.42
2010-12-29,000034,22.8,23.0,23.16,22.46,15862,12735991.0,3.06,0.39,0.09,0.78
2010-12-30,000034,23.14,23.28,23.5,22.74,24357,19822980.0,3.3,1.22,0.28,1.2
2010-12-31,000034,23.28,23.53,23.73,23.28,16527,13682389.0,1.93,1.07,0.25,0.81
2011-01-04,000034,23.73,23.92,24.09,23.47,20993,17563600.0,2.63,1.66,0.39,1.03
2011-01-05,000034,23.75,23.73,24.15,23.59,21930,18373778.0,2.34,-0.79,-0.19,1.08
2011-01-06,000034,23.73,23.39,23.84,23.3,18298,15142171.0,2.28,-1.43,-0.34,0.9
2011-01-07,000034,23.44,23.44,23.7,23.3,20150,16655159.0,1.71,0.21,0.05,0.99
2011-01-10,000034,23.5,22.74,23.5,22.71,14888,12084893.0,3.37,-2.99,-0.7,0.73
2011-01-11,000034,22.71,22.74,22.83,22.32,14414,11450911.0,2.24,0.0,0.0,0.71
2011-01-12,000034,22.77,22.69,22.94,22.46,13625,10874023.0,2.11,-0.22,-0.05,0.67
2011-01-13,000034,22.69,23.81,23.81,22.69,31129,25945468.0,4.94,4.94,1.12,1.53
2011-01-14,000034,23.87,23.22,23.89,23.19,36851,30591160.0,2.94,-2.48,-0.59,1.81
2011-01-17,000034,22.46,22.1,22.97,22.07,23482,18541644.0,3.88,-4.82,-1.12,1.16
2011-01-18,000034,22.24,23.19,23.19,22.1,20998,17053156.0,4.93,4.93,1.09,1.03
2011-01-19,000034,23.44,23.25,23.47,23.05,31183,25543474.0,1.81,0.26,0.06,1.53
2011-01-20,000034,23.36,23.08,24.09,23.08,31774,26291218.0,4.34,-0.73,-0.17,1.56
2011-01-21,000034,23.08,23.11,23.39,23.0,17212,14048633.0,1.69,0.13,0.03,0.85
2011-01-24,000034,23.05,22.74,23.44,22.74,21257,17313616.0,3.03,-1.6,-0.37,1.05
2011-01-25,000034,22.74,22.12,22.74,22.01,16817,13138524.0,3.21,-2.73,-0.62,0.83
2011-01-26,000034,22.15,22.41,22.6,22.12,8380,6591855.5,2.17,1.31,0.29,0.41
2011-01-27,000034,22.32,22.46,22.74,22.1,12193,9656002.0,2.86,0.22,0.05,0.6
2011-01-28,000034,23.42,23.08,23.42,22.88,22465,18235394.0,2.4,2.76,0.62,1.11
2011-01-31,000034,23.11,23.16,23.16,22.85,19581,15871230.0,1.34,0.35,0.08,0.96
2011-02-01,000034,23.14,23.05,23.39,22.85,26565,21582976.0,2.33,-0.47,-0.11,1.31
2011-02-09,000034,23.05,23.02,23.28,22.74,24612,19898598.0,2.34,-0.13,-0.03,1.21
2011-02-10,000034,23.02,23.42,23.47,22.85,45530,37107884.0,2.69,1.74,0.4,2.24
2011-02-11,000034,23.3,23.33,23.42,23.16,39858,32667832.0,1.11,-0.38,-0.09,1.96
2011-02-14,000034,23.36,23.7,23.78,23.36,45135,37500916.0,1.8,1.59,0.37,2.22
2011-02-15,000034,23.73,23.7,23.95,23.5,41837,34986164.0,1.9,0.0,0.0,2.06
2011-02-16,000034,23.7,24.23,24.29,23.64,42130,35726808.0,2.74,2.24,0.53,2.07
2011-02-17,000034,24.29,24.01,24.29,23.7,39711,33464476.0,2.43,-0.91,-0.22,1.95
2011-02-18,000034,24.01,23.7,24.06,23.56,40817,34159120.0,2.08,-1.29,-0.31,2.01
2011-02-21,000034,23.56,24.88,24.88,23.5,74624,64346120.0,5.82,4.98,1.18,3.67
2011-02-22,000034,24.99,24.54,25.5,24.09,85906,75202896.0,5.67,-1.37,-0.34,4.23
2011-02-23,000034,24.4,25.55,25.75,24.4,71617,63756664.0,5.5,4.12,1.01,3.52
2011-02-24,000034,25.52,25.5,25.55,24.99,54450,48525364.0,2.19,-0.2,-0.05,2.68
2011-02-25,000034,25.44,26.0,26.4,25.44,69939,64179792.0,3.76,1.96,0.5,3.44
2011-02-28,000034,25.89,25.33,25.89,24.71,87953,78092232.0,4.54,-2.58,-0.67,4.33
2011-03-01,000034,26.0,26.03,26.28,25.69,86592,79257880.0,2.33,2.76,0.7,4.26
2011-03-02,000034,25.97,27.21,27.32,25.58,140604,133612184.0,6.68,4.53,1.18,6.92
2011-03-03,000034,27.38,27.24,28.53,26.59,137852,134775856.0,7.13,0.11,0.03,6.78
2011-03-04,000034,27.18,27.46,27.66,26.96,63627,61174028.0,2.57,0.81,0.22,3.13
2011-03-07,000034,27.83,27.29,28.02,27.18,71228,68722472.0,3.06,-0.62,-0.17,3.5
2011-03-08,000034,27.32,26.73,27.52,26.56,84625,79911328.0,3.52,-2.05,-0.56,4.16
2011-03-09,000034,26.82,27.04,27.43,26.79,54822,52229728.0,2.39,1.16,0.31,2.7
2011-03-10,000034,26.96,26.84,27.24,26.34,56845,53472992.0,3.33,-0.74,-0.2,2.8
2011-03-11,000034,26.84,26.54,26.96,26.54,39899,37615576.0,1.56,-1.12,-0.3,1.96
2011-03-14,000034,26.17,26.42,26.48,25.97,42218,38970408.0,1.92,-0.45,-0.12,2.08
2011-03-15,000034,26.34,25.92,26.4,25.21,50719,46073456.0,4.5,-1.89,-0.5,2.5
2011-03-16,000034,25.92,26.0,26.17,25.89,40002,36632592.0,1.08,0.31,0.08,1.97
2011-03-17,000034,25.97,25.75,26.17,25.3,40907,37150392.0,3.35,-0.96,-0.25,2.01
2011-03-18,000034,25.97,26.25,26.54,25.78,47924,44369696.0,2.95,1.94,0.5,2.36
2011-03-21,000034,26.25,26.28,26.45,26.09,31544,29240798.0,1.37,0.11,0.03,1.55
2011-03-22,000034,26.31,26.54,26.87,26.28,51188,48000144.0,2.25,0.99,0.26,2.52
2011-03-23,000034,26.68,26.28,26.76,26.06,51775,48057424.0,2.64,-0.98,-0.26,2.55
2011-03-24,000034,26.23,25.95,26.28,25.92,41409,37975776.0,1.37,-1.26,-0.33,2.04
2011-03-25,000034,25.95,26.42,26.42,25.8,36829,33864112.0,2.39,1.81,0.47,1.81
2011-03-28,000034,26.7,26.25,26.87,26.14,51736,48240860.0,2.76,-0.64,-0.17,2.55
2011-03-29,000034,26.25,25.66,26.37,25.52,45846,41983000.0,3.24,-2.25,-0.59,2.26
2011-03-30,000034,25.64,25.36,25.97,25.36,44520,40144864.0,2.38,-1.17,-0.3,2.19
2011-04-01,000034,26.34,27.86,27.86,26.34,374364,366038240.0,5.99,9.86,2.5,18.42
2011-04-06,000034,27.52,27.97,27.97,26.99,218133,211322368.0,3.52,0.39,0.11,10.73
2011-04-07,000034,27.63,30.27,30.75,27.52,353510,374844032.0,11.55,8.22,2.3,17.39
2011-04-08,000034,29.79,30.38,30.38,29.18,227185,238746288.0,3.96,0.36,0.11,11.18
2011-04-11,000034,30.41,30.02,31.17,29.51,200152,213378688.0,5.46,-1.18,-0.36,9.85
2011-04-12,000034,29.77,29.26,30.22,28.92,146375,152723600.0,4.33,-2.53,-0.76,7.2
2011-04-13,000034,29.01,29.37,29.54,28.53,107862,110091664.0,3.45,0.38,0.11,5.31
2011-04-14,000034,29.18,29.65,30.47,28.95,135246,142483440.0,5.18,0.95,0.28,6.65
2011-04-15,000034,29.23,29.09,29.68,28.64,100804,103339312.0,3.51,-1.89,-0.56,4.96
2011-04-18,000034,28.87,28.39,28.9,28.08,116041,116041440.0,2.82,-2.41,-0.7,5.71
2011-04-19,000034,28.17,26.62,28.17,26.42,146870,140146576.0,6.16,-6.23,-1.77,7.23
2011-04-20,000034,26.4,26.48,26.79,26.11,74400,69256096.0,2.55,-0.53,-0.14,3.66
2011-04-21,000034,26.4,26.54,26.79,26.28,68241,63771848.0,1.93,0.23,0.06,3.36
2011-04-22,000034,26.4,26.06,26.51,25.69,78525,71837536.0,3.09,-1.81,-0.48,3.86
2011-04-25,000034,26.09,26.06,26.4,25.78,50309,46247872.0,2.38,0.0,0.0,2.48
2011-04-26,000034,26.06,24.79,26.25,24.79,54277,48643776.0,5.6,-4.87,-1.27,2.67
2011-04-27,000034,24.71,23.95,25.07,23.67,66767,56965640.0,5.65,-3.39,-0.84,3.29
2011-04-28,000034,23.78,23.78,24.4,23.36,46491,39052160.0,4.34,-0.71,-0.17,2.29
2011-04-29,000034,23.81,24.23,24.32,23.78,35577,30168058.0,2.27,1.89,0.45,1.75
2011-05-03,000034,24.2,24.34,24.34,23.78,33105,28091180.0,2.31,0.45,0.11,1.63
2011-05-04,000034,24.34,23.05,24.34,22.74,41489,34383736.0,6.57,-5.3,-1.29,2.04
2011-05-05,000034,22.88,23.25,23.53,22.74,26239,21440066.0,3.43,0.87,0.2,1.29
2011-05-06,000034,23.16,23.22,23.42,22.8,29868,24248046.0,2.67,-0.13,-0.03,1.47
2011-05-09,000034,23.11,23.64,23.73,23.11,28539,23620344.0,2.67,1.81,0.42,1.4
2011-05-10,000034,23.73,23.44,23.73,23.19,27843,22913598.0,2.28,-0.85,-0.2,1.37
2011-05-11,000034,23.39,24.01,24.32,23.19,53728,45158188.0,4.82,2.43,0.57,2.64
2011-05-12,000034,23.78,23.36,23.95,23.36,34421,28633928.0,2.46,-2.71,-0.65,1.69
2011-05-13,000034,23.08,23.7,23.84,23.08,28159,23274200.0,3.25,1.46,0.34,1.39
2011-05-16,000034,23.75,24.12,24.26,23.75,36208,30553410.0,2.15,1.77,0.42,1.78
2011-05-17,000034,24.01,24.06,24.43,23.7,38946,33107732.0,3.03,-0.25,-0.06,1.92
2011-05-18,000034,24.09,24.34,24.57,23.92,34005,29180472.0,2.7,1.16,0.28,1.67
2011-05-19,000034,24.4,24.03,24.68,24.01,28080,24017448.0,2.75,-1.27,-0.31,1.38
2011-05-20,000034,23.84,23.56,24.12,23.39,21425,17895824.0,3.04,-1.96,-0.47,1.05
2011-05-23,000034,23.59,22.21,23.64,21.96,38804,31139762.0,7.13,-5.73,-1.35,1.91
2011-05-24,000034,22.18,21.87,22.52,21.56,29796,22943694.0,4.32,-1.53,-0.34,1.47
2011-05-25,000034,21.87,21.34,22.15,21.34,19443,14820254.0,3.7,-2.42,-0.53,0.96
2011-05-26,000034,21.45,21.06,21.84,21.06,19705,14920496.0,3.66,-1.31,-0.28,0.97
2011-05-27,000034,21.2,20.38,21.2,20.38,24598,17998512.0,3.89,-3.23,-0.68,1.21
2011-05-30,000034,20.38,19.96,20.47,19.88,13882,9833266.0,2.89,-2.06,-0.42,0.68
2011-05-31,000034,20.07,20.41,20.49,19.9,17502,12454816.0,2.96,2.25,0.45,0.86
2011-06-01,000034,20.66,20.97,20.97,20.35,18600,13579975.0,3.04,2.74,0.56,0.92
2011-06-02,000034,20.72,20.41,20.72,19.93,16681,11910270.0,3.77,-2.67,-0.56,0.82
2011-06-03,000034,20.27,20.66,20.8,20.27,14860,10759894.0,2.6,1.22,0.25,0.73
2011-06-07,000034,20.66,20.86,20.97,20.38,14221,10401762.0,2.86,0.97,0.2,0.7
2011-06-08,000034,20.89,21.34,21.48,20.64,32234,24029434.0,4.03,2.3,0.48,1.59
2011-06-09,000034,21.28,20.89,21.62,20.64,31632,23539412.0,4.59,-2.11,-0.45,1.56
2011-06-10,000034,20.92,20.55,20.97,20.1,25635,18446626.0,4.16,-1.63,-0.34,1.26
2011-06-13,000034,20.55,20.38,20.55,20.02,11393,8095454.5,2.58,-0.83,-0.17,0.56
2011-06-14,000034,20.44,20.58,20.75,20.3,15163,10958135.0,2.21,0.98,0.2,0.75
2011-06-15,000034,20.61,20.33,20.8,20.27,16831,12147046.0,2.58,-1.21,-0.25,0.83
2011-06-16,000034,20.21,20.07,20.47,19.93,10494,7433798.5,2.66,-1.28,-0.26,0.52
2011-06-20,000034,19.93,19.29,20.19,19.23,16586,11455652.0,4.78,-3.89,-0.78,0.82
2011-06-21,000034,19.37,19.57,19.6,19.29,9091,6215416.5,1.61,1.45,0.28,0.45
2011-06-22,000034,19.79,19.6,19.82,19.43,8032,5536098.5,1.99,0.15,0.03,0.4
2011-06-23,000034,19.68,20.02,20.07,19.37,13815,9569731.0,3.57,2.14,0.42,0.68
2011-06-24,000034,19.99,20.44,20.66,19.93,22701,16229283.0,3.65,2.1,0.42,1.12
2011-06-27,000034,20.44,20.49,20.8,20.44,18605,13459805.0,1.76,0.24,0.05,0.92
2011-06-28,000034,20.58,20.52,20.72,20.27,13798,9921966.0,2.2,0.15,0.03,0.68
2011-06-29,000034,20.66,20.13,20.66,20.13,14401,10285577.0,2.58,-1.9,-0.39,0.71
2011-06-30,000034,20.16,20.21,20.47,20.02,17105,12229694.0,2.24,0.4,0.08,0.84
2011-07-01,000034,20.24,20.61,20.64,20.24,20200,14542316.0,1.98,1.98,0.4,0.99
2011-07-04,000034,20.78,21.23,21.28,20.64,34987,25834248.0,3.11,3.01,0.62,1.72
2011-07-05,000034,21.25,21.11,21.42,21.0,29426,21887482.0,1.98,-0.57,-0.12,1.45
2011-07-06,000034,21.11,21.62,21.9,20.97,40991,30882072.0,4.41,2.42,0.51,2.02
2011-07-07,000034,21.51,21.7,21.98,21.42,38218,29196220.0,2.59,0.37,0.08,1.88
2011-07-08,000034,21.73,21.84,21.9,21.42,25116,19147114.0,2.21,0.65,0.14,1.24
2011-07-11,000034,21.9,21.96,22.01,21.48,30607,23400788.0,2.43,0.55,0.12,1.51
2011-07-12,000034,21.9,21.48,22.12,21.45,36804,28200692.0,3.05,-2.19,-0.48,1.81
2011-07-13,000034,21.31,21.82,21.82,21.31,23243,17707830.0,2.37,1.58,0.34,1.14
2011-07-14,000034,22.85,23.98,23.98,22.69,142229,119058872.0,5.91,9.9,2.16,7.0
2011-07-15,000034,24.29,25.95,26.28,24.26,337532,302614048.0,8.42,8.22,1.97,16.61
2011-07-18,000034,25.89,26.68,27.24,25.89,276000,259570704.0,5.2,2.81,0.73,13.58
2011-07-19,000034,26.28,26.23,26.68,25.58,143843,132520920.0,4.12,-1.69,-0.45,7.08
2011-07-20,000034,26.28,24.99,26.54,24.99,158791,142961920.0,5.91,-4.73,-1.24,7.81
2011-07-21,000034,24.6,24.29,24.93,23.87,197348,168172816.0,4.24,-2.8,-0.7,9.71
2011-07-22,000034,24.06,24.57,24.65,23.81,191626,163706176.0,3.46,1.15,0.28,5.64
2011-07-25,000034,24.4,22.69,24.43,22.57,129817,106624904.0,7.57,-7.65,-1.88,3.82
2011-07-26,000034,22.85,23.16,23.33,22.69,67609,54849160.0,2.82,2.07,0.47,1.99
2011-07-27,000034,23.02,23.22,23.42,22.46,81311,66007152.0,4.15,0.26,0.06,2.39
2011-07-28,000034,23.14,22.77,23.14,22.32,60972,48573572.0,3.53,-1.94,-0.45,1.79
2011-07-29,000034,22.71,22.24,22.91,22.18,48520,38338068.0,3.21,-2.33,-0.53,1.43
2011-08-01,000034,22.26,22.55,22.83,22.26,44538,35332332.0,2.56,1.39,0.31,1.31
2011-08-02,000034,22.57,22.04,22.57,21.39,55934,42931168.0,5.23,-2.26,-0.51,1.64
2011-08-03,000034,21.65,21.93,22.18,21.31,38920,29884486.0,3.95,-0.5,-0.11,1.14
2011-08-04,000034,21.98,22.26,22.26,21.93,41983,32645692.0,1.5,1.5,0.33,1.23
2011-08-05,000034,21.56,21.0,21.62,20.86,53804,40290536.0,3.41,-5.66,-1.26,1.58
2011-08-08,000034,20.78,19.23,20.78,18.92,71588,49422996.0,8.86,-8.43,-1.77,2.11
2011-08-09,000034,18.33,18.84,19.15,17.94,55344,35953184.0,6.29,-2.03,-0.39,1.63
2011-08-10,000034,19.23,19.06,19.76,19.01,52498,35750284.0,3.98,1.17,0.22,1.54
2011-08-11,000034,17.8,19.85,20.21,17.8,60984,41322212.0,12.64,4.14,0.79,1.79
2011-08-12,000034,19.85,20.16,20.49,19.82,62156,44146072.0,3.38,1.56,0.31,1.83
2011-08-15,000034,20.16,20.55,20.78,20.02,39330,28220316.0,3.77,1.93,0.39,1.16
2011-08-16,000034,21.06,20.8,21.73,20.52,67684,49973228.0,5.89,1.22,0.25,1.99
2011-08-17,000034,20.72,20.55,21.06,20.52,34479,25147232.0,2.6,-1.2,-0.25,1.01
2011-08-18,000034,20.52,19.9,20.58,19.68,39190,27635644.0,4.38,-3.16,-0.65,1.15
2011-08-19,000034,19.12,19.88,19.9,18.98,25397,17463764.0,4.62,-0.1,-0.02,0.75
2011-08-22,000034,19.9,19.71,20.27,19.6,16634,11661167.0,3.37,-0.86,-0.17,0.49
2011-08-23,000034,19.65,20.07,20.35,19.65,32846,23131794.0,3.55,1.83,0.36,0.97
2011-08-24,000034,20.19,19.9,20.35,19.9,25833,18243592.0,2.24,-0.85,-0.17,0.76
2011-08-25,000034,19.9,20.38,20.44,19.85,36033,25658098.0,2.96,2.41,0.48,1.06
2011-08-26,000034,20.44,20.33,20.44,20.16,21851,15584885.0,1.37,-0.25,-0.05,0.64
2011-08-29,000034,20.33,20.58,20.69,20.07,29192,20914230.0,3.05,1.23,0.25,0.86
2011-08-30,000034,20.55,20.05,20.78,19.99,28044,20144494.0,3.84,-2.58,-0.53,0.82
2011-08-31,000034,19.9,20.24,20.33,19.9,17919,12667010.0,2.14,0.95,0.19,0.53
2011-09-01,000034,20.24,20.38,20.41,20.13,25128,17909634.0,1.38,0.69,0.14,0.74
2011-09-02,000034,20.38,20.69,20.69,19.68,38925,27667506.0,4.96,1.52,0.31,1.14
2011-09-05,000034,20.64,20.8,20.83,20.19,46102,33298874.0,3.09,0.53,0.11,1.36
2011-09-06,000034,20.61,21.45,21.7,20.47,92327,69078624.0,5.91,3.13,0.65,2.72
2011-09-07,000034,21.45,21.98,22.15,21.45,81929,62876792.0,3.26,2.47,0.53,2.41
2011-09-08,000034,22.07,21.51,22.24,21.48,50804,38791268.0,3.46,-2.14,-0.47,1.49
2011-09-09,000034,21.23,20.49,21.56,20.49,44610,32847940.0,4.97,-4.74,-1.02,1.31
2011-09-13,000034,19.99,20.21,20.38,19.93,29589,20957948.0,2.2,-1.37,-0.28,0.87
2011-09-14,000034,20.35,20.35,20.49,19.82,28449,20113384.0,3.32,0.69,0.14,0.84
2011-09-15,000034,20.47,20.41,20.47,20.27,16681,11943814.0,0.98,0.29,0.06,0.49
2011-09-16,000034,20.41,21.03,21.39,18.39,55697,40412244.0,14.7,3.04,0.62,1.64
2011-09-19,000034,20.75,20.21,21.08,19.99,34407,24859332.0,5.18,-3.9,-0.82,1.01
2011-09-20,000034,20.16,20.02,20.3,19.74,26113,18352962.0,2.77,-0.94,-0.19,0.77
2011-09-21,000034,20.07,20.58,20.61,19.82,27773,19869426.0,3.95,2.8,0.56,0.82
2011-09-22,000034,20.55,19.9,20.55,19.88,22081,15615778.0,3.26,-3.3,-0.68,0.65
2011-09-23,000034,19.65,19.37,19.82,19.15,26694,18228154.0,3.37,-2.66,-0.53,0.78
2011-09-26,000034,19.26,19.23,19.65,19.09,14510,9842321.0,2.89,-0.72,-0.14,0.43
2011-09-27,000034,19.29,19.43,19.6,19.26,13606,9272116.0,1.77,1.04,0.2,0.4
2011-09-28,000034,19.46,19.15,19.82,19.03,11767,7968211.0,4.07,-1.44,-0.28,0.35
2011-09-29,000034,18.84,17.99,18.98,17.91,20996,13464097.0,5.59,-6.06,-1.16,0.62
2011-09-30,000034,18.33,17.85,18.33,17.69,8124,5108785.0,3.56,-0.78,-0.14,0.24
2011-10-10,000034,17.91,17.85,18.22,17.83,6138,3866931.75,2.18,0.0,0.0,0.18
2011-10-11,000034,18.25,17.91,18.47,17.83,11974,7597384.5,3.59,0.34,0.06,0.35
2011-10-12,000034,17.91,18.47,18.5,17.8,15188,9723881.0,3.91,3.13,0.56,0.45
2011-10-13,000034,18.47,18.84,18.87,18.39,16467,10786025.0,2.6,2.0,0.37,0.48
2011-10-14,000034,18.61,18.47,18.61,18.25,14979,9693942.0,1.91,-1.96,-0.37,0.44
2011-10-17,000034,18.39,18.5,18.67,18.25,8872,5758656.5,2.27,0.16,0.03,0.26
2011-10-18,000034,18.28,17.74,18.53,17.74,14050,8859630.0,4.27,-4.11,-0.76,0.41
2011-10-19,000034,17.83,17.97,18.05,17.8,10126,6366746.0,1.41,1.3,0.23,0.3
2011-10-20,000034,17.97,17.69,18.05,17.54,12362,7686949.5,2.84,-1.56,-0.28,0.36
2011-10-21,000034,17.91,17.12,17.91,17.12,8917,5440493.0,4.47,-3.22,-0.57,0.26
2011-10-24,000034,16.93,17.38,17.52,16.93,9332,5664415.5,3.45,1.52,0.26,0.27
2011-10-25,000034,17.43,17.71,17.77,17.07,20393,12481860.0,4.03,1.9,0.33,0.6
2011-10-26,000034,17.54,17.74,17.97,17.46,15529,9672881.0,2.88,0.17,0.03,0.46
2011-10-27,000034,17.74,17.8,17.97,17.66,12035,7517168.0,1.75,0.34,0.06,0.35
2011-10-28,000034,17.91,18.33,18.44,17.85,21997,13961452.0,3.31,2.98,0.53,0.65
2011-10-31,000034,18.25,18.56,18.75,17.91,37539,24004822.0,4.58,1.25,0.23,1.1
2011-11-01,000034,18.42,19.03,19.12,17.94,48023,30973472.0,6.36,2.53,0.47,1.41
2011-11-02,000034,18.56,18.89,18.98,18.36,43272,28525256.0,3.26,-0.74,-0.14,1.27
2011-11-03,000034,18.89,18.58,19.31,18.58,34507,22998524.0,3.86,-1.64,-0.31,1.01
2011-11-04,000034,18.64,18.67,19.03,18.39,23866,15604532.0,3.44,0.48,0.09,0.7
2011-11-07,000034,18.72,18.5,18.78,18.39,17128,11170475.0,2.09,-0.91,-0.17,0.5
2011-11-08,000034,18.44,17.97,18.53,17.94,19446,12439190.0,3.19,-2.86,-0.53,0.57
2011-11-09,000034,18.16,18.56,18.64,17.99,22514,14435041.0,3.62,3.28,0.59,0.66
2011-11-10,000034,18.39,18.81,18.92,18.22,37315,24206974.0,3.77,1.35,0.25,1.1
2011-11-11,000034,18.67,18.95,19.09,18.42,37433,24606754.0,3.56,0.74,0.14,1.1
2011-11-14,000034,18.89,19.15,19.82,18.78,74326,49547172.0,5.49,1.06,0.2,2.19
2011-11-15,000034,19.06,19.06,19.15,18.84,31229,20796266.0,1.62,-0.47,-0.09,0.92
2011-11-16,000034,19.03,18.33,19.15,18.22,32539,21346392.0,4.88,-3.83,-0.73,0.96
2011-11-17,000034,18.47,18.5,18.64,18.25,19395,12553703.0,2.13,0.93,0.17,0.57
2011-11-18,000034,18.36,18.67,18.78,18.13,39913,25715816.0,3.51,0.92,0.17,1.17
2011-11-21,000034,18.75,18.58,18.95,18.42,44687,29119026.0,2.84,-0.48,-0.09,1.31
2011-11-22,000034,18.47,18.42,18.47,17.18,41340,25914444.0,6.94,-0.86,-0.16,1.22
2011-11-23,000034,18.08,17.97,18.95,17.94,43620,27886124.0,5.48,-2.44,-0.45,1.28
2011-11-24,000034,17.83,17.52,17.83,17.46,17761,10952456.0,2.06,-2.5,-0.45,0.52
2011-11-25,000034,17.49,17.01,17.6,17.01,18810,11411906.0,3.37,-2.91,-0.51,0.55
2011-11-28,000034,17.01,17.18,17.32,16.95,9062,5427657.5,2.18,1.0,0.17,0.27
2011-11-29,000034,17.38,17.46,17.66,17.15,12942,7896305.5,2.97,1.63,0.28,0.38
2011-11-30,000034,17.52,16.28,17.52,15.77,18500,10750166.0,10.02,-6.76,-1.18,0.54
2011-12-01,000034,16.56,16.76,17.26,16.56,19008,11258613.0,4.3,2.95,0.48,0.56
2011-12-02,000034,16.79,16.39,16.79,16.28,10489,6028462.5,3.04,-2.21,-0.37,0.31
2011-12-05,000034,16.42,16.06,16.42,15.72,14648,8202032.0,4.27,-2.01,-0.33,0.43
2011-12-06,000034,15.94,16.48,16.56,15.77,14361,8157354.5,4.92,2.62,0.42,0.42
2011-12-07,000034,16.48,16.34,16.79,16.0,33069,18922038.0,4.79,-0.85,-0.14,0.97
2011-12-08,000034,16.28,16.5,16.56,15.8,25589,14540930.0,4.65,0.98,0.16,0.75
2011-12-09,000034,16.31,16.28,16.7,16.08,27658,15748583.0,3.76,-1.33,-0.22,0.81
2011-12-12,000034,16.28,15.35,16.48,15.16,18447,10223918.0,8.11,-5.71,-0.93,0.54
2011-12-13,000034,15.21,14.03,15.21,13.84,22849,11384168.0,8.93,-8.6,-1.32,0.67
2011-12-14,000034,14.14,13.19,14.14,13.08,15592,7360497.5,7.56,-5.99,-0.84,0.46
2011-12-15,000034,13.19,12.63,13.19,12.63,14139,6336198.0,4.25,-4.25,-0.56,0.42
2011-12-16,000034,12.63,12.99,13.13,12.54,13565,6012382.0,4.67,2.85,0.36,0.4
2011-12-19,000034,12.96,12.74,12.96,12.37,15399,6766097.5,4.54,-1.92,-0.25,0.45
2011-12-20,000034,12.77,12.8,12.94,12.57,11739,5247382.0,2.9,0.47,0.06,0.35
2011-12-21,000034,12.88,12.49,13.11,12.49,12554,5627795.5,4.84,-2.42,-0.31,0.37
2011-12-22,000034,12.49,11.93,12.49,11.5,14050,5825680.5,7.93,-4.48,-0.56,0.41
2011-12-23,000034,11.7,12.12,12.21,11.7,8058,3385013.75,4.27,1.59,0.19,0.24
2011-12-26,000034,12.12,12.23,12.35,11.87,10583,4500283.0,3.96,0.91,0.11,0.31
2011-12-27,000034,12.21,11.5,12.21,11.45,13345,5463550.5,6.21,-5.97,-0.73,0.39
2011-12-28,000034,11.39,11.05,11.42,10.55,25019,9501863.0,7.57,-3.91,-0.45,0.74
2011-12-29,000034,10.97,11.05,11.14,10.91,12707,4865491.0,2.08,0.0,0.0,0.37
2011-12-30,000034,11.14,11.25,11.25,11.0,9980,3874404.25,2.26,1.81,0.2,0.29
2012-01-04,000034,11.31,10.69,11.39,10.66,13628,5225588.0,6.49,-4.98,-0.56,0.4
2012-01-05,000034,10.58,9.87,10.63,9.85,12758,4575894.0,7.3,-7.67,-0.82,0.38
2012-01-09,000034,10.04,10.83,10.83,9.93,13091,4850128.0,9.12,9.73,0.96,0.38
2012-01-10,000034,11.9,11.9,11.9,11.9,4879,2019835.62,0.0,9.88,1.07,0.14
2012-01-11,000034,13.05,13.05,13.05,13.05,12395,5639784.0,0.0,9.66,1.15,0.36
2012-01-12,000034,14.34,14.34,14.34,13.39,198909,99350616.0,7.28,9.89,1.29,5.85
2012-01-13,000034,14.31,13.55,14.31,13.3,164480,78908640.0,7.04,-5.51,-0.79,4.84
2012-01-16,000034,13.27,12.49,13.36,12.49,70766,31954046.0,6.42,-7.82,-1.06,2.08
2012-01-17,000034,12.49,13.02,13.27,12.26,115917,51767524.0,8.09,4.24,0.53,3.41
2012-01-18,000034,12.85,14.29,14.29,12.52,193517,91602728.0,13.59,9.75,1.27,5.69
2012-01-19,000034,13.75,13.61,14.17,13.33,123572,59043500.0,5.88,-4.76,-0.68,3.63
2012-01-20,000034,13.58,13.41,13.86,13.33,58479,27663414.0,3.89,-1.47,-0.2,1.72
2012-01-30,000034,13.41,14.73,14.73,13.27,173069,87423704.0,10.89,9.84,1.32,5.09
2012-01-31,000034,14.73,14.76,14.96,14.34,95143,48830672.0,4.21,0.2,0.03,2.8
2012-02-01,000034,14.76,14.43,15.58,14.4,123755,64713580.0,7.99,-2.24,-0.33,3.64
2012-02-02,000034,14.12,14.79,14.79,14.12,83055,42163448.0,4.64,2.49,0.36,2.44
2012-02-03,000034,14.71,14.9,15.47,14.59,86953,45755032.0,5.95,0.74,0.11,2.56
2012-02-06,000034,14.9,14.79,15.04,14.51,75720,38846160.0,3.56,-0.74,-0.11,2.23
2012-02-07,000034,14.73,14.88,14.88,14.2,78634,39798052.0,4.6,0.61,0.09,2.31
2012-02-08,000034,14.88,15.07,15.3,14.51,125285,65563888.0,5.31,1.28,0.19,3.68
2012-02-09,000034,15.18,14.9,16.0,14.88,142792,76343568.0,7.43,-1.13,-0.17,4.2
2012-02-10,000034,14.68,15.63,16.28,14.62,171620,93395496.0,11.14,4.9,0.73,5.05
2012-02-13,000034,15.27,16.22,16.53,15.02,178782,98157024.0,9.66,3.77,0.59,5.26
2012-02-14,000034,15.94,15.77,16.08,15.55,109894,60772528.0,3.27,-2.77,-0.45,3.23
2012-02-15,000034,15.75,15.83,15.97,15.63,80797,44658552.0,2.16,0.38,0.06,2.38
2012-02-16,000034,15.86,15.44,15.94,15.18,81084,44079336.0,4.8,-2.46,-0.39,2.38
2012-02-17,000034,15.52,15.41,15.63,15.13,54638,29354398.0,3.24,-0.19,-0.03,1.61
2012-02-20,000034,15.61,15.49,16.0,15.32,99487,54653796.0,4.41,0.52,0.08,2.93
2012-02-21,000034,15.38,15.94,16.08,15.18,127786,70155320.0,5.81,2.91,0.45,3.76
2012-02-22,000034,15.94,15.94,16.06,15.66,106000,58810796.0,2.51,0.0,0.0,3.12
2012-02-23,000034,16.08,15.94,16.17,15.69,86891,48358292.0,3.01,0.0,0.0,2.56
2012-02-24,000034,15.89,16.06,16.11,15.72,82157,45827116.0,2.45,0.75,0.12,2.42
2012-02-27,000034,16.06,15.75,16.25,15.75,105031,58847348.0,3.11,-1.93,-0.31,3.09
2012-02-28,000034,15.66,15.13,15.69,15.02,97924,52410004.0,4.25,-3.94,-0.62,2.88
2012-02-29,000034,14.93,14.99,15.27,14.88,46318,24372702.0,2.58,-0.93,-0.14,1.36
2012-03-01,000034,14.9,15.13,15.18,14.9,36697,19343574.0,1.87,0.93,0.14,1.08
2012-03-02,000034,15.21,15.32,15.41,15.07,47004,25102718.0,2.25,1.26,0.19,1.38
2012-03-05,000034,15.47,15.35,15.63,15.27,46597,25160150.0,2.35,0.2,0.03,1.37
2012-03-06,000034,15.32,16.87,16.87,15.16,296596,169337856.0,11.14,9.9,1.52,8.72
2012-03-07,000034,16.62,16.31,16.65,16.11,171178,98098488.0,3.2,-3.32,-0.56,5.03
2012-03-08,000034,16.36,16.42,16.48,16.17,100905,57667860.0,1.9,0.67,0.11,2.97
2012-03-09,000034,16.34,16.2,16.56,16.11,90379,51447692.0,2.74,-1.34,-0.22,2.66
2012-03-12,000034,16.2,16.2,16.34,15.97,60816,34418672.0,2.28,0.0,0.0,1.79
2012-03-13,000034,16.25,16.39,16.42,16.06,71516,40769452.0,2.22,1.17,0.19,2.1
2012-03-14,000034,16.36,15.04,16.45,14.88,119469,65853044.0,9.58,-8.24,-1.35,3.51
2012-03-15,000034,14.96,14.34,15.04,13.84,84300,42578752.0,7.98,-4.65,-0.7,2.48
2012-03-16,000034,14.06,14.51,14.54,14.03,60297,30151334.0,3.56,1.19,0.17,1.77
2012-03-19,000034,14.51,14.76,14.85,14.37,43881,22414776.0,3.31,1.72,0.25,1.29
2012-03-20,000034,14.76,14.34,14.76,14.26,37351,18878956.0,3.39,-2.85,-0.42,1.1
2012-03-21,000034,14.34,14.4,14.51,14.03,38712,19353553.0,3.35,0.42,0.06,1.14
2012-03-22,000034,14.37,14.57,14.59,14.23,31225,15767794.0,2.5,1.18,0.17,0.92
2012-03-23,000034,14.57,13.89,14.59,13.86,32311,15960471.0,5.01,-4.67,-0.68,0.95
2012-03-26,000034,13.7,14.12,14.12,13.58,28276,13678731.0,3.89,1.66,0.23,0.83
2012-03-27,000034,14.03,14.37,14.54,14.03,48732,24338932.0,3.61,1.77,0.25,1.43
2012-03-28,000034,14.2,13.86,14.2,13.61,49949,24167136.0,4.11,-3.55,-0.51,1.47
2012-03-29,000034,13.7,13.02,13.72,12.63,42002,19539082.0,7.86,-6.06,-0.84,1.24
2012-03-30,000034,12.88,13.16,13.41,12.88,43404,20029561.0,4.07,1.08,0.14,1.28
2012-04-05,000034,13.22,13.39,13.44,12.85,33463,15541008.0,4.48,1.75,0.23,0.98
2012-04-06,000034,13.39,13.33,13.53,13.19,33302,15511631.0,2.54,-0.45,-0.06,0.98
2012-04-09,000034,13.19,13.3,13.61,13.13,29392,13719901.0,3.6,-0.23,-0.03,0.86
2012-04-10,000034,13.19,13.44,13.44,12.8,31447,14391430.0,4.81,1.05,0.14,0.92
2012-04-11,000034,13.16,13.53,13.58,13.02,37350,17475185.0,4.17,0.67,0.09,1.1
2012-04-12,000034,13.61,14.85,14.85,13.47,125301,62922400.0,10.2,9.76,1.32,3.68
2012-04-13,000034,16.31,16.31,16.31,16.31,162911,93022015.0,0.0,9.83,1.46,4.79
2012-04-16,000034,16.53,17.91,17.91,15.47,567323,343026880.0,14.96,9.81,1.6,16.68
2012-04-17,000034,17.01,16.14,17.07,16.14,346711,200351063.0,5.19,-9.88,-1.77,10.2
2012-04-18,000034,15.75,16.34,16.81,15.47,296610,168910895.0,8.3,1.24,0.2,8.72
2012-04-19,000034,15.91,16.31,16.34,15.49,173774,96933696.0,5.2,-0.18,-0.03,5.11
2012-04-20,000034,16.03,16.36,17.12,16.03,232611,135893738.0,6.68,0.31,0.05,6.84
2012-04-23,000034,16.08,15.94,16.42,15.58,146793,81833267.0,5.13,-2.57,-0.42,4.32
2012-04-24,000034,15.61,16.98,17.52,15.13,260980,148538452.0,14.99,6.52,1.04,7.67
2012-04-25,000034,16.56,17.8,18.61,16.25,363141,223479686.0,13.9,4.83,0.82,10.68
2012-04-26,000034,17.4,16.65,18.75,16.34,261738,162221089.0,13.54,-6.46,-1.15,7.7
2012-04-27,000034,16.17,15.94,16.53,15.8,132751,74915051.0,4.38,-4.26,-0.71,3.9
2012-05-02,000034,16.28,15.72,16.39,15.41,111416,61446462.0,6.15,-1.38,-0.22,3.28
2012-05-03,000034,15.63,15.8,16.0,15.52,66436,36723864.0,3.05,0.51,0.08,1.95
2012-05-04,000034,15.63,15.72,15.83,15.44,66069,36136827.0,2.47,-0.51,-0.08,1.94
2012-05-07,000034,15.66,15.49,15.86,15.38,62921,34337017.0,3.05,-1.46,-0.23,1.85
2012-05-09,000034,15.21,15.35,15.49,14.9,76726,40534477.0,3.81,-0.9,-0.14,2.26
2012-05-10,000034,15.3,15.83,16.31,15.21,101880,56158483.0,7.17,3.13,0.48,3.0
2012-05-11,000034,15.77,15.38,16.11,15.32,60331,33291617.0,4.99,-2.84,-0.45,1.77
2012-05-14,000034,15.49,15.38,15.83,15.35,45161,24547797.0,3.12,0.0,0.0,1.33
2012-05-15,000034,15.38,15.32,15.38,14.65,70485,37050759.0,4.75,-0.39,-0.06,2.07
2012-05-16,000034,15.1,14.88,15.52,14.88,39695,21064006.0,4.18,-2.87,-0.44,1.17
2012-05-17,000034,14.88,15.24,15.44,14.73,51356,27160524.0,4.77,2.42,0.36,1.51
2012-05-18,000034,15.1,14.79,15.16,14.76,46535,24284385.0,2.62,-2.95,-0.45,1.37
2012-05-21,000034,14.68,14.93,15.04,14.62,28936,15038145.0,2.84,0.95,0.14,0.85
2012-05-22,000034,15.04,15.18,15.3,14.93,42209,22322901.0,2.48,1.67,0.25,1.24
2012-05-23,000034,15.3,15.63,16.56,15.04,136646,75488420.0,10.01,2.96,0.45,4.02
2012-05-24,000034,15.86,15.16,15.86,15.02,58367,31402067.0,5.37,-3.01,-0.47,1.72
2012-05-25,000034,15.1,15.18,15.66,14.96,47702,25628641.0,4.62,0.13,0.02,1.4
2012-05-28,000034,14.96,14.71,14.99,13.86,71790,36456466.0,7.44,-3.1,-0.47,2.11
2012-05-29,000034,14.59,14.79,14.9,14.48,40032,20614469.0,2.86,0.54,0.08,1.18
2012-05-30,000034,14.82,14.65,15.02,14.54,34414,17751291.0,3.25,-0.95,-0.14,1.01
2012-05-31,000034,14.51,14.62,14.73,14.51,25000,12756172.0,1.5,-0.2,-0.03,0.74
2012-06-01,000034,14.62,14.48,14.73,14.43,27165,13812401.0,2.05,-0.96,-0.14,0.8
2012-06-04,000034,14.26,13.92,14.51,13.92,34308,16989368.0,4.07,-3.87,-0.56,1.01
2012-06-05,000034,13.98,13.98,14.23,13.89,18492,9048949.0,2.44,0.43,0.06,0.54
2012-06-06,000034,14.03,13.81,14.14,13.67,14995,7277477.0,3.36,-1.22,-0.17,0.44
2012-06-07,000034,14.0,13.98,14.65,13.86,45710,22712740.0,5.72,1.23,0.17,1.34
2012-06-08,000034,14.06,14.14,14.57,14.06,29109,14503228.0,3.65,1.14,0.16,0.86
2012-06-11,000034,14.14,14.4,14.54,14.03,24918,12410121.0,3.61,1.84,0.26,0.73
2012-06-12,000034,14.34,14.37,14.51,14.26,19883,9975086.0,1.74,-0.21,-0.03,0.58
2012-06-13,000034,14.45,14.51,14.54,14.26,24756,12469819.0,1.95,0.97,0.14,0.73
2012-06-14,000034,14.48,14.2,14.54,14.17,21082,10578184.0,2.55,-2.14,-0.31,0.62
2012-06-15,000034,14.26,13.98,14.4,13.84,23025,11299500.0,3.94,-1.55,-0.22,0.68
2012-06-18,000034,13.92,14.43,14.59,13.92,46222,23142119.0,4.79,3.22,0.45,1.36
2012-06-19,000034,14.29,14.12,14.48,14.09,24775,12350437.0,2.7,-2.15,-0.31,0.73
2012-06-20,000034,14.06,13.89,14.17,13.89,20260,9912081.0,1.98,-1.63,-0.23,0.6
2012-06-21,000034,13.92,14.14,14.48,13.84,38888,19323288.0,4.61,1.8,0.25,1.14
2012-06-25,000034,14.0,14.43,15.3,13.86,126531,64913064.0,10.18,2.05,0.29,3.72
2012-06-26,000034,14.12,13.58,14.14,13.05,70881,33575124.0,7.55,-5.89,-0.85,2.08
2012-06-27,000034,13.39,12.94,13.7,12.88,48904,22657747.0,6.04,-4.71,-0.64,1.44
2012-06-28,000034,13.05,13.33,13.81,13.05,57765,27171239.0,5.87,3.01,0.39,1.7
2012-06-29,000034,13.16,13.25,13.39,12.63,31929,14470555.0,5.7,-0.6,-0.08,0.94
2012-07-02,000034,13.33,13.22,13.41,13.08,21351,9842646.0,2.49,-0.23,-0.03,0.63
2012-07-03,000034,13.08,13.3,13.47,13.05,20615,9583727.0,3.18,0.61,0.08,0.61
2012-07-04,000034,13.47,13.47,13.78,13.36,36470,17288850.0,3.16,1.28,0.17,1.07
2012-07-05,000034,13.41,13.11,13.44,13.02,24898,11414612.0,3.12,-2.67,-0.36,0.73
2012-07-06,000034,13.16,13.41,13.44,13.08,25990,12052651.0,2.75,2.29,0.3,0.76
2012-07-09,000034,13.27,12.8,13.39,12.77,25330,11580599.0,4.62,-4.55,-0.61,0.74
2012-07-10,000034,12.66,12.46,12.8,12.35,30237,13230698.0,3.52,-2.66,-0.34,0.89
2012-07-11,000034,12.43,12.26,12.54,12.01,24296,10386200.0,4.25,-1.61,-0.2,0.71
2012-07-12,000034,12.29,12.4,12.6,12.07,20901,8959271.0,4.32,1.14,0.14,0.61
2012-07-13,000034,12.29,12.29,12.57,12.29,13436,5806457.0,2.26,-0.89,-0.11,0.4
2012-07-16,000034,12.29,11.39,12.29,11.34,29353,11923469.0,7.73,-7.32,-0.9,0.86
2012-07-17,000034,11.42,11.5,11.59,11.39,21682,8653497.0,1.76,0.97,0.11,0.64
2012-07-18,000034,11.45,11.64,11.67,11.39,23809,9559374.0,2.43,1.22,0.14,0.7
2012-07-19,000034,11.64,12.8,12.8,11.56,51181,22256731.0,10.65,9.97,1.16,1.51
2012-07-20,000034,12.8,13.08,13.92,12.66,123124,56539377.0,9.84,2.19,0.28,3.62
2012-07-23,000034,12.68,12.35,12.91,11.84,55627,24069833.0,8.18,-5.58,-0.73,1.64
2012-07-24,000034,11.95,12.57,13.05,11.95,50270,22189020.0,8.91,1.78,0.22,1.48
2012-07-25,000034,12.46,12.63,12.85,12.32,28915,12656327.0,4.22,0.48,0.06,0.85
2012-07-26,000034,12.6,12.57,13.11,12.52,36788,16436096.0,4.67,-0.48,-0.06,1.08
2012-07-27,000034,12.63,12.21,12.68,12.01,33067,14185538.0,5.33,-2.86,-0.36,0.97
2012-07-30,000034,12.12,11.81,12.21,11.7,24521,10143084.0,4.18,-3.28,-0.4,0.72
2012-07-31,000034,11.78,11.84,12.18,11.59,18064,7458952.0,5.0,0.25,0.03,0.53
2012-08-01,000034,11.76,12.01,12.18,11.76,13735,5735981.0,3.55,1.44,0.17,0.4
2012-08-02,000034,12.07,11.73,12.07,11.67,14587,5995343.0,3.33,-2.33,-0.28,0.43
2012-08-03,000034,11.81,12.12,12.18,11.73,22291,9332404.0,3.84,3.32,0.39,0.66
2012-08-06,000034,12.04,12.46,12.49,11.93,31194,13369953.0,4.62,2.81,0.34,0.92
2012-08-07,000034,12.52,12.6,12.91,12.35,37252,16370921.0,4.49,1.12,0.14,1.1
2012-08-08,000034,12.6,12.8,13.05,12.46,55927,24872969.0,4.68,1.59,0.2,1.64
2012-08-09,000034,12.96,12.85,13.33,12.68,56922,25732745.0,5.08,0.39,0.05,1.67
2012-08-10,000034,12.68,12.6,12.94,12.57,34152,15139915.0,2.88,-1.95,-0.25,1.0
2012-08-13,000034,12.63,12.35,12.8,12.35,30845,13511220.0,3.57,-1.98,-0.25,0.91
2012-08-14,000034,12.29,12.6,12.6,12.09,26583,11468415.0,4.13,2.02,0.25,0.78
2012-08-15,000034,12.66,12.49,12.66,12.32,18291,7957612.0,2.7,-0.87,-0.11,0.54
2012-08-16,000034,12.49,12.52,12.71,12.37,18644,8153598.0,2.72,0.24,0.03,0.55
2012-08-17,000034,12.54,12.57,12.6,12.4,14645,6378205.0,1.6,0.4,0.05,0.43
2012-08-20,000034,12.54,12.54,12.57,12.23,16488,7142119.0,2.7,-0.24,-0.03,0.48
2012-08-21,000034,12.52,12.68,12.77,12.52,17333,7663519.0,1.99,1.12,0.14,0.51
2012-08-22,000034,12.63,12.68,12.8,12.52,12798,5633653.0,2.21,0.0,0.0,0.38
2012-08-23,000034,12.77,13.19,13.33,12.63,68634,31160440.0,5.52,4.02,0.51,2.02
2012-08-24,000034,13.47,12.77,13.84,12.74,107054,49762342.0,8.34,-3.18,-0.42,3.15
2012-08-27,000034,12.09,12.18,12.49,11.93,40966,17331388.0,4.39,-4.62,-0.59,1.2
2012-08-28,000034,12.18,12.15,12.32,12.07,22139,9386187.0,2.05,-0.25,-0.03,0.65
2012-08-29,000034,12.09,12.01,12.21,11.87,20098,8409035.0,2.8,-1.15,-0.14,0.59
2012-08-30,000034,12.09,11.78,12.09,11.56,23255,9555490.0,4.41,-1.92,-0.23,0.68
2012-08-31,000034,11.76,11.84,11.93,11.67,8812,3620364.0,2.21,0.51,0.06,0.26
2012-09-03,000034,11.98,12.07,12.12,11.84,15285,6395977.0,2.36,1.94,0.23,0.45
2012-09-04,000034,12.07,11.87,12.21,11.81,13455,5608677.0,3.31,-1.66,-0.2,0.4
2012-09-05,000034,11.9,12.21,12.21,11.81,33788,14213133.0,3.37,2.86,0.34,0.99
2012-09-06,000034,12.21,12.29,12.35,12.09,13435,5713166.0,2.13,0.66,0.08,0.4
2012-09-07,000034,12.35,12.8,12.91,12.23,48023,21148342.0,5.53,4.15,0.51,1.41
2012-09-10,000034,12.71,13.11,13.5,12.68,75788,34455716.0,6.41,2.42,0.31,2.23
2012-09-11,000034,13.47,12.82,13.47,12.68,59619,26866196.0,6.03,-2.21,-0.29,1.75
2012-09-12,000034,12.85,14.09,14.09,12.85,184725,89619455.0,9.67,9.91,1.27,5.43
2012-09-13,000034,14.31,13.84,14.31,13.44,202350,97529062.0,6.17,-1.77,-0.25,5.95
2012-09-14,000034,13.61,13.47,13.75,13.16,92569,43304765.0,4.26,-2.67,-0.37,2.72
2012-09-17,000034,13.36,12.74,13.44,12.68,78533,35489606.0,5.64,-5.42,-0.73,2.31
2012-09-18,000034,12.74,12.77,12.96,12.66,34556,15429257.0,2.35,0.24,0.03,1.02
2012-09-19,000034,12.8,12.91,13.08,12.71,41180,18567980.0,2.9,1.1,0.14,1.21
2012-09-20,000034,12.77,12.07,12.88,12.07,52460,22671092.0,6.27,-6.51,-0.84,1.54
2012-09-21,000034,12.07,11.95,12.18,11.93,23868,10012840.0,2.07,-0.99,-0.12,0.7
2012-09-24,000034,11.87,12.01,12.09,11.7,22624,9342866.0,3.26,0.5,0.06,0.67
2012-09-25,000034,12.01,11.98,12.18,11.9,18166,7622770.0,2.33,-0.25,-0.03,0.53
2012-09-26,000034,11.87,11.7,12.09,11.67,18219,7508602.0,3.51,-2.34,-0.28,0.54
2012-09-27,000034,11.64,11.95,12.09,11.64,26876,11131421.0,3.85,2.14,0.25,0.79
2012-09-28,000034,11.93,12.15,12.15,11.93,25694,10792052.0,1.84,1.67,0.2,0.76
2012-10-08,000034,12.15,12.21,12.29,12.09,19576,8318406.0,1.65,0.49,0.06,0.58
2012-10-09,000034,12.23,12.52,12.57,12.23,28762,12457330.0,2.78,2.54,0.31,0.85
2012-10-10,000034,12.49,12.71,12.85,12.43,27319,12049165.0,3.35,1.52,0.19,0.8
2012-10-11,000034,12.63,12.26,12.66,12.26,28915,12530108.0,3.15,-3.54,-0.45,0.85
2012-10-12,000034,12.32,12.32,12.52,12.07,18394,7872813.0,3.67,0.49,0.06,0.54
2012-10-15,000034,12.26,12.04,12.32,11.9,22350,9340037.0,3.41,-2.27,-0.28,0.66
2012-10-16,000034,11.98,12.04,12.21,11.98,11742,4954797.0,1.91,0.0,0.0,0.35
2012-10-17,000034,12.15,12.07,12.15,11.95,10407,4362814.0,1.66,0.25,0.03,0.31
2012-10-18,000034,12.07,12.32,12.46,12.07,24382,10453052.0,3.23,2.07,0.25,0.72
2012-10-19,000034,12.32,12.35,12.57,12.29,22695,9810515.0,2.27,0.24,0.03,0.67
2012-10-22,000034,12.29,12.46,12.46,12.09,20597,8817771.0,3.0,0.89,0.11,0.61
2012-10-23,000034,12.46,12.35,12.63,12.29,25259,10988000.0,2.73,-0.88,-0.11,0.74
2012-10-24,000034,12.18,12.54,12.57,12.12,30559,13159369.0,3.64,1.54,0.19,0.9
2012-10-25,000034,12.54,12.21,12.6,12.18,26260,11346052.0,3.35,-2.63,-0.33,0.77
2012-10-26,000034,12.09,11.95,12.21,11.76,25110,10445390.0,3.69,-2.13,-0.26,0.74
2012-10-29,000034,11.87,11.95,11.98,11.78,9791,4051945.0,1.67,0.0,0.0,0.29
2012-10-30,000034,12.04,11.93,12.09,11.81,8119,3371897.0,2.34,-0.17,-0.02,0.24
2012-10-31,000034,11.93,11.98,12.01,11.84,8295,3436971.0,1.42,0.42,0.05,0.24
2012-11-01,000034,11.95,12.15,12.21,11.95,25848,10903083.0,2.17,1.42,0.17,0.76
2012-11-02,000034,12.18,12.37,12.4,12.12,30498,13038818.0,2.3,1.81,0.22,0.9
2012-11-05,000034,12.29,12.23,12.35,12.18,18586,7933942.0,1.37,-1.13,-0.14,0.55
2012-11-06,000034,12.23,12.01,12.23,11.9,20055,8379298.0,2.7,-1.8,-0.22,0.59
2012-11-07,000034,12.01,12.04,12.09,11.93,11390,4759366.0,1.33,0.25,0.03,0.33
2012-11-08,000034,12.01,11.78,12.07,11.78,19858,8231492.0,2.41,-2.16,-0.26,0.58
2012-11-09,000034,11.78,11.7,11.84,11.64,14682,5990321.0,1.7,-0.68,-0.08,0.43
2012-11-12,000034,11.9,11.87,11.9,11.7,12015,4920389.0,1.71,1.45,0.17,0.35
2012-11-13,000034,11.87,11.56,11.87,11.56,15380,6254241.0,2.61,-2.61,-0.31,0.45
2012-11-14,000034,11.42,11.73,11.73,11.42,13192,5306368.0,2.68,1.47,0.17,0.39
2012-11-15,000034,11.59,11.45,11.64,11.42,9809,3929371.0,1.88,-2.39,-0.28,0.29
2012-11-16,000034,11.5,11.19,11.5,11.05,12877,5025923.0,3.93,-2.27,-0.26,0.38
2012-11-19,000034,11.19,11.22,11.28,10.94,9538,3687012.0,3.04,0.27,0.03,0.28
2012-11-20,000034,11.22,11.17,11.31,11.11,5990,2329073.0,1.78,-0.45,-0.05,0.18
2012-11-21,000034,11.19,11.31,11.31,11.03,8017,3111340.0,2.51,1.25,0.14,0.24
2012-11-22,000034,11.31,11.22,11.31,11.14,5936,2314716.0,1.5,-0.8,-0.09,0.17
2012-11-23,000034,11.22,11.22,11.34,11.17,6363,2491443.0,1.52,0.0,0.0,0.19
2012-11-26,000034,11.22,11.11,11.25,11.11,4867,1889176.0,1.25,-0.98,-0.11,0.14
2012-11-27,000034,11.14,10.38,11.14,10.32,13831,5116262.0,7.38,-6.57,-0.73,0.41
2012-11-28,000034,10.38,10.01,10.38,9.96,13244,4625120.0,4.05,-3.56,-0.37,0.39
2012-11-29,000034,10.13,9.82,10.18,9.82,9555,3315664.0,3.6,-1.9,-0.19,0.28
2012-11-30,000034,9.71,9.99,9.99,9.68,9951,3420083.0,3.16,1.73,0.17,0.29
2012-12-03,000034,9.93,10.97,10.97,9.93,75561,28609907.0,10.41,9.81,0.98,2.22
2012-12-04,000034,10.66,11.05,11.28,10.44,91434,34478142.0,7.66,0.73,0.08,2.69
2012-12-05,000034,10.75,11.14,11.59,10.69,99080,38239357.0,8.14,0.81,0.09,2.91
2012-12-06,000034,11.0,11.08,11.28,10.86,49161,18846431.0,3.77,-0.54,-0.06,1.45
2012-12-07,000034,11.0,11.5,11.59,10.8,98790,38699638.0,7.13,3.79,0.42,2.91
2012-12-10,000034,11.5,11.45,11.53,11.22,71280,28244753.0,2.7,-0.43,-0.05,2.1
2012-12-11,000034,11.39,11.34,11.67,11.22,50300,20053595.0,3.93,-0.96,-0.11,1.48
2012-12-12,000034,11.25,11.19,11.34,11.03,31892,12397553.0,2.73,-1.32,-0.15,0.94
2012-12-13,000034,11.17,11.19,11.59,11.14,32977,13046797.0,4.02,0.0,0.0,0.97
2012-12-14,000034,11.17,11.59,11.64,11.08,53669,21372468.0,5.0,3.57,0.4,1.58
2012-12-17,000034,11.56,11.53,11.76,11.42,39314,15789253.0,2.93,-0.52,-0.06,1.16
2012-12-18,000034,11.5,11.5,11.59,11.39,36014,14380630.0,1.73,-0.26,-0.03,1.06
2012-12-19,000034,11.45,11.59,11.73,11.36,42773,17191146.0,3.22,0.78,0.09,1.26
2012-12-20,000034,11.53,11.36,11.53,11.19,30386,11969919.0,2.93,-1.98,-0.23,0.89
2012-12-21,000034,11.39,11.25,11.42,11.19,26729,10477538.0,2.02,-0.97,-0.11,0.79
2012-12-24,000034,11.19,11.25,11.34,11.08,17543,6859825.0,2.31,0.0,0.0,0.52
2012-12-25,000034,11.25,11.59,11.62,11.22,47336,18910671.0,3.56,3.02,0.34,1.39
2012-12-26,000034,11.59,11.73,12.04,11.48,51198,20873895.0,4.83,1.21,0.14,1.51
2012-12-27,000034,11.76,11.53,11.87,11.5,31528,12730145.0,3.15,-1.71,-0.2,0.93
2012-12-28,000034,11.53,11.67,11.76,11.53,24666,9984933.0,1.99,1.21,0.14,0.73
2012-12-31,000034,11.76,11.73,11.76,11.53,25311,10278222.0,1.97,0.51,0.06,0.74
2013-01-04,000034,11.78,11.64,11.78,11.48,21253,8605485.0,2.56,-0.77,-0.09,0.62
2013-01-07,000034,11.64,11.78,11.78,11.56,24590,9957477.0,1.89,1.2,0.14,0.72
2013-01-08,000034,11.81,11.98,11.98,11.62,47200,19454506.0,3.06,1.7,0.2,1.39
2013-01-09,000034,11.93,12.26,13.16,11.93,124580,54661777.0,10.27,2.34,0.28,3.66
2013-01-10,000034,12.01,12.29,12.35,11.98,52197,22129928.0,3.02,0.24,0.03,1.53
2013-01-11,000034,12.21,11.84,12.29,11.67,44245,18423234.0,5.04,-3.66,-0.45,1.3
2013-01-14,000034,11.67,12.07,12.09,11.67,39401,16398018.0,3.55,1.94,0.23,1.16
2013-01-15,000034,12.04,12.26,12.32,12.01,48895,20689122.0,2.57,1.57,0.19,1.44
2013-01-16,000034,12.15,12.07,12.29,11.95,41010,17287166.0,2.77,-1.55,-0.19,1.21
2013-01-17,000034,12.07,12.23,12.4,11.93,47535,20139296.0,3.89,1.33,0.16,1.4
2013-01-18,000034,12.23,12.88,13.19,12.07,132532,58407682.0,9.16,5.31,0.65,3.9
2013-01-21,000034,12.91,12.77,13.02,12.54,109228,48706831.0,3.73,-0.85,-0.11,3.21
2013-01-22,000034,12.57,12.4,12.71,12.23,58493,25443657.0,3.76,-2.9,-0.37,1.72
2013-01-23,000034,12.37,12.68,12.96,12.26,78911,34816442.0,5.65,2.26,0.28,2.32
2013-01-24,000034,12.43,12.21,12.6,12.04,62068,26658962.0,4.42,-3.71,-0.47,1.83
2013-01-25,000034,12.18,11.9,12.18,11.84,32687,13598109.0,2.78,-2.54,-0.31,0.96
2013-01-28,000034,11.9,12.12,12.12,11.81,22540,9436722.0,2.61,1.85,0.22,0.66
2013-01-29,000034,12.07,12.26,12.29,11.98,31907,13534977.0,2.56,1.16,0.14,0.94
2013-01-30,000034,12.23,12.12,12.23,11.95,33240,13974574.0,2.28,-1.14,-0.14,0.98
2013-01-31,000034,12.07,11.9,12.15,11.84,34675,14385500.0,2.56,-1.82,-0.22,1.02
2013-02-01,000034,11.93,12.07,12.07,11.9,21259,8883021.0,1.43,1.43,0.17,0.63
2013-02-04,000034,12.07,11.9,12.15,11.87,22863,9516301.0,2.32,-1.41,-0.17,0.67
2013-02-05,000034,11.93,12.09,12.09,11.64,29766,12340579.0,3.78,1.6,0.19,0.88
2013-02-06,000034,12.07,12.12,12.18,11.98,21013,8853873.0,1.65,0.25,0.03,0.62
2013-02-07,000034,12.18,12.12,12.18,11.93,23754,9947662.0,2.06,0.0,0.0,0.7
2013-02-08,000034,12.09,12.18,12.21,12.04,25070,10602271.0,1.4,0.5,0.06,0.74
2013-02-18,000034,12.23,12.43,12.43,12.12,38121,16319718.0,2.55,2.05,0.25,1.12
2013-02-19,000034,12.52,12.23,12.52,12.09,32833,13983452.0,3.46,-1.61,-0.2,0.97
2013-02-20,000034,12.23,12.29,12.32,12.12,23839,10168318.0,1.64,0.49,0.06,0.7
2013-02-21,000034,12.21,12.15,12.29,12.01,31074,13114125.0,2.28,-1.14,-0.14,0.91
2013-02-22,000034,12.18,12.12,12.21,12.01,21180,8960546.0,1.65,-0.25,-0.03,0.62
2013-02-25,000034,12.12,12.15,12.26,12.04,17990,7608654.0,1.82,0.25,0.03,0.53
2013-02-26,000034,12.21,12.07,12.29,11.93,27692,11707245.0,2.96,-0.66,-0.08,0.81
2013-02-27,000034,12.09,12.07,12.15,11.87,29461,12308637.0,2.32,0.0,0.0,0.87
2013-02-28,000034,11.95,12.18,12.21,11.95,30255,12759177.0,2.15,0.91,0.11,0.89
2013-03-01,000034,12.18,12.26,12.29,12.15,27574,11729008.0,1.15,0.66,0.08,0.81
2013-03-04,000034,12.29,11.76,12.29,11.64,38569,16009571.0,5.3,-4.08,-0.5,1.13
2013-03-05,000034,11.76,11.95,11.95,11.76,24098,9944530.0,1.62,1.62,0.19,0.71
2013-03-06,000034,11.95,12.15,12.15,11.9,31883,13385506.0,2.09,1.67,0.2,0.94
2013-03-07,000034,12.29,12.04,12.29,11.93,32154,13543186.0,2.96,-0.91,-0.11,0.95
2013-03-08,000034,12.04,11.95,12.12,11.87,18319,7642999.0,2.08,-0.75,-0.09,0.54
2013-03-11,000034,11.93,12.07,12.07,11.87,14341,5980108.0,1.67,1.0,0.12,0.42
2013-03-12,000034,12.07,11.7,12.15,11.56,31793,13055748.0,4.89,-3.07,-0.37,0.93
2013-03-13,000034,11.62,11.53,11.7,11.39,22896,9141187.0,2.65,-1.45,-0.17,0.67
2013-03-14,000034,11.5,11.48,11.62,11.42,14177,5673235.0,1.73,-0.43,-0.05,0.42
2013-03-15,000034,11.48,11.39,11.62,11.34,15800,6300933.0,2.44,-0.78,-0.09,0.46
2013-03-18,000034,11.36,11.31,11.48,11.28,17558,6937807.0,1.76,-0.7,-0.08,0.52
2013-03-19,000034,11.34,11.42,11.42,11.19,14219,5591875.0,2.03,0.97,0.11,0.42
2013-03-20,000034,11.42,11.64,11.67,11.36,23407,9406789.0,2.71,1.93,0.22,0.69
2013-03-21,000034,11.64,11.73,11.87,11.59,37876,15469503.0,2.41,0.77,0.09,1.11
2013-03-22,000034,11.73,11.7,11.76,11.62,17200,6986070.0,1.19,-0.26,-0.03,0.51
2013-03-25,000034,11.7,11.87,11.87,11.64,22698,9300530.0,1.97,1.45,0.17,0.67
2013-03-26,000034,11.81,11.67,11.84,11.59,20901,8505188.0,2.11,-1.68,-0.2,0.61
2013-03-27,000034,11.7,11.64,11.81,11.53,16427,6679711.0,2.4,-0.26,-0.03,0.48
2013-03-28,000034,11.59,11.62,12.15,11.34,41996,17063707.0,6.96,-0.17,-0.02,1.23
2013-03-29,000034,11.59,11.48,11.64,11.42,17055,6826699.0,1.89,-1.2,-0.14,0.5
2013-04-01,000034,11.62,11.53,11.62,11.39,14137,5667624.0,2.0,0.44,0.05,0.42
2013-04-02,000034,11.64,11.34,11.78,11.31,18020,7170561.0,4.08,-1.65,-0.19,0.53
2013-04-03,000034,11.34,11.17,11.45,10.97,21421,8322130.0,4.23,-1.5,-0.17,0.63
2013-04-08,000034,11.08,11.08,11.11,10.77,20216,7671519.0,3.04,-0.81,-0.09,0.59
2013-04-09,000034,11.05,11.28,11.36,11.05,17603,6839828.0,2.8,1.81,0.2,0.52
2013-04-10,000034,11.17,11.19,11.31,11.08,9814,3816609.0,2.04,-0.8,-0.09,0.29
2013-04-11,000034,11.25,11.28,11.45,11.14,15815,6211958.0,2.77,0.8,0.09,0.47
2013-04-12,000034,11.17,11.11,11.22,11.0,12692,4909361.0,1.95,-1.51,-0.17,0.37
2013-04-15,000034,11.05,10.83,11.11,10.8,12621,4780966.0,2.79,-2.52,-0.28,0.37
2013-04-16,000034,10.66,10.94,11.0,10.66,9108,3432005.0,3.14,1.02,0.11,0.27
2013-04-17,000034,10.94,11.03,11.03,10.89,9351,3561271.0,1.28,0.82,0.09,0.27
2013-04-18,000034,10.89,11.05,11.08,10.89,10877,4146853.0,1.72,0.18,0.02,0.32
2013-04-19,000034,11.05,11.17,11.22,10.97,14568,5643129.0,2.26,1.09,0.12,0.43
2013-04-22,000034,11.08,11.34,11.36,11.0,17747,6922313.0,3.22,1.52,0.17,0.52
2013-04-23,000034,11.31,10.94,11.31,10.91,13894,5349286.0,3.53,-3.53,-0.4,0.41
2013-04-24,000034,11.03,11.67,12.01,10.97,120051,48497785.0,9.51,6.67,0.73,3.53
2013-04-25,000034,11.56,11.5,11.59,11.34,32842,13108911.0,2.14,-1.46,-0.17,0.97
2013-04-26,000034,11.42,11.48,11.87,11.36,90089,36136121.0,4.43,-0.17,-0.02,2.65
2013-05-02,000034,11.5,11.36,11.67,11.28,21826,8689050.0,3.4,-1.05,-0.12,0.64
2013-05-03,000034,11.34,11.53,11.78,11.34,29267,11789645.0,3.87,1.5,0.17,0.86
2013-05-06,000034,11.53,11.59,11.84,11.5,32023,12989552.0,2.95,0.52,0.06,0.94
2013-05-07,000034,11.64,11.56,11.64,11.48,14779,5927899.0,1.38,-0.26,-0.03,0.43
2013-05-08,000034,11.59,11.64,11.67,11.42,21810,8773342.0,2.16,0.69,0.08,0.64
2013-05-09,000034,11.59,11.48,11.64,11.42,15109,6037354.0,1.89,-1.37,-0.16,0.44
2013-05-10,000034,11.48,11.76,11.84,11.42,49983,20337258.0,3.66,2.44,0.28,1.47
2013-05-13,000034,11.78,11.64,11.78,11.59,20262,8236842.0,1.62,-1.02,-0.12,0.6
2013-05-14,000034,11.56,11.87,12.15,11.53,80307,33299065.0,5.33,1.98,0.23,2.36
2013-05-15,000034,11.78,11.84,12.04,11.73,37594,15504682.0,2.61,-0.25,-0.03,1.11
2013-05-16,000034,11.93,11.87,11.93,11.7,29311,12040951.0,1.94,0.25,0.03,0.86
2013-05-17,000034,11.87,11.81,11.93,11.7,97840,40131441.0,1.94,-0.51,-0.06,2.88
2013-05-20,000034,11.78,11.81,11.84,11.64,69711,28487271.0,1.69,0.0,0.0,2.05
2013-05-21,000034,11.81,11.93,11.95,11.73,59415,24528372.0,1.86,1.02,0.12,1.75
2013-05-22,000034,11.93,11.84,12.01,11.76,51821,21442857.0,2.1,-0.75,-0.09,1.52
2013-05-23,000034,11.81,11.84,11.95,11.7,52192,21482335.0,2.11,0.0,0.0,1.53
2013-05-24,000034,11.84,11.78,11.93,11.73,40533,16603832.0,1.69,-0.51,-0.06,1.19
2013-05-27,000034,11.78,11.76,11.84,11.67,30358,12398503.0,1.44,-0.17,-0.02,0.89
2013-05-28,000034,11.76,11.9,11.95,11.7,58821,24269851.0,2.13,1.19,0.14,1.73
2013-05-29,000034,11.84,11.84,11.93,11.78,36066,14877982.0,1.26,-0.5,-0.06,1.06
2013-05-30,000034,11.84,12.07,12.09,11.78,73160,30481790.0,2.62,1.94,0.23,2.15
2013-05-31,000034,12.01,11.9,12.07,11.87,43733,18234290.0,1.66,-1.41,-0.17,1.29
2013-06-03,000034,11.9,12.15,12.46,11.84,88871,37655118.0,5.21,2.1,0.25,2.61
2013-06-04,000034,12.12,11.78,12.15,11.64,54922,22687753.0,4.2,-3.05,-0.37,1.62
2013-06-05,000034,11.78,11.84,11.9,11.67,20292,8325704.0,1.95,0.51,0.06,0.6
2013-06-06,000034,11.76,11.31,11.76,11.28,38896,15616752.0,4.05,-4.48,-0.53,1.14
2013-06-07,000034,11.31,11.28,11.45,11.22,27840,10965094.0,2.03,-0.27,-0.03,0.82
2013-06-13,000034,11.28,12.07,12.26,11.22,142317,58796977.0,9.22,7.0,0.79,4.18
2013-07-01,000034,11.98,11.5,11.98,11.05,105299,41715361.0,7.71,-4.72,-0.57,3.1
2013-07-02,000034,11.19,11.22,11.28,11.0,50505,19568737.0,2.43,-2.43,-0.28,1.49
2013-07-03,000034,11.05,10.72,11.08,10.52,50003,18682795.0,4.99,-4.46,-0.5,1.47
2013-07-04,000034,10.55,10.75,10.86,10.52,27570,10289533.0,3.17,0.28,0.03,0.81
2013-07-05,000034,10.75,10.77,10.83,10.63,21598,8058578.0,1.86,0.19,0.02,0.64
2013-07-08,000034,10.66,10.24,10.75,10.24,29672,10705728.0,4.74,-4.92,-0.53,0.87
2013-07-09,000034,10.18,10.27,10.38,10.1,15692,5605283.0,2.73,0.29,0.03,0.46
2013-07-10,000034,10.3,10.69,10.97,10.24,31610,11671139.0,7.11,4.09,0.42,0.93
2013-07-11,000034,10.63,10.86,11.03,10.55,38172,14360309.0,4.49,1.59,0.17,1.12
2013-07-12,000034,10.89,10.77,11.17,10.72,24920,9468649.0,4.14,-0.83,-0.09,0.73
2013-07-15,000034,10.83,10.94,11.05,10.75,16295,6176317.0,2.79,1.58,0.17,0.48
2013-07-16,000034,10.94,11.05,11.08,10.89,18782,7183737.0,1.74,1.01,0.11,0.55
2013-07-17,000034,11.05,10.94,11.22,10.83,27039,10381414.0,3.53,-1.0,-0.11,0.8
2013-07-18,000034,11.03,10.86,11.03,10.77,14260,5394225.0,2.38,-0.73,-0.08,0.42
2013-07-19,000034,10.83,10.75,11.0,10.72,19035,7172361.0,2.58,-1.01,-0.11,0.56
2013-07-22,000034,10.66,10.75,10.77,10.55,16030,5947678.0,2.05,0.0,0.0,0.47
2013-07-23,000034,10.75,11.0,11.0,10.72,19306,7325311.0,2.6,2.33,0.25,0.57
2013-07-24,000034,11.0,11.08,11.17,10.89,23506,9012982.0,2.55,0.73,0.08,0.69
2013-07-25,000034,11.08,10.83,11.14,10.8,22290,8481689.0,3.07,-2.26,-0.25,0.66
2013-07-26,000034,10.94,11.0,11.08,10.8,19821,7570169.0,2.59,1.57,0.17,0.58
2013-07-29,000034,11.0,11.0,11.31,10.86,25617,9865118.0,4.09,0.0,0.0,0.75
2013-07-30,000034,10.94,10.94,11.08,10.89,18538,7068080.0,1.73,-0.55,-0.06,0.55
2013-07-31,000034,11.05,10.97,11.05,10.91,20614,7855043.0,1.28,0.27,0.03,0.61
2013-08-01,000034,10.97,11.17,11.17,10.94,29477,11359017.0,2.1,1.82,0.2,0.87
2013-08-02,000034,11.19,11.14,11.22,11.05,20020,7740853.0,1.52,-0.27,-0.03,0.59
2013-08-05,000034,11.14,11.19,11.25,11.08,23486,9111401.0,1.53,0.45,0.05,0.69
2013-08-06,000034,11.17,11.31,11.39,11.17,26264,10307462.0,1.97,1.07,0.12,0.77
2013-08-07,000034,11.36,11.53,11.78,11.25,50407,20188065.0,4.69,1.95,0.22,1.48
2013-08-08,000034,11.53,11.42,11.56,11.28,32477,12874157.0,2.43,-0.95,-0.11,0.96
2013-08-09,000034,11.45,11.34,11.48,11.22,36792,14501199.0,2.28,-0.7,-0.08,1.08
2013-08-12,000034,11.36,11.56,11.67,11.31,31749,12672730.0,3.17,1.94,0.22,0.93
2013-08-13,000034,11.59,11.53,11.73,11.48,29276,11766544.0,2.16,-0.26,-0.03,0.86
2013-08-14,000034,11.62,11.5,11.64,11.42,20490,8191839.0,1.91,-0.26,-0.03,0.6
2013-08-15,000034,11.48,11.39,11.5,11.39,20196,8045774.0,0.96,-0.96,-0.11,0.59
2013-08-16,000034,11.36,11.36,11.59,11.34,25108,10019289.0,2.19,-0.26,-0.03,0.74
2013-08-19,000034,11.25,11.48,11.53,11.25,17971,7149549.0,2.46,1.06,0.12,0.53
2013-08-20,000034,11.48,11.45,11.62,11.36,20428,8185881.0,2.26,-0.26,-0.03,0.6
2013-08-21,000034,11.48,11.62,11.64,11.42,21187,8523049.0,1.92,1.48,0.17,0.62
2013-08-22,000034,11.62,11.76,12.15,11.56,64122,26422092.0,5.08,1.2,0.14,1.89
2013-08-23,000034,11.7,11.73,11.95,11.48,49441,20163341.0,4.0,-0.26,-0.03,1.45
2013-08-26,000034,11.76,12.46,12.6,11.67,160887,68773314.0,7.93,6.22,0.73,4.73
2013-08-27,000034,12.46,12.23,12.49,12.15,76835,32887367.0,2.73,-1.85,-0.23,2.26
2013-08-28,000034,12.12,12.29,12.43,12.04,66721,28550418.0,3.19,0.49,0.06,1.96
2013-08-29,000034,12.21,12.09,12.37,12.07,51011,21611056.0,2.44,-1.63,-0.2,1.5
2013-08-30,000034,12.12,12.57,12.68,12.01,105710,46099918.0,5.54,3.97,0.48,3.11
2013-09-02,000034,12.6,12.29,12.82,12.07,56839,24401122.0,5.97,-2.23,-0.28,1.67
2013-09-03,000034,12.21,12.6,12.74,12.21,56316,24665199.0,4.31,2.52,0.31,1.66
2013-09-04,000034,12.6,12.4,12.74,12.21,51928,22363342.0,4.21,-1.59,-0.2,1.53
2013-09-05,000034,12.4,12.07,12.6,12.04,59573,25331243.0,4.52,-2.66,-0.33,1.75
2013-09-06,000034,12.07,12.04,12.09,11.81,51199,21326068.0,2.32,-0.25,-0.03,1.51
2013-09-09,000034,12.04,12.12,12.32,11.95,55436,23447581.0,3.07,0.66,0.08,1.63
2013-09-10,000034,12.09,12.18,12.35,12.07,56161,23890458.0,2.31,0.5,0.06,1.65
2013-09-11,000034,12.18,12.04,12.29,11.95,56683,23822224.0,2.79,-1.15,-0.14,1.67
2013-09-12,000034,12.01,12.15,12.21,12.01,36573,15434064.0,1.66,0.91,0.11,1.08
2013-09-13,000034,12.15,12.43,12.57,12.07,72505,31149544.0,4.12,2.3,0.28,2.13
2013-09-16,000034,12.37,12.35,12.54,12.26,35032,15117019.0,2.25,-0.64,-0.08,1.03
2013-09-17,000034,12.29,12.23,12.54,12.23,41681,17979408.0,2.51,-0.97,-0.12,1.23
2013-09-18,000034,12.29,12.52,12.71,12.26,48293,21019061.0,3.68,2.37,0.29,1.42
2013-09-23,000034,12.57,12.63,12.63,12.35,46129,20006518.0,2.24,0.88,0.11,1.36
2013-09-24,000034,12.6,12.32,12.6,12.26,44449,19222394.0,2.69,-2.45,-0.31,1.31
2013-09-25,000034,12.35,12.21,12.52,12.12,30805,13257599.0,3.25,-0.89,-0.11,0.91
2013-09-26,000034,12.29,12.23,12.43,12.15,48781,20920355.0,2.29,0.16,0.02,1.43
2013-09-27,000034,12.23,12.21,12.37,12.07,29169,12429474.0,2.45,-0.16,-0.02,0.86
2013-09-30,000034,12.26,12.57,12.6,12.18,40540,17495296.0,3.44,2.95,0.36,1.19
2013-10-08,000034,12.49,12.8,12.8,12.43,65903,29146349.0,2.94,1.83,0.23,1.94
2013-10-09,000034,12.71,13.02,13.11,12.66,57671,26026748.0,3.52,1.72,0.22,1.7
2013-10-10,000034,12.94,13.02,13.58,12.8,89776,41226727.0,5.99,0.0,0.0,2.64
2013-10-11,000034,13.05,13.44,13.58,12.88,80166,37120895.0,5.38,3.23,0.42,2.36
2013-10-14,000034,13.39,13.19,13.53,13.13,53453,24779945.0,2.98,-1.86,-0.25,1.57
2013-10-15,000034,13.08,13.36,13.36,12.77,83687,37831873.0,4.47,1.29,0.17,2.46
2013-10-16,000034,13.19,12.91,13.19,12.8,51639,23330487.0,2.92,-3.37,-0.45,1.52
2013-10-17,000034,12.91,12.85,13.05,12.8,30417,13701054.0,1.94,-0.46,-0.06,0.89
2013-10-18,000034,12.8,12.82,12.91,12.71,23518,10515145.0,1.56,-0.23,-0.03,0.69
2013-10-21,000034,12.82,13.08,13.11,12.8,33712,15303016.0,2.42,2.03,0.26,0.99
2013-10-22,000034,13.02,13.16,13.3,12.91,47005,21476706.0,2.98,0.61,0.08,1.38
2013-10-23,000034,13.11,12.46,13.11,12.46,54318,24180107.0,4.94,-5.32,-0.7,1.6
2013-10-24,000034,12.35,12.91,13.41,12.21,79374,35697531.0,9.63,3.61,0.45,2.33
2013-10-25,000034,12.85,12.74,13.22,12.57,46720,21050147.0,5.03,-1.32,-0.17,1.37
2013-10-28,000034,12.66,13.05,13.36,12.35,62729,28547049.0,7.93,2.43,0.31,1.84
2013-10-29,000034,12.99,12.23,13.13,11.81,59185,25850619.0,10.11,-6.28,-0.82,1.74
2013-10-30,000034,12.12,12.26,12.29,11.95,39816,16869643.0,2.78,0.25,0.03,1.17
2013-10-31,000034,12.21,12.09,12.26,11.98,26296,11068921.0,2.28,-1.39,-0.17,0.77
2013-11-01,000034,12.09,12.04,12.15,11.81,20050,8377726.0,2.81,-0.41,-0.05,0.59
2013-11-04,000034,12.01,12.09,12.12,11.93,13243,5558813.0,1.58,0.42,0.05,0.39
2013-11-05,000034,12.09,12.29,12.35,11.93,22225,9414590.0,3.47,1.65,0.2,0.65
2013-11-06,000034,12.21,12.18,12.4,12.15,19309,8246580.0,2.03,-0.9,-0.11,0.57
2013-11-07,000034,12.12,12.07,12.18,12.01,19820,8331336.0,1.4,-0.9,-0.11,0.58
2013-11-08,000034,12.01,11.93,12.07,11.84,15991,6659339.0,1.91,-1.16,-0.14,0.47
2013-11-11,000034,11.93,12.04,12.12,11.81,14097,5853415.0,2.6,0.92,0.11,0.41
2013-11-12,000034,11.98,12.12,12.15,11.95,17162,7224424.0,1.66,0.66,0.08,0.5
2013-11-13,000034,12.12,12.07,12.35,11.98,24124,10236630.0,3.05,-0.41,-0.05,0.71
2013-11-14,000034,12.07,12.12,12.21,11.98,20839,8788289.0,1.91,0.41,0.05,0.61
2013-11-15,000034,12.15,12.29,12.37,12.12,25669,10985820.0,2.06,1.4,0.17,0.75
2013-11-18,000034,12.29,12.54,12.54,12.23,34702,14955305.0,2.52,2.03,0.25,1.02
2013-11-19,000034,12.54,12.46,12.6,12.35,23895,10360961.0,1.99,-0.64,-0.08,0.7
2013-11-20,000034,12.49,12.46,12.49,12.23,28500,12270358.0,2.09,0.0,0.0,0.84
2013-11-21,000034,12.4,12.29,12.4,12.18,37817,16141910.0,1.77,-1.36,-0.17,1.11
2013-11-22,000034,12.29,12.26,12.35,12.18,17448,7440261.0,1.38,-0.24,-0.03,0.51
2013-11-25,000034,12.23,12.26,12.37,12.15,21968,9409766.0,1.79,0.0,0.0,0.65
2013-11-26,000034,12.23,12.37,12.4,12.21,23048,9867344.0,1.55,0.9,0.11,0.68
2013-11-27,000034,12.32,12.57,12.57,12.29,26712,11578461.0,2.26,1.62,0.2,0.79
2013-11-28,000034,12.54,12.49,12.66,12.43,29070,12698772.0,1.83,-0.64,-0.08,0.85
2013-11-29,000034,12.46,12.57,12.63,12.46,27664,12099376.0,1.36,0.64,0.08,0.81
2013-12-02,000034,12.32,11.73,12.35,11.62,59920,24934254.0,5.81,-6.68,-0.84,1.76
2013-12-03,000034,11.64,11.93,11.98,11.56,21119,8655212.0,3.58,1.71,0.2,0.62
2013-12-04,000034,11.84,12.15,12.26,11.84,29992,12626952.0,3.52,1.84,0.22,0.88
2013-12-05,000034,12.07,12.15,12.23,11.98,22419,9459007.0,2.06,0.0,0.0,0.66
2013-12-06,000034,12.12,12.09,12.18,11.93,18249,7661291.0,2.06,-0.49,-0.06,0.54
2013-12-09,000034,12.09,12.15,12.18,11.95,17090,7191718.0,1.9,0.5,0.06,0.5
2013-12-10,000034,12.15,13.33,13.33,12.12,172010,78974308.0,9.96,9.71,1.18,5.06
2013-12-11,000034,13.58,13.16,13.61,12.85,190665,87273656.0,5.7,-1.28,-0.17,5.61
2013-12-12,000034,12.96,13.13,13.41,12.94,112910,51951579.0,3.57,-0.23,-0.03,3.32
2013-12-13,000034,13.11,12.77,13.13,12.71,82614,36990471.0,3.2,-2.74,-0.36,2.43
2013-12-16,000034,12.77,12.8,12.91,12.66,50894,22628111.0,1.96,0.23,0.03,1.5
2013-12-17,000034,12.77,12.77,12.94,12.66,40363,17983893.0,2.19,-0.23,-0.03,1.19
2013-12-18,000034,12.77,12.49,12.85,12.46,34546,15204047.0,3.05,-2.19,-0.28,1.02
2013-12-19,000034,12.6,12.43,12.63,12.37,30193,13146372.0,2.08,-0.48,-0.06,0.89
2013-12-20,000034,12.46,12.26,12.52,12.15,26744,11453011.0,2.98,-1.37,-0.17,0.79
2013-12-23,000034,12.35,12.04,12.35,11.87,29239,12284991.0,3.92,-1.79,-0.22,0.86
2013-12-24,000034,12.04,12.09,12.21,11.95,28332,11919645.0,2.16,0.42,0.05,0.83
2013-12-25,000034,12.09,12.09,12.15,11.98,19521,8193685.0,1.41,0.0,0.0,0.57
2013-12-26,000034,12.09,11.7,12.09,11.67,32097,13239272.0,3.47,-3.23,-0.39,0.94
2013-12-27,000034,11.67,11.84,11.9,11.67,26914,11044498.0,1.97,1.2,0.14,0.79
2013-12-30,000034,11.87,11.93,12.04,11.73,27585,11385813.0,2.62,0.76,0.09,0.81
2013-12-31,000034,11.87,12.09,12.21,11.84,28191,11834307.0,3.1,1.34,0.16,0.83
2014-01-02,000034,12.09,12.09,12.15,11.9,23625,9866962.0,2.07,0.0,0.0,0.69
2014-01-03,000034,12.04,12.15,12.32,12.01,28944,12231106.0,2.56,0.5,0.06,0.85
2014-01-06,000034,12.12,11.76,12.12,11.73,27894,11484801.0,3.21,-3.21,-0.39,0.82
2014-01-07,000034,11.7,11.84,11.84,11.67,12426,5083127.0,1.45,0.68,0.08,0.37
2014-01-08,000034,11.81,11.42,11.9,11.34,38147,15347924.0,4.73,-3.55,-0.42,1.12
2014-01-09,000034,11.42,11.28,11.5,11.25,26460,10461688.0,2.19,-1.23,-0.14,0.78
2014-01-10,000034,11.25,10.91,11.25,10.89,24577,9398019.0,3.19,-3.28,-0.37,0.72
2014-01-13,000034,10.97,11.11,11.19,10.91,19228,7353666.0,2.57,1.83,0.2,0.57
2014-01-14,000034,11.14,11.31,11.31,11.05,15028,5843751.0,2.34,1.8,0.2,0.44
2014-01-15,000034,11.31,11.28,11.34,11.17,10601,4147807.0,1.5,-0.27,-0.03,0.31
2014-01-16,000034,11.31,11.36,11.48,11.19,16419,6483830.0,2.57,0.71,0.08,0.48
2014-01-17,000034,11.39,11.31,11.39,11.17,15929,6223667.0,1.94,-0.44,-0.05,0.47
2014-01-20,000034,11.25,11.28,11.34,11.17,14817,5788839.0,1.5,-0.27,-0.03,0.44
2014-01-21,000034,11.19,11.36,11.39,11.19,15938,6268073.0,1.77,0.71,0.08,0.47
2014-01-22,000034,11.42,11.64,11.84,11.28,36340,14621571.0,4.93,2.46,0.28,1.07
2014-01-23,000034,11.73,11.64,11.78,11.59,30584,12443482.0,1.63,0.0,0.0,0.9
2014-01-24,000034,11.64,11.76,11.84,11.56,27689,11321654.0,2.41,1.03,0.12,0.81
2014-01-27,000034,11.7,11.62,11.78,11.62,18605,7553080.0,1.36,-1.19,-0.14,0.55
2014-01-28,000034,11.64,11.67,11.78,11.62,14587,5933626.0,1.38,0.43,0.05,0.43
2014-01-29,000034,11.67,11.76,11.76,11.59,18474,7502981.0,1.46,0.77,0.09,0.54
2014-01-30,000034,11.76,11.81,11.98,11.7,18327,7533093.0,2.38,0.43,0.05,0.54
2014-02-07,000034,11.76,11.84,11.87,11.59,17720,7257464.0,2.37,0.25,0.03,0.52
2014-02-10,000034,11.98,12.07,12.12,11.81,31712,13258462.0,2.62,1.94,0.23,0.93
2014-02-11,000034,12.07,12.18,12.43,12.04,37660,16025770.0,3.23,0.91,0.11,1.11
2014-02-12,000034,12.12,12.32,12.35,12.07,24433,10427834.0,2.3,1.15,0.14,0.72
2014-02-13,000034,12.46,12.29,12.63,12.21,42535,18474106.0,3.41,-0.24,-0.03,1.25
2014-02-14,000034,12.21,12.49,12.54,12.21,27611,11935046.0,2.69,1.63,0.2,0.81
2014-02-17,000034,12.46,12.63,12.71,12.46,26503,11657100.0,2.0,1.12,0.14,0.78
2014-02-18,000034,12.66,12.52,12.71,12.43,27547,12037711.0,2.22,-0.87,-0.11,0.81
2014-02-19,000034,12.49,12.54,12.68,12.43,32169,14082068.0,2.0,0.16,0.02,0.95
2014-02-20,000034,12.54,12.52,12.63,12.26,37698,16394557.0,2.95,-0.16,-0.02,1.11
2014-02-21,000034,12.52,12.32,12.54,12.26,25285,10907590.0,2.24,-1.6,-0.2,0.74
2014-02-24,000034,12.23,12.07,12.23,11.84,37084,15477657.0,3.17,-2.03,-0.25,1.09
2014-02-25,000034,11.95,11.67,12.18,11.67,34071,14137928.0,4.23,-3.31,-0.4,1.0
2014-02-26,000034,11.67,11.78,11.78,11.53,29704,12026051.0,2.14,0.94,0.11,0.87
2014-02-27,000034,11.78,11.59,11.9,11.56,24173,9861829.0,2.89,-1.61,-0.19,0.71
2014-02-28,000034,11.62,11.78,11.81,11.5,15509,6290297.0,2.67,1.64,0.19,0.46
2014-03-03,000034,11.76,12.12,12.21,11.73,30748,12920545.0,4.07,2.89,0.34,0.9
2014-03-04,000034,12.09,12.35,12.37,11.98,28561,12089381.0,3.22,1.9,0.23,0.84
2014-03-05,000034,12.35,12.21,12.37,12.21,28508,12172788.0,1.3,-1.13,-0.14,0.84
2014-03-06,000034,12.21,12.43,12.6,12.18,30674,13251223.0,3.44,1.8,0.22,0.9
2014-03-07,000034,12.35,12.26,12.46,12.21,23518,10084836.0,2.01,-1.37,-0.17,0.69
2014-03-10,000034,12.21,12.12,12.37,12.01,24611,10451508.0,2.94,-1.14,-0.14,0.72
2014-03-11,000034,12.07,12.54,12.71,12.07,55981,24242588.0,5.28,3.47,0.42,1.65
2014-03-12,000034,12.35,12.85,13.11,12.29,117383,52407586.0,6.54,2.47,0.31,3.45
2014-03-13,000034,12.85,13.36,13.39,12.74,125226,57059609.0,5.06,3.97,0.51,3.68
2014-03-14,000034,13.16,14.0,14.54,13.08,295455,143644236.0,10.93,4.79,0.64,8.69
2014-03-17,000034,13.75,14.4,14.57,13.61,196956,97180707.0,6.86,2.86,0.4,5.79
2014-03-18,000034,14.29,13.98,14.4,13.92,138868,68449602.0,3.33,-2.92,-0.42,4.08
2014-03-19,000034,13.86,14.23,14.31,13.78,106624,52357357.0,3.79,1.79,0.25,3.14
2014-03-20,000034,14.14,13.84,14.37,13.75,100257,49428483.0,4.36,-2.74,-0.39,2.95
2014-03-21,000034,13.86,14.26,14.26,13.7,110993,54610976.0,4.05,3.03,0.42,3.26
2014-03-24,000034,14.26,14.29,14.51,14.12,85498,42661680.0,2.73,0.21,0.03,2.51
2014-03-25,000034,14.31,14.79,15.13,14.17,139291,71709253.0,6.72,3.5,0.5,4.1
2014-03-26,000034,14.99,14.51,14.99,14.4,76440,38955375.0,3.99,-1.89,-0.28,2.25
2014-03-27,000034,14.51,14.14,14.85,14.14,125876,63853731.0,4.89,-2.55,-0.37,3.7
2014-03-28,000034,14.09,13.89,14.37,13.89,79664,39298398.0,3.39,-1.77,-0.25,2.34
2014-03-31,000034,13.98,14.03,14.31,13.86,48968,24130488.0,3.24,1.01,0.14,1.44
2014-04-01,000034,13.89,14.03,14.12,13.89,33720,16444574.0,1.64,0.0,0.0,0.99
2014-04-02,000034,14.03,14.09,14.23,13.98,34433,16977461.0,1.78,0.43,0.06,1.01
2014-04-03,000034,14.14,13.89,14.23,13.86,32290,15776103.0,2.63,-1.42,-0.2,0.95
2014-04-04,000034,13.86,13.5,13.89,13.33,55861,26212595.0,4.03,-2.81,-0.39,1.64
2014-04-08,000034,13.36,13.53,13.55,13.11,48426,22509613.0,3.26,0.22,0.03,1.42
2014-04-09,000034,13.44,13.61,13.61,13.41,35018,16533380.0,1.48,0.59,0.08,1.03
2014-04-10,000034,13.61,13.47,13.64,13.41,43770,20638741.0,1.69,-1.03,-0.14,1.29
2014-04-11,000034,13.5,13.27,13.5,13.13,46344,21378927.0,2.75,-1.48,-0.2,1.36
2014-04-14,000034,13.27,13.55,13.55,13.19,38781,18089858.0,2.71,2.11,0.28,1.14
2014-04-15,000034,13.47,13.22,13.47,13.19,39762,18443868.0,2.07,-2.44,-0.33,1.17
2014-04-16,000034,13.22,13.64,13.7,13.13,60608,28548383.0,4.31,3.18,0.42,1.78
2014-04-17,000034,13.64,13.58,13.67,13.44,30432,14402910.0,1.69,-0.44,-0.06,0.89
2014-04-18,000034,13.53,13.67,13.84,13.53,37032,17688575.0,2.28,0.66,0.09,1.09
2014-04-21,000034,13.5,13.22,13.53,13.19,31670,14751952.0,2.49,-3.29,-0.45,0.93
2014-04-22,000034,13.19,12.71,13.19,12.54,56136,25076966.0,4.92,-3.86,-0.51,1.65
2014-04-23,000034,12.8,12.52,12.82,12.46,38988,17138322.0,2.83,-1.49,-0.19,1.15
2014-04-24,000034,12.49,12.52,12.68,12.32,34004,14822513.0,2.88,0.0,0.0,1.0
2014-04-25,000034,12.43,12.37,12.66,12.37,26934,11759368.0,2.32,-1.2,-0.15,0.79
2014-04-28,000034,12.26,12.04,12.29,11.81,28897,12097494.0,3.88,-2.67,-0.33,0.85
2014-04-29,000034,12.07,12.23,12.26,11.98,16696,7025923.0,2.33,1.58,0.19,0.49
2014-04-30,000034,12.23,12.29,12.32,12.12,18053,7663846.0,1.64,0.49,0.06,0.53
2014-05-05,000034,12.29,12.26,12.32,12.09,20139,8566265.0,1.87,-0.24,-0.03,0.59
2014-05-06,000034,12.29,12.35,12.4,12.18,36503,15672174.0,1.79,0.73,0.09,1.07
2014-05-07,000034,12.26,12.23,12.37,12.15,28582,12196961.0,1.78,-0.97,-0.12,0.84
2014-05-08,000034,12.21,12.12,12.35,12.04,15500,6571905.0,2.53,-0.9,-0.11,0.46
2014-05-09,000034,12.09,12.07,12.21,11.84,24176,10089382.0,3.05,-0.41,-0.05,0.71
2014-05-12,000034,12.18,12.46,12.49,12.07,22361,9610149.0,3.48,3.23,0.39,0.66
2014-05-13,000034,12.54,12.43,12.54,12.35,18708,8110381.0,1.52,-0.24,-0.03,0.55
2014-05-14,000034,12.37,12.43,12.49,12.35,9546,4127183.0,1.13,0.0,0.0,0.28
2014-05-15,000034,12.43,12.01,12.52,11.9,32862,13886534.0,4.99,-3.38,-0.42,0.97
2014-05-16,000034,12.01,12.09,12.15,11.87,13214,5534376.0,2.33,0.67,0.08,0.39
2014-05-19,000034,12.04,12.15,12.15,11.93,9900,4144171.0,1.82,0.5,0.06,0.29
2014-05-20,000034,12.18,12.09,12.26,12.07,10507,4445708.0,1.56,-0.49,-0.06,0.31
2014-05-21,000034,12.09,12.26,12.26,11.98,10629,4497103.0,2.32,1.41,0.17,0.31
2014-05-22,000034,12.23,12.18,12.43,12.18,17169,7369361.0,2.04,-0.65,-0.08,0.5
2014-05-23,000034,12.15,12.52,12.52,12.12,18015,7750423.0,3.28,2.79,0.34,0.53
2014-05-26,000034,12.52,12.46,12.54,12.4,13411,5817941.0,1.12,-0.48,-0.06,0.39
2014-05-27,000034,12.52,12.46,12.66,12.4,17533,7642001.0,2.09,0.0,0.0,0.52
2014-05-28,000034,12.4,12.6,12.63,12.29,19294,8402482.0,2.73,1.12,0.14,0.57
2014-05-29,000034,12.66,12.68,12.99,12.66,56711,25371399.0,2.62,0.63,0.08,1.67
2014-05-30,000034,12.68,12.63,12.77,12.49,25210,11095130.0,2.21,-0.39,-0.05,0.74
2014-06-03,000034,12.68,12.71,12.74,12.57,20618,9073346.0,1.35,0.63,0.08,0.61
2014-06-04,000034,12.68,12.46,12.71,12.26,18701,8102767.0,3.54,-1.97,-0.25,0.55
2014-06-05,000034,12.37,12.63,12.63,12.35,18834,8244532.0,2.25,1.36,0.17,0.55
2014-06-06,000034,12.63,12.82,13.02,12.57,31695,14154780.0,3.56,1.5,0.19,0.93
2014-06-09,000034,12.74,12.94,12.99,12.74,21617,9732873.0,1.95,0.94,0.12,0.64
2014-06-10,000034,12.91,13.75,13.98,12.82,61297,28976546.0,8.96,6.26,0.81,1.8
2014-06-11,000034,15.1,14.14,15.1,13.86,173790,87672512.0,9.02,2.84,0.39,5.11
2014-06-12,000034,14.31,14.4,14.99,14.06,144893,73257139.0,6.58,1.84,0.26,4.26
2014-06-13,000034,14.29,13.72,14.29,13.58,94477,45595200.0,4.93,-4.72,-0.68,2.78
2014-06-16,000034,13.81,13.78,13.86,13.61,44159,21224955.0,1.82,0.44,0.06,1.3
2014-06-17,000034,13.67,13.5,13.72,13.41,43876,20716485.0,2.25,-2.03,-0.28,1.29
2014-06-18,000034,13.41,13.19,13.58,13.19,35494,16575164.0,2.89,-2.3,-0.31,1.04
2014-06-19,000034,13.11,13.55,13.86,13.11,68539,32573470.0,5.69,2.73,0.36,2.02
2014-06-20,000034,13.47,13.61,13.7,13.19,24055,11343113.0,3.76,0.44,0.06,0.71
2014-06-23,000034,13.7,13.53,13.72,13.33,32742,15473190.0,2.87,-0.59,-0.08,0.96
2014-06-24,000034,13.55,13.53,13.55,13.27,28719,13427777.0,2.07,0.0,0.0,0.84
2014-06-25,000034,13.53,13.39,13.64,13.36,20001,9419764.0,2.07,-1.03,-0.14,0.59
2014-06-26,000034,13.41,13.58,13.72,13.39,30489,14431268.0,2.46,1.42,0.19,0.9
2014-06-27,000034,13.58,13.75,14.17,13.47,54325,26273638.0,5.15,1.25,0.17,1.6
2014-06-30,000034,13.84,13.72,14.09,13.7,32341,15576135.0,2.84,-0.22,-0.03,0.95
2014-07-01,000034,13.86,14.03,14.4,13.64,81994,40136497.0,5.54,2.26,0.31,2.41
2014-07-02,000034,13.92,14.09,14.2,13.89,53673,26303195.0,2.21,0.43,0.06,1.58
2014-07-03,000034,14.09,14.0,14.23,13.95,37051,18219247.0,1.99,-0.64,-0.09,1.09
2014-07-04,000034,14.03,14.14,14.45,13.95,52507,25952112.0,3.57,1.0,0.14,1.54
2014-07-07,000034,14.14,13.98,14.2,13.86,34600,16917659.0,2.4,-1.13,-0.16,1.02
2014-07-08,000034,13.95,13.98,14.12,13.89,19765,9645721.0,1.65,0.0,0.0,0.58
2014-07-09,000034,14.0,13.3,14.03,13.13,62546,29595882.0,6.44,-4.86,-0.68,1.84
2014-07-10,000034,13.27,13.5,13.58,13.27,31476,14750530.0,2.33,1.5,0.2,0.93
2014-07-11,000034,13.81,14.82,14.82,13.78,273220,139681704.0,7.7,9.78,1.32,8.03
2014-07-14,000034,15.16,15.04,15.41,14.59,242771,127786185.0,5.53,1.48,0.22,7.14
2014-07-15,000034,15.44,15.02,15.83,14.59,222005,117432764.0,8.24,-0.13,-0.02,6.53
2014-07-16,000034,14.79,16.25,16.5,14.68,284085,156686656.0,12.12,8.19,1.23,8.35
2014-07-17,000034,15.72,15.69,15.94,15.41,141983,77893702.0,3.26,-3.45,-0.56,4.18
2014-07-18,000034,15.44,15.47,15.89,15.21,88982,48440063.0,4.33,-1.4,-0.22,2.62
2014-07-21,000034,15.47,16.11,16.95,15.32,155526,88643401.0,10.54,4.14,0.64,4.57
2014-07-22,000034,16.48,16.28,17.09,16.08,130529,75566155.0,6.27,1.06,0.17,3.84
2014-07-23,000034,16.34,16.2,16.42,15.77,95969,53957091.0,3.99,-0.49,-0.08,2.82
2014-07-24,000034,16.08,16.39,16.7,15.3,104728,58922952.0,8.64,1.17,0.19,3.08
2014-07-25,000034,16.25,16.06,16.39,15.86,46228,25955198.0,3.23,-2.01,-0.33,1.36
2014-07-28,000034,16.14,16.42,16.76,15.86,108200,61589145.0,5.6,2.24,0.36,3.18
2014-07-29,000034,16.28,17.32,17.97,16.08,204258,120806736.0,11.51,5.48,0.9,6.01
2014-07-30,000034,17.26,16.98,17.66,16.76,135451,81326639.0,5.2,-1.96,-0.34,3.98
2014-07-31,000034,16.98,17.8,18.13,16.9,119694,74361580.0,7.24,4.83,0.82,3.52
2014-08-01,000034,17.77,17.49,17.77,17.4,62019,38183701.0,2.08,-1.74,-0.31,1.82
2014-08-04,000034,17.49,17.07,17.66,16.84,125389,75665250.0,4.69,-2.4,-0.42,3.69
2014-08-05,000034,17.15,17.18,17.29,16.67,101994,60575574.0,3.63,0.64,0.11,3.0
2014-08-06,000034,17.01,16.98,17.21,16.87,56359,33625217.0,1.98,-1.16,-0.2,1.66
2014-08-07,000034,17.01,16.45,17.01,16.42,91420,53489411.0,3.47,-3.12,-0.53,2.69
2014-08-08,000034,16.48,16.76,16.79,16.42,50362,29319574.0,2.25,1.88,0.31,1.48
2014-08-11,000034,16.76,16.93,17.04,16.65,53196,31607969.0,2.33,1.01,0.17,1.56
2014-08-12,000034,16.93,16.95,17.04,16.84,42038,24945664.0,1.18,0.12,0.02,1.24
2014-08-13,000034,16.93,17.38,17.4,16.79,73160,43631808.0,3.6,2.54,0.43,2.15
2014-08-14,000034,17.38,17.66,17.97,17.15,132022,81866692.0,4.72,1.61,0.28,3.88
2014-08-15,000034,17.97,19.09,19.2,17.57,173636,113862416.0,9.23,8.1,1.43,5.11
2014-08-18,000034,19.15,20.72,20.97,18.67,233781,164254830.0,12.05,8.54,1.63,6.87
2014-08-19,000034,20.55,20.07,20.86,19.76,152080,108185836.0,5.31,-3.14,-0.65,4.47
2014-08-20,000034,19.82,20.61,21.62,19.82,146725,107733981.0,8.97,2.69,0.54,4.31
2014-08-21,000034,20.66,20.78,21.17,19.96,101918,73245500.0,5.87,0.82,0.17,3.0
2014-08-22,000034,20.72,20.47,20.78,20.16,69811,50121253.0,2.98,-1.49,-0.31,2.05
2014-08-25,000034,20.44,19.68,20.44,19.65,91158,63756620.0,3.86,-3.86,-0.79,2.68
2014-08-26,000034,19.57,19.54,20.21,19.48,66343,46182483.0,3.71,-0.71,-0.14,1.95
2014-08-27,000034,19.51,19.2,19.65,19.15,56757,38553899.0,2.56,-1.74,-0.34,1.67
2014-08-28,000034,19.26,19.96,20.16,19.26,80213,55690550.0,4.69,3.96,0.76,2.36
2014-08-29,000034,19.96,19.99,20.21,19.62,54658,38267930.0,2.96,0.15,0.03,1.61
2014-09-01,000034,19.9,20.35,20.35,19.82,46556,33032770.0,2.65,1.8,0.36,1.37
2014-09-02,000034,20.35,20.44,20.47,20.05,62452,44493318.0,2.06,0.44,0.09,1.84
2014-09-03,000034,20.38,20.3,20.61,20.21,62553,44758739.0,1.96,-0.68,-0.14,1.84
2014-09-04,000034,20.38,20.33,20.47,20.1,53432,38086810.0,1.82,0.15,0.03,1.57
2014-09-05,000034,20.38,20.21,20.41,20.05,60793,43085644.0,1.77,-0.59,-0.12,1.79
2014-09-09,000034,20.16,20.27,20.35,19.93,57072,40330845.0,2.08,0.3,0.06,1.68
2014-09-10,000034,20.21,21.0,21.48,20.05,144982,107001184.0,7.05,3.6,0.73,4.26
2014-09-11,000034,20.75,20.24,20.97,20.05,135383,97550866.0,4.38,-3.62,-0.76,3.98
2014-09-12,000034,20.07,20.27,20.33,19.99,67648,47979643.0,1.68,0.15,0.03,1.99
2014-09-15,000034,20.21,20.33,20.47,20.07,74032,52708082.0,1.97,0.3,0.06,2.18
2014-09-16,000034,20.33,20.07,21.06,20.05,121658,88159015.0,4.97,-1.28,-0.26,3.58
2014-09-17,000034,20.02,19.46,20.19,19.12,95481,65500987.0,5.33,-3.04,-0.61,2.81
2014-09-18,000034,19.46,19.68,19.76,19.4,44848,30862450.0,1.85,1.13,0.22,1.32
2014-09-19,000034,19.54,19.6,19.79,19.4,43006,29520863.0,1.98,-0.41,-0.08,1.26
2014-09-22,000034,19.43,18.75,19.57,18.7,77904,52093773.0,4.44,-4.34,-0.85,2.29
2014-09-23,000034,18.75,19.03,19.2,18.67,45456,30263528.0,2.83,1.49,0.28,1.34
2014-09-24,000034,18.98,19.51,19.54,18.95,48999,33321356.0,3.1,2.52,0.48,1.44
2014-09-25,000034,19.51,19.23,19.62,19.2,55170,37719784.0,2.15,-1.44,-0.28,1.62
2014-09-26,000034,19.26,19.68,19.79,19.26,59146,40756990.0,2.76,2.34,0.45,1.74
2014-09-29,000034,19.85,20.16,20.19,19.79,64775,45592530.0,2.03,2.44,0.48,1.9
2014-09-30,000034,20.58,20.24,20.61,20.19,57066,40704632.0,2.08,0.4,0.08,1.68
2014-10-08,000034,20.3,20.41,20.52,20.21,57967,41422621.0,1.53,0.84,0.17,1.7
2014-10-09,000034,20.41,20.19,20.47,19.76,80482,56803633.0,3.48,-1.08,-0.22,2.37
2014-10-10,000034,20.1,19.82,20.1,19.68,55106,38496248.0,2.08,-1.83,-0.37,1.62
2014-10-13,000034,19.82,20.55,20.78,19.26,144585,102227286.0,7.67,3.68,0.73,4.25
2014-10-14,000034,20.47,22.57,22.57,20.3,356511,273480688.0,11.05,9.83,2.02,10.48
2014-10-15,000034,22.57,21.96,22.57,21.76,235040,182304883.0,3.59,-2.7,-0.61,6.91
2014-10-16,000034,21.62,21.08,21.76,21.06,164494,124155614.0,3.19,-4.01,-0.88,4.84
2014-10-17,000034,20.92,20.21,21.28,20.05,108358,78228007.0,5.83,-4.13,-0.87,3.19
2014-10-20,000034,20.38,20.49,20.61,20.3,62503,44913559.0,1.53,1.39,0.28,1.84
2014-10-21,000034,20.66,20.24,20.66,20.24,57811,41461252.0,2.05,-1.22,-0.25,1.7
2014-10-22,000034,20.24,19.65,20.47,19.65,70321,49684174.0,4.05,-2.92,-0.59,2.07
2014-10-23,000034,19.6,19.4,19.82,19.26,61760,42314181.0,2.85,-1.27,-0.25,1.82
2014-10-24,000034,19.4,19.37,19.68,19.31,43148,29540166.0,1.91,-0.15,-0.03,1.27
2014-10-27,000034,19.37,19.74,20.13,19.01,52857,36590626.0,5.78,1.91,0.37,1.55
2014-10-28,000034,19.9,20.13,20.16,19.74,64345,45129232.0,2.13,1.98,0.39,1.89
2014-10-29,000034,20.3,20.61,20.89,20.1,102645,74139559.0,3.92,2.38,0.48,3.02
2014-10-30,000034,20.69,20.27,20.72,20.21,94746,67947413.0,2.47,-1.65,-0.34,2.79
2014-10-31,000034,20.3,20.44,20.8,20.19,104175,74870094.0,3.01,0.84,0.17,3.06
2014-11-03,000034,20.55,20.89,21.28,20.41,118225,86865808.0,4.26,2.2,0.45,3.48
2014-11-04,000034,20.89,20.55,20.89,20.47,65127,47167436.0,2.01,-1.63,-0.34,1.92
2014-11-05,000034,20.61,20.52,20.72,20.35,47220,34070105.0,1.8,-0.15,-0.03,1.39
2014-11-06,000034,20.49,20.94,21.03,20.49,83355,61038262.0,2.63,2.05,0.42,2.45
2014-11-07,000034,21.34,20.94,22.07,20.75,182160,137652512.0,6.3,0.0,0.0,5.36
2014-11-10,000034,20.94,20.92,21.31,20.61,81143,59804717.0,3.34,-0.1,-0.02,2.39
2014-11-11,000034,21.06,19.74,21.06,19.51,131331,92824934.0,7.41,-5.64,-1.18,3.86
2014-11-12,000034,19.51,20.02,20.02,19.4,45884,31904439.0,3.14,1.42,0.28,1.35
2014-11-13,000034,20.21,19.82,20.21,19.65,37280,25999648.0,2.8,-1.0,-0.2,1.1
2014-11-14,000034,19.62,19.79,19.88,19.48,34517,23840416.0,2.02,-0.15,-0.03,1.02
2014-11-17,000034,19.76,20.8,20.83,19.65,96191,68928164.0,5.96,5.1,1.01,2.83
2014-11-18,000034,20.61,20.8,21.06,20.49,69209,50583293.0,2.74,0.0,0.0,2.04
2014-11-19,000034,20.83,20.78,20.92,20.55,40192,29286479.0,1.78,-0.1,-0.02,1.18
2014-11-20,000034,20.72,20.86,21.14,20.64,56986,41875775.0,2.41,0.38,0.08,1.68
2014-11-21,000034,20.86,21.0,21.11,20.66,63978,47051765.0,2.16,0.67,0.14,1.88
2014-11-24,000034,21.23,20.86,21.28,20.64,83571,61162612.0,3.05,-0.67,-0.14,2.46
2014-11-25,000034,20.86,21.06,21.06,20.69,77339,56827867.0,1.77,0.96,0.2,2.27
2014-11-26,000034,21.28,21.08,21.28,20.78,73746,54411356.0,2.37,0.09,0.02,2.17
2014-11-27,000034,21.08,21.34,21.73,20.97,115540,86633969.0,3.61,1.23,0.26,3.4
2014-11-28,000034,21.34,20.97,21.37,20.72,94455,69817716.0,3.05,-1.73,-0.37,2.78
2014-12-01,000034,20.8,20.47,21.11,19.99,94032,68174777.0,5.34,-2.38,-0.5,2.77
2014-12-02,000034,20.35,20.72,20.92,20.3,59755,43527795.0,3.03,1.22,0.25,1.76
2014-12-03,000034,20.66,20.69,20.83,20.35,71200,51410013.0,2.32,-0.14,-0.03,2.09
2014-12-04,000034,20.64,21.03,21.31,20.58,131164,96962853.0,3.53,1.64,0.34,3.86
2014-12-05,000034,21.03,20.21,21.06,19.71,116198,83110883.0,6.42,-3.9,-0.82,3.42
2014-12-08,000034,20.16,19.93,20.16,19.62,96467,67294252.0,2.67,-1.39,-0.28,2.84
2014-12-09,000034,20.02,18.92,20.02,18.84,99170,67888698.0,5.92,-5.07,-1.01,2.92
2014-12-10,000034,18.92,19.51,19.54,18.92,51601,34888646.0,3.28,3.12,0.59,1.52
2014-12-11,000034,19.4,19.71,19.82,19.17,42676,29345969.0,3.33,1.03,0.2,1.25
2014-12-12,000034,19.71,20.02,20.05,19.6,48272,33583697.0,2.28,1.57,0.31,1.42
2014-12-15,000034,20.1,20.38,20.49,19.9,76339,54450314.0,2.95,1.8,0.36,2.24
2014-12-16,000034,20.3,20.49,20.66,20.07,78735,56410189.0,2.89,0.54,0.11,2.32
2014-12-17,000034,20.44,19.93,20.44,19.74,66452,46797211.0,3.42,-2.73,-0.56,1.95
2014-12-18,000034,19.85,19.6,19.96,19.54,45077,31201213.0,2.11,-1.66,-0.33,1.33
2014-12-19,000034,19.6,20.89,20.92,18.92,176888,126125542.0,10.2,6.58,1.29,5.2
2014-12-22,000034,20.89,19.88,20.89,19.01,121538,85318951.0,9.0,-4.83,-1.01,3.57
2014-12-23,000034,19.79,19.12,19.82,18.84,45739,31174452.0,4.93,-3.82,-0.76,1.35
2014-12-24,000034,19.2,19.6,20.05,19.2,41805,28866794.0,4.45,2.51,0.48,1.23
2014-12-25,000034,19.62,19.74,20.02,19.51,34859,24178794.0,2.6,0.71,0.14,1.03
2014-12-26,000034,19.82,19.93,20.02,19.4,59134,40929622.0,3.14,0.96,0.19,1.74
2014-12-29,000034,19.93,19.43,19.93,19.4,39149,26835599.0,2.66,-2.51,-0.5,1.15
2014-12-30,000034,19.46,19.62,20.02,19.34,45856,31734902.0,3.5,0.98,0.19,1.35
2014-12-31,000034,19.46,19.48,19.76,19.26,33538,22878704.0,2.55,-0.71,-0.14,0.99
2015-01-05,000034,19.43,19.54,19.85,19.01,53451,36431630.0,4.31,0.31,0.06,1.57
2015-01-06,000034,19.54,19.74,19.76,19.06,104035,70573815.0,3.58,1.02,0.2,3.06
2015-01-07,000034,19.54,19.82,19.93,19.4,86524,59882016.0,2.68,0.41,0.08,2.54
2015-01-08,000034,19.82,19.46,19.9,19.37,51179,35163377.0,2.67,-1.82,-0.36,1.5
2015-01-09,000034,19.4,19.17,19.51,19.15,39047,26548777.0,1.85,-1.49,-0.29,1.15
2015-01-12,000034,19.09,18.13,19.09,17.91,65972,42782108.0,6.16,-5.43,-1.04,1.94
2015-01-13,000034,18.11,18.22,18.25,18.05,34859,22191892.0,1.1,0.5,0.09,1.03
2015-01-14,000034,18.25,17.85,18.25,17.63,38192,24038139.0,3.4,-2.03,-0.37,1.12
2015-01-15,000034,17.97,18.05,18.05,17.8,23683,14901372.0,1.4,1.12,0.2,0.7
2015-01-16,000034,18.05,18.16,18.3,17.94,31967,20330252.0,1.99,0.61,0.11,0.94
2015-01-19,000034,17.85,17.69,18.47,17.54,45579,28655932.0,5.12,-2.59,-0.47,1.34
2015-01-20,000034,17.71,18.13,18.19,17.71,31478,19908234.0,2.71,2.49,0.44,0.93
2015-01-21,000034,18.25,18.61,18.64,18.16,44842,29102298.0,2.65,2.65,0.48,1.32
2015-01-22,000034,18.67,18.98,18.98,18.5,48758,32149850.0,2.58,1.99,0.37,1.43
2015-01-23,000034,18.98,18.87,19.23,18.72,58279,38813002.0,2.69,-0.58,-0.11,1.71
2015-01-26,000034,18.87,19.29,19.37,18.72,58303,39036402.0,3.44,2.23,0.42,1.71
2015-01-27,000034,19.15,19.26,19.46,19.03,52783,35669853.0,2.23,-0.16,-0.03,1.55
2015-01-28,000034,19.26,18.95,19.26,18.95,42996,28819888.0,1.61,-1.61,-0.31,1.26
2015-01-29,000034,19.03,19.37,19.74,19.01,88820,60706582.0,3.85,2.22,0.42,2.61
2015-01-30,000034,19.2,19.29,19.48,19.12,50515,34196395.0,1.86,-0.41,-0.08,1.49
2015-02-02,000034,19.03,18.95,19.09,18.75,36066,23929530.0,1.76,-1.76,-0.34,1.06
2015-02-03,000034,18.95,19.03,19.09,18.89,39603,26402322.0,1.06,0.42,0.08,1.16
2015-02-04,000034,19.06,18.98,19.09,18.92,27247,18170831.0,0.89,-0.26,-0.05,0.8
2015-02-05,000034,18.98,19.74,20.19,17.12,164634,113838301.0,16.17,4.0,0.76,4.84
2015-02-06,000034,19.62,20.64,20.83,19.46,228920,164391424.0,6.94,4.56,0.9,6.73
2015-02-09,000034,20.83,20.24,21.0,19.71,126230,89396182.0,6.25,-1.94,-0.4,3.71
2015-02-10,000034,19.99,19.88,20.21,19.57,63925,44450948.0,3.16,-1.78,-0.36,1.88
2015-02-11,000034,19.88,20.33,20.38,19.37,68416,48213641.0,5.08,2.26,0.45,2.01
2015-02-12,000034,20.27,19.99,20.33,19.93,60638,42865499.0,1.97,-1.67,-0.34,1.78
2015-02-13,000034,20.02,20.1,20.3,19.99,72591,51366685.0,1.55,0.55,0.11,2.13
2015-02-16,000034,20.16,20.64,20.72,20.13,93852,67332782.0,2.94,2.69,0.54,2.76
2015-02-17,000034,20.75,20.55,20.8,20.33,65503,47087123.0,2.28,-0.44,-0.09,1.93
2015-02-25,000034,20.55,21.62,21.87,20.33,151173,112136113.0,7.49,5.21,1.07,4.45
2015-02-26,000034,21.56,21.73,22.57,21.23,179304,138101850.0,6.2,0.51,0.11,5.27
2015-02-27,000034,21.59,23.36,23.87,21.59,271430,218889388.0,10.49,7.5,1.63,7.98
2015-03-02,000034,23.39,23.73,24.06,22.88,181858,150839563.0,5.05,1.58,0.37,5.35
2015-03-03,000034,23.53,22.74,23.53,22.71,169549,137604089.0,3.46,-4.17,-0.99,4.99
2015-03-04,000034,22.74,22.88,23.05,22.57,103859,83324511.0,2.11,0.62,0.14,3.05
2015-03-05,000034,23.0,23.87,24.03,22.66,157368,129507826.0,5.99,4.33,0.99,4.63
2015-03-06,000034,23.87,23.02,23.95,23.0,95517,78740045.0,3.98,-3.56,-0.85,2.81
2015-03-09,000034,23.0,23.5,23.81,22.69,81439,66966300.0,4.87,2.09,0.48,2.39
2015-03-10,000034,23.5,24.12,24.12,23.08,126744,105382365.0,4.43,2.64,0.62,3.73
2015-03-11,000034,24.01,23.7,24.65,23.59,95143,80054809.0,4.39,-1.74,-0.42,2.8
2015-03-12,000034,23.7,23.11,23.81,22.83,93103,76161636.0,4.14,-2.49,-0.59,2.74
2015-03-13,000034,23.11,23.3,23.39,22.85,60195,49038528.0,2.34,0.82,0.19,1.77
2015-03-16,000034,23.44,23.92,24.06,23.25,110534,92184292.0,3.48,2.66,0.62,3.25
2015-03-17,000034,23.89,25.1,25.8,23.78,205332,181044676.0,8.44,4.93,1.18,6.04
2015-03-18,000034,25.13,25.69,26.11,24.71,154833,139891502.0,5.58,2.35,0.59,4.55
2015-03-19,000034,25.55,25.58,26.03,25.05,125619,113044213.0,3.81,-0.43,-0.11,3.69
2015-03-20,000034,25.47,26.11,26.54,25.33,131541,120758589.0,4.73,2.07,0.53,3.87
2015-08-28,000034,28.7,28.7,28.7,28.7,17019,17223642.0,0.0,9.92,2.59,0.5
2015-08-31,000034,31.54,31.54,31.54,31.17,191590,213192376.0,1.29,9.9,2.84,5.63
2015-09-01,000034,33.42,29.91,34.66,29.88,816039,970131568.0,15.16,-5.17,-1.63,24.0
2015-09-02,000034,26.96,26.96,29.6,26.96,481458,465637376.0,8.83,-9.86,-2.95,14.16
2015-09-07,000034,27.41,24.29,28.08,24.29,445747,408314880.0,14.06,-9.9,-2.67,13.11
2015-09-08,000034,23.84,24.06,24.71,21.9,366809,299700768.0,11.57,-0.95,-0.23,10.79
2015-09-09,000034,24.15,26.11,26.45,23.61,424922,379867024.0,11.8,8.52,2.05,12.5
2015-09-10,000034,25.27,26.25,27.69,24.85,381048,355961024.0,10.88,0.54,0.14,11.21
2015-09-11,000034,25.86,28.87,28.87,25.86,270495,272385728.0,11.47,9.98,2.62,7.95
2015-09-14,000034,30.83,27.72,31.73,26.62,658594,699502736.0,17.7,-3.98,-1.15,19.37
2015-09-15,000034,26.06,24.96,27.52,24.96,380071,343960352.0,9.24,-9.96,-2.76,11.18
2015-09-16,000034,24.43,27.43,27.43,24.43,337818,312048288.0,12.02,9.9,2.47,9.93
2015-09-17,000034,27.29,27.55,29.96,26.28,434584,429865216.0,13.42,0.44,0.12,12.78
2015-09-18,000034,27.63,28.19,29.06,27.52,294316,293391296.0,5.59,2.32,0.64,8.65
2015-09-21,000034,27.27,28.87,28.92,26.65,275677,272290528.0,8.05,2.41,0.68,8.11
2015-09-22,000034,28.84,31.73,31.73,28.59,250329,276308064.0,10.88,9.91,2.86,7.36
2015-09-23,000034,33.28,34.46,34.88,32.15,703986,844808544.0,8.6,8.6,2.73,20.7
2015-09-24,000034,33.64,35.81,37.77,32.89,608346,758574416.0,14.16,3.92,1.35,17.89
2015-09-25,000034,34.77,32.27,35.53,32.27,443779,526131200.0,9.1,-9.89,-3.54,13.05
2015-09-28,000034,31.79,34.82,35.16,30.89,305649,360138048.0,13.23,7.9,2.55,8.99
2015-09-29,000034,33.73,33.67,35.33,33.03,290718,349587264.0,6.61,-3.3,-1.15,8.55
2015-09-30,000034,33.67,32.55,35.39,32.52,227195,271598256.0,8.52,-3.33,-1.12,6.68
2015-10-08,000034,33.42,34.63,35.22,33.31,226725,274011328.0,5.87,6.39,2.08,6.67
2015-10-09,000034,34.96,38.06,38.06,34.6,271833,356642704.0,9.99,9.9,3.43,7.99
2015-10-12,000034,39.6,41.85,41.85,39.21,188317,269928848.0,6.94,9.96,3.79,5.54
2015-10-13,000034,44.24,43.56,46.01,42.13,650080,1010147152.0,9.27,4.09,1.71,19.12
2015-10-14,000034,42.41,47.89,47.89,42.19,698486,1141114560.0,13.09,9.94,4.33,20.54
2015-10-15,000034,46.34,47.16,48.54,43.96,518699,846119600.0,9.56,-1.52,-0.73,15.25
2015-10-16,000034,47.16,46.15,50.5,45.89,485391,819545344.0,9.78,-2.14,-1.01,14.27
2015-10-19,000034,45.19,47.86,49.32,43.98,469500,768206016.0,11.57,3.71,1.71,13.81
2015-10-20,000034,46.93,46.65,47.86,45.98,310979,513047760.0,3.93,-2.53,-1.21,9.14
2015-10-21,000034,46.6,47.8,51.29,46.06,610893,1067755984.0,11.21,2.47,1.15,17.96
2015-10-22,000034,46.15,50.56,52.41,45.22,529690,910972832.0,15.04,5.77,2.76,15.58
2015-10-23,000034,49.63,49.86,52.22,48.84,375054,663186688.0,6.69,-1.38,-0.7,11.03
2015-10-26,000034,48.93,44.91,48.93,44.91,450714,731981088.0,8.06,-9.93,-4.95,13.25
2015-10-27,000034,43.28,45.11,46.01,41.65,302302,472178992.0,9.71,0.45,0.2,8.89
2015-10-28,000034,44.1,42.38,46.32,42.27,230666,357316400.0,8.98,-6.05,-2.73,6.78
2015-10-29,000034,42.83,43.51,44.6,42.72,196102,302984656.0,4.44,2.67,1.13,5.77
2015-10-30,000034,44.26,44.52,45.92,43.51,239037,380419488.0,5.54,2.32,1.01,7.03
2015-11-02,000034,42.41,41.85,44.49,41.01,192220,292136848.0,7.82,-6.0,-2.67,5.65
2015-11-03,000034,41.9,45.05,45.44,41.9,249390,392274064.0,8.46,7.65,3.2,7.33
2015-11-04,000034,45.22,47.16,47.8,45.22,253554,420196960.0,5.73,4.68,2.11,7.46
2015-11-05,000034,47.21,47.21,47.97,45.5,261618,432583408.0,5.24,0.11,0.05,7.69
2015-11-06,000034,47.3,47.47,49.15,46.91,225220,382498704.0,4.74,0.55,0.26,6.62
2015-11-09,000034,46.93,49.72,50.78,46.18,280581,479453808.0,9.69,4.74,2.25,8.25
2015-11-10,000034,49.15,54.66,54.66,48.73,344126,651138736.0,11.93,9.94,4.94,10.12
2015-11-11,000034,55.28,56.04,58.57,54.72,336592,675517088.0,7.04,2.52,1.38,9.9
2015-11-12,000034,55.03,57.72,57.95,54.77,241602,483758592.0,5.67,3.0,1.68,7.1
2015-11-13,000034,56.49,55.78,57.72,54.8,197538,393176832.0,5.06,-3.36,-1.94,5.81
2015-11-25,000034,59.24,61.35,61.35,57.02,70817,150957513.0,7.76,9.99,5.57,2.08
2015-11-26,000034,67.11,57.55,67.14,56.96,378510,842122976.0,16.59,-6.19,-3.8,11.13
2015-11-27,000034,55.67,51.82,57.47,51.82,282618,543691408.0,9.82,-9.96,-5.73,8.31
2015-11-30,000034,52.1,52.08,53.09,47.5,223295,400116752.0,10.79,0.5,0.26,6.57
2015-12-01,000034,51.6,50.7,54.49,50.56,195376,364254352.0,7.55,-2.65,-1.38,5.75
2015-12-02,000034,51.4,51.26,51.91,47.47,163679,291347872.0,8.76,1.1,0.56,4.81
2015-12-03,000034,50.98,53.37,53.42,50.9,133193,245606050.0,4.92,4.12,2.11,3.92
2015-12-04,000034,54.01,57.22,58.43,52.83,271740,532957664.0,10.49,7.21,3.85,7.99
2015-12-07,000034,57.3,58.93,60.67,55.39,178123,364669840.0,9.23,2.99,1.71,5.24
2015-12-08,000034,57.72,58.57,60.67,57.3,183250,384992720.0,5.72,-0.61,-0.36,5.39
2015-12-09,000034,57.81,56.01,59.72,55.28,144865,293063456.0,7.58,-4.37,-2.56,4.26
2015-12-10,000034,55.73,54.94,56.91,54.83,108649,214551517.0,3.71,-1.91,-1.07,3.19
2015-12-11,000034,55.9,56.09,57.89,53.85,129508,259232339.0,7.35,2.09,1.15,3.81
2015-12-14,000034,55.64,56.94,57.19,54.91,81705,161979305.0,4.06,1.52,0.85,2.4
2015-12-15,000034,56.46,61.09,62.61,56.35,194072,410835520.0,10.99,7.29,4.15,5.71
2015-12-16,000034,61.09,61.74,62.7,59.83,152346,331591696.0,4.7,1.06,0.65,4.48
2015-12-17,000034,62.11,63.23,66.15,62.11,185407,421950640.0,6.54,2.41,1.49,5.45
2015-12-18,000034,62.95,63.34,65.39,62.11,128516,289072336.0,5.19,0.17,0.11,3.78
2015-12-21,000034,66.07,69.66,69.66,64.55,322814,779641392.0,8.07,9.98,6.32,9.49
2015-12-22,000034,71.07,76.6,76.6,69.47,278437,724790304.0,10.24,9.96,6.94,8.19
2015-12-23,000034,78.6,78.8,84.25,75.0,443481,1269541776.0,12.08,2.87,2.2,13.04
2016-04-15,000034,70.96,70.96,70.96,70.96,9179,23094364.0,0.0,-9.95,-7.84,0.27
2016-04-18,000034,63.88,63.88,63.88,63.88,7726,17491664.0,0.0,-9.98,-7.08,0.23
2016-04-19,000034,57.53,58.96,61.97,57.53,578706,1208868288.0,6.95,-7.7,-4.92,17.02
2016-04-20,000034,57.86,61.97,64.61,56.46,492386,1032290832.0,13.82,5.11,3.01,14.48
2016-04-21,000034,60.17,56.46,61.04,56.46,277591,581551360.0,7.39,-8.89,-5.51,8.16
2016-04-22,000034,55.81,55.64,57.81,53.87,151530,300170416.0,6.98,-1.45,-0.82,4.46
2016-04-25,000034,56.51,57.33,60.93,55.9,177031,366975280.0,9.04,3.04,1.69,5.21
2016-04-26,000034,57.44,58.79,60.11,57.44,144487,301406240.0,4.66,2.55,1.46,4.25
2016-04-27,000034,58.43,56.46,58.99,56.18,124207,251129131.0,4.78,-3.96,-2.33,3.65
2016-04-28,000034,56.68,54.69,57.02,52.95,131370,254193278.0,7.21,-3.13,-1.77,3.86
2016-04-29,000034,54.77,55.78,56.74,53.65,116060,228242566.0,5.65,1.99,1.09,3.41
2016-05-03,000034,55.05,56.49,57.53,55.05,93409,186837227.0,4.45,1.27,0.71,2.75
2016-05-04,000034,56.4,57.81,59.16,56.26,114620,236427566.0,5.13,2.34,1.32,3.37
2016-05-05,000034,58.0,57.69,59.21,57.05,92224,190024156.0,3.74,-0.21,-0.12,2.71
2016-05-06,000034,57.47,53.65,57.98,53.65,128849,253970859.0,7.51,-7.0,-4.04,3.79
2016-05-09,000034,53.2,48.31,53.31,48.31,127050,224683321.0,9.32,-9.95,-5.34,3.74
2016-05-10,000034,48.03,45.08,48.73,44.71,133712,219943321.0,8.32,-6.69,-3.23,3.93
2016-05-11,000034,45.64,45.78,46.51,45.08,100385,163037085.0,3.17,1.55,0.7,2.95
2016-05-12,000034,45.67,46.01,46.29,43.25,81967,130458000.0,6.64,0.5,0.23,2.41
2016-05-13,000034,45.81,45.87,47.27,45.5,64232,105560839.0,3.85,-0.3,-0.14,1.89
2016-05-16,000034,45.67,47.3,47.55,44.32,75642,124037505.0,7.04,3.12,1.43,2.22
2016-05-17,000034,47.75,50.81,51.82,47.41,114820,204615887.0,9.32,7.42,3.51,3.38
2016-05-18,000034,50.28,48.87,51.77,48.45,90972,161300426.0,6.53,-3.82,-1.94,2.68
2016-05-19,000034,49.04,49.07,50.28,48.93,50313,88285411.0,2.76,0.41,0.2,1.48
2016-05-20,000034,48.03,49.46,49.94,47.64,53435,92578414.0,4.69,0.79,0.39,1.57
2016-05-23,000034,49.18,50.84,52.24,49.15,66648,120651447.0,6.25,2.79,1.38,1.96
2016-05-24,000034,50.9,50.16,51.63,49.72,39388,70149053.0,3.76,-1.34,-0.68,1.16
2016-05-25,000034,50.81,50.5,52.24,50.0,64784,117411193.0,4.47,0.68,0.34,1.91
2016-05-26,000034,50.81,50.7,51.32,48.62,49684,87484990.0,5.35,0.4,0.2,1.46
2016-05-27,000034,50.84,50.95,51.54,50.22,58478,105591454.0,2.6,0.49,0.25,1.72
2016-05-30,000034,51.23,50.19,51.23,49.83,54501,97366802.0,2.75,-1.49,-0.76,1.6
2016-05-31,000034,50.14,53.06,53.65,50.05,83621,154131115.0,7.17,5.72,2.87,2.46
2016-06-01,000034,53.42,52.64,54.07,52.58,74473,139982973.0,2.81,-0.79,-0.42,2.19
2016-06-02,000034,52.38,52.5,53.09,52.1,51590,95985738.0,1.88,-0.27,-0.14,1.52
2016-06-03,000034,52.89,51.4,52.97,51.32,58767,107812894.0,3.14,-2.1,-1.1,1.73
2016-06-22,000034,53.09,52.3,55.42,51.06,113115,213572091.0,8.48,1.75,0.9,3.33
2016-06-23,000034,51.79,51.29,52.38,50.45,53602,97733230.0,3.69,-1.93,-1.01,1.58
2016-06-24,000034,50.87,52.44,53.59,50.87,79141,146858615.0,5.3,2.24,1.15,2.33
2016-06-27,000034,51.88,55.0,55.56,51.4,101596,193565964.0,7.93,4.88,2.56,2.99
2016-06-28,000034,55.62,60.48,60.48,55.62,104709,219013391.0,8.84,9.96,5.48,3.08
2016-06-29,000034,63.6,63.31,66.29,60.9,191214,428181872.0,8.91,4.68,2.83,5.62
2016-06-30,000034,63.71,63.48,64.55,61.74,98084,219707800.0,4.44,0.27,0.17,2.88
2016-07-01,000034,63.45,62.53,64.61,61.52,95088,212276803.0,4.87,-1.5,-0.95,2.8
2016-07-04,000034,60.95,67.08,67.98,60.67,163446,375859792.0,11.69,7.28,4.55,4.81
2016-07-05,000034,65.73,66.21,68.82,65.73,98286,233337613.0,4.61,-1.3,-0.87,2.89
2016-07-06,000034,65.76,66.29,67.7,65.76,70958,168145143.0,2.93,0.12,0.08,2.09
2016-07-07,000034,65.62,64.89,66.85,63.54,77117,176886039.0,4.99,-2.11,-1.4,2.27
2016-07-08,000034,64.94,67.56,68.12,64.61,87414,206169094.0,5.41,4.11,2.67,2.57
2016-07-11,000034,69.1,67.61,69.3,66.99,90416,218579576.0,3.42,0.07,0.05,2.66
2016-07-12,000034,67.16,70.39,70.73,67.16,151026,370031904.0,5.28,4.11,2.78,4.44
2016-07-13,000034,70.48,77.42,77.42,70.23,190015,504546400.0,10.21,9.99,7.03,5.59
2016-07-14,000034,77.98,80.37,82.59,77.53,188214,537766592.0,6.54,3.81,2.95,5.53
2016-07-15,000034,81.75,81.07,82.31,77.59,113858,322968656.0,5.87,0.87,0.7,3.35
2016-07-18,000034,81.32,79.25,83.15,78.77,105131,299268656.0,5.4,-2.24,-1.82,3.09
2016-07-19,000034,78.54,79.78,80.65,78.01,83983,237037989.0,3.33,0.67,0.53,2.47
2016-07-20,000034,79.78,85.76,87.73,79.5,160990,479893744.0,10.32,7.5,5.98,4.73
2016-07-21,000034,85.82,91.52,92.9,85.82,198992,628626464.0,8.26,6.72,5.76,5.85
2016-07-22,000034,90.46,89.33,91.86,87.53,109363,346049344.0,4.73,-2.39,-2.19,3.22
2016-07-25,000034,89.14,82.17,92.42,80.43,236358,706192864.0,13.42,-8.02,-7.16,6.95
2016-07-26,000034,82.2,85.82,85.82,81.18,161628,477268448.0,5.65,4.44,3.65,4.75
2016-07-27,000034,84.53,83.46,85.99,79.22,156491,461606528.0,7.89,-2.75,-2.36,4.6
2016-07-28,000034,83.21,82.42,87.06,81.07,125483,372580256.0,7.18,-1.25,-1.04,3.69
2016-07-29,000034,83.43,80.34,83.43,77.81,104913,299943616.0,6.82,-2.52,-2.08,3.09
2016-08-01,000034,81.16,79.81,81.3,73.65,118180,322373424.0,9.52,-0.66,-0.53,3.48
2016-08-02,000034,79.69,80.06,82.31,79.1,79165,227220988.0,4.02,0.31,0.25,2.33
2016-08-03,000034,80.73,79.36,81.61,77.47,46146,129642822.0,5.17,-0.87,-0.7,1.36
2016-08-04,000034,80.34,84.27,84.84,77.53,122253,354800080.0,9.21,6.19,4.91,3.6
2016-08-05,000034,83.66,83.71,84.53,81.61,68940,203212665.0,3.47,-0.66,-0.56,2.03
2016-08-08,000034,83.74,82.03,84.56,81.75,61203,180230932.0,3.36,-2.01,-1.68,1.8
2016-08-09,000034,81.18,84.53,85.23,80.73,93583,277559616.0,5.49,3.05,2.5,2.75
2016-08-10,000034,83.91,84.13,85.93,83.66,52259,156979142.0,2.69,-0.47,-0.4,1.54
2016-08-11,000034,83.43,83.6,84.53,83.23,33274,98733744.0,1.55,-0.63,-0.53,0.98
2016-08-12,000034,83.29,81.46,84.22,81.13,54186,157549671.0,3.7,-2.56,-2.14,1.59
2016-08-15,000034,81.75,82.11,82.84,80.4,56549,163674811.0,3.0,0.8,0.65,1.66
2016-08-16,000034,82.03,83.49,83.49,81.44,51002,148721412.0,2.5,1.68,1.38,1.5
2016-08-17,000034,84.13,91.78,91.8,81.8,129700,396678640.0,11.98,9.93,8.29,3.81
2016-08-18,000034,90.17,93.24,98.52,89.61,150764,502879312.0,9.71,1.59,1.46,4.43
2016-08-19,000034,93.69,92.62,95.74,91.33,65324,216292098.0,4.73,-0.66,-0.62,1.92
2016-08-22,000034,92.09,88.24,94.61,87.37,63339,203446254.0,7.82,-4.73,-4.38,1.86
2016-08-23,000034,90.68,89.02,91.44,87.79,40979,130337356.0,4.14,0.88,0.78,1.21
2016-08-24,000034,89.19,86.52,89.89,86.33,60787,188869048.0,4.0,-2.81,-2.5,1.79
2016-08-25,000034,85.96,83.12,85.96,82.73,73279,218210354.0,3.73,-3.93,-3.4,2.15
2016-08-26,000034,84.08,87.17,88.4,83.43,67064,206121842.0,5.98,4.87,4.05,1.97
2016-08-29,000034,86.44,87.42,90.03,85.4,52452,163503266.0,5.31,0.29,0.25,1.54
2016-08-30,000034,86.1,87.11,89.73,84.75,50028,155189103.0,5.7,-0.35,-0.31,1.4
2016-08-31,000034,87.11,86.92,89.22,86.02,31913,98707434.0,3.67,-0.22,-0.19,0.89
2016-09-01,000034,87.48,86.41,88.77,85.82,35255,109247696.0,3.39,-0.59,-0.51,0.98
2016-09-02,000034,86.38,85.54,87.81,85.17,32402,99317905.0,3.06,-1.01,-0.87,0.91
2016-09-05,000034,85.54,82.31,86.69,81.75,60118,178106838.0,5.78,-3.78,-3.23,1.68
2016-09-06,000034,82.73,82.45,83.12,78.99,51506,147910951.0,5.02,0.17,0.14,1.44
2016-09-07,000034,82.73,83.01,85.74,82.73,53031,158138083.0,3.65,0.68,0.56,1.48
2016-09-08,000034,83.15,83.8,85.4,81.18,49952,148788626.0,5.08,0.95,0.79,1.4
2016-09-09,000034,84.02,82.31,85.03,82.17,35330,104198009.0,3.41,-1.78,-1.49,0.99
2016-09-12,000034,81.04,79.05,81.55,78.94,43208,122810152.0,3.17,-3.96,-3.26,1.21
2016-09-13,000034,79.41,80.57,80.79,79.41,36206,103068695.0,1.75,1.92,1.52,1.01
2016-09-14,000034,80.48,82.25,83.99,79.5,44495,129544425.0,5.57,2.09,1.68,1.24
2016-09-19,000034,82.25,84.13,84.98,82.25,42069,125390243.0,3.32,2.29,1.88,1.18
2016-09-20,000034,83.99,84.22,84.64,82.76,24275,72048597.0,2.23,0.11,0.09,0.68
2016-09-21,000034,84.22,83.57,84.5,83.12,22393,66370572.0,1.64,-0.77,-0.65,0.63
2016-09-22,000034,83.99,82.67,84.56,82.59,25677,75752926.0,2.36,-1.08,-0.9,0.72
2016-09-23,000034,82.73,81.52,83.23,81.18,32811,95352473.0,2.48,-1.39,-1.15,0.92
2016-09-26,000034,80.62,80.09,82.31,79.58,37887,108590317.0,3.35,-1.75,-1.43,1.06
2016-09-27,000034,80.09,79.78,81.13,79.02,29179,82405688.0,2.63,-0.39,-0.31,0.82
2016-09-28,000034,80.2,80.9,81.32,79.78,32367,92396825.0,1.93,1.4,1.12,0.9
2016-09-29,000034,81.52,80.9,82.17,80.82,19420,56101266.0,1.67,0.0,0.0,0.54
2016-09-30,000034,81.69,80.76,81.69,79.61,22794,65110134.0,2.57,-0.17,-0.14,0.64
2016-10-10,000034,80.76,86.02,86.47,80.62,60169,179241465.0,7.24,6.51,5.26,1.68
2016-10-11,000034,86.02,88.12,88.74,85.29,88735,276813856.0,4.01,2.44,2.1,2.48
2016-10-12,000034,87.39,90.74,91.52,87.39,76560,244970254.0,4.69,2.97,2.62,2.14
2016-10-13,000034,90.82,91.33,95.79,90.82,93561,311102000.0,5.48,0.65,0.59,2.61
2016-10-14,000034,92.68,91.69,93.41,89.98,50241,163092437.0,3.76,0.39,0.36,1.4
2016-10-17,000034,91.58,87.93,93.07,87.37,68571,218054000.0,6.22,-4.1,-3.76,1.92
2016-10-18,000034,88.8,91.97,92.98,86.94,63507,202730688.0,6.87,4.59,4.04,1.77
2016-10-19,000034,91.92,91.72,92.84,90.4,37069,119921148.0,2.65,-0.27,-0.25,1.04
2016-10-20,000034,91.72,93.77,95.09,91.16,63557,211834923.0,4.28,2.24,2.05,1.78
2016-10-21,000034,93.83,94.19,96.08,92.48,54900,184216981.0,3.84,0.45,0.42,1.53
2016-10-24,000034,94.42,90.96,94.73,89.56,72828,235496763.0,5.49,-3.43,-3.23,2.03
2016-10-25,000034,90.91,88.97,90.91,87.81,44959,142442646.0,3.41,-2.19,-1.99,1.26
2016-10-26,000034,88.94,87.76,89.33,86.8,43715,136179663.0,2.84,-1.36,-1.21,1.22
2016-10-27,000034,87.42,87.79,88.35,86.92,24758,77028291.0,1.63,0.03,0.03,0.69
2016-10-28,000034,88.55,87.48,88.94,87.37,36761,115029118.0,1.79,-0.35,-0.31,1.03
2016-10-31,000034,85.96,85.54,86.8,83.57,64171,193014675.0,3.69,-2.22,-1.94,1.79
2016-11-01,000034,85.96,87.37,88.21,84.81,44397,136753844.0,3.97,2.14,1.83,1.24
2016-11-02,000034,88.18,86.33,88.57,86.24,37646,116956498.0,2.67,-1.19,-1.04,1.05
2016-11-03,000034,85.82,85.4,88.04,85.12,32562,99575483.0,3.38,-1.08,-0.93,0.91
2016-11-04,000034,86.07,84.22,86.07,83.99,45334,135994633.0,2.44,-1.38,-1.18,1.27
2016-11-07,000034,84.25,85.43,85.62,83.85,27542,83259321.0,2.1,1.44,1.21,0.77
2016-11-08,000034,85.45,85.12,85.99,84.56,21471,64871159.0,1.67,-0.36,-0.31,0.6
2016-11-09,000034,85.09,84.11,85.31,81.32,40309,119954137.0,4.69,-1.19,-1.01,1.13
2016-11-10,000034,84.41,84.5,85.0,83.15,35915,107389149.0,2.2,0.46,0.39,1.0
2016-11-11,000034,85.06,81.94,85.06,81.46,66931,195990171.0,4.26,-3.03,-2.56,1.87
2016-11-14,000034,81.75,79.92,82.28,79.41,74201,211245683.0,3.5,-2.47,-2.02,2.07
2016-11-15,000034,79.92,81.58,82.08,79.08,44714,127867676.0,3.75,2.08,1.66,1.25
2016-11-16,000034,81.55,80.28,81.69,80.17,39633,113664012.0,1.86,-1.59,-1.3,1.11
2016-11-17,000034,80.12,80.06,80.65,79.36,56848,161241304.0,1.61,-0.27,-0.22,1.59
2016-11-18,000034,80.17,80.12,80.57,79.5,35427,100601275.0,1.34,0.07,0.06,0.99
2016-11-21,000034,80.28,79.19,80.28,79.1,45549,128384990.0,1.47,-1.16,-0.93,1.27
2016-11-22,000034,79.78,79.5,80.06,79.19,28858,81391563.0,1.1,0.39,0.31,0.81
2016-11-23,000034,79.5,80.73,81.3,79.5,44142,126359806.0,2.26,1.55,1.23,1.23
2016-11-24,000034,80.73,79.61,81.1,79.39,39161,111054405.0,2.12,-1.39,-1.12,1.09
2016-11-25,000034,79.67,79.84,80.76,79.13,33416,94608918.0,2.05,0.29,0.23,0.93
2016-11-28,000034,80.2,78.26,80.62,77.31,77710,217071388.0,4.15,-1.98,-1.58,2.17
2016-11-29,000034,78.21,75.99,78.26,75.62,55812,151667351.0,3.37,-2.9,-2.27,1.56
2016-11-30,000034,75.14,75.59,76.27,73.82,79612,212734868.0,3.22,-0.53,-0.4,2.22
2016-12-01,000034,76.13,76.24,77.33,75.68,37032,100591090.0,2.18,0.86,0.65,1.03
2016-12-02,000034,76.86,74.75,76.86,74.75,31153,83525735.0,2.77,-1.95,-1.49,0.87
2016-12-05,000034,74.22,75.0,75.56,73.74,25112,66651752.0,2.43,0.33,0.25,0.7
2016-12-06,000034,75.0,74.95,75.51,74.72,15594,41460030.0,1.05,-0.07,-0.05,0.44
2016-12-07,000034,75.79,75.0,75.79,74.64,33764,89860471.0,1.53,0.07,0.05,0.94
2016-12-08,000034,75.0,74.67,75.45,73.79,38378,101182663.0,2.21,-0.44,-0.33,1.07
2016-12-09,000034,74.69,74.67,75.28,74.36,32587,86643183.0,1.23,0.0,0.0,0.91
2016-12-12,000034,74.44,67.22,74.67,67.22,75092,185833811.0,9.98,-9.98,-7.45,2.1
2016-12-13,000034,66.71,64.92,66.71,61.74,79517,180992125.0,7.39,-3.42,-2.3,2.22
2016-12-14,000034,63.76,63.54,65.08,63.2,31860,72134261.0,2.9,-2.13,-1.38,0.89
2016-12-15,000034,63.4,67.64,69.64,62.44,75190,178750588.0,11.33,6.45,4.1,2.1
2016-12-16,000034,68.26,67.25,68.54,66.94,34452,82469744.0,2.37,-0.58,-0.39,0.96
2016-12-19,000034,67.58,66.71,67.84,66.4,20423,48600489.0,2.14,-0.8,-0.54,0.57
2016-12-20,000034,67.05,66.66,67.64,66.57,18466,43858265.0,1.6,-0.07,-0.05,0.52
2016-12-21,000034,66.46,65.65,67.39,65.25,27225,63641359.0,3.21,-1.52,-1.01,0.76
2016-12-22,000034,65.9,67.42,68.82,65.34,50640,121029753.0,5.3,2.7,1.77,1.41
2016-12-23,000034,67.42,66.69,67.87,66.26,22417,53322955.0,2.39,-1.08,-0.73,0.63
2016-12-26,000034,66.71,65.28,66.77,63.71,30618,70236706.0,4.59,-2.11,-1.41,0.86
2016-12-27,000034,65.56,65.31,65.81,64.63,22584,52213216.0,1.81,0.05,0.03,0.63
2016-12-28,000034,64.89,63.01,65.65,62.75,47178,106677638.0,4.44,-3.52,-2.3,1.32
2016-12-29,000034,63.31,62.58,63.4,62.53,26434,59108086.0,1.38,-0.68,-0.43,0.74
2016-12-30,000034,62.81,62.98,63.2,62.22,31936,70956345.0,1.57,0.64,0.4,0.89
2017-01-03,000034,63.29,63.01,63.96,62.3,33036,73598518.0,2.64,0.05,0.03,0.92
2017-01-04,000034,63.31,64.1,64.13,62.36,42003,94398149.0,2.81,1.73,1.09,1.17
2017-01-05,000034,64.33,63.23,64.33,63.2,31890,71940016.0,1.76,-1.36,-0.87,0.89
2017-01-06,000034,62.78,62.7,63.48,62.5,24640,54861765.0,1.55,-0.84,-0.53,0.69
2017-01-09,000034,62.92,60.53,62.92,59.41,65160,139346232.0,5.6,-3.46,-2.17,1.82
2017-01-10,000034,60.53,61.29,62.02,59.86,38463,83528319.0,3.57,1.26,0.76,1.07
2017-01-11,000034,61.49,60.25,61.66,59.83,28873,61805840.0,2.99,-1.7,-1.04,0.81
2017-01-12,000034,60.67,59.77,60.67,59.72,19345,41212920.0,1.58,-0.8,-0.48,0.54
2017-01-13,000034,59.77,56.85,59.97,54.46,44829,91832196.0,9.22,-4.89,-2.92,1.25
2017-01-16,000034,57.13,56.66,58.37,54.91,38816,78070305.0,6.09,-0.33,-0.19,1.08
2017-01-17,000034,56.94,57.16,57.44,55.62,28977,58342515.0,3.21,0.88,0.5,0.81
2017-01-18,000034,57.39,56.01,57.39,55.92,27172,54345673.0,2.57,-2.01,-1.15,0.76
2017-01-19,000034,55.76,55.92,56.37,55.7,16494,32765560.0,1.2,-0.16,-0.09,0.46
2017-01-20,000034,56.21,57.53,58.12,55.87,32279,65594040.0,4.02,2.88,1.61,0.9
2017-01-23,000034,57.81,61.38,62.92,57.3,51260,109133488.0,9.77,6.69,3.85,1.43
2017-01-24,000034,61.38,60.95,63.34,60.45,50908,111429622.0,4.71,-0.7,-0.43,1.42
2017-01-25,000034,62.08,61.52,62.47,60.39,35225,76588577.0,3.41,0.94,0.57,0.98
2017-01-26,000034,61.52,61.52,61.85,60.81,17761,38701238.0,1.69,0.0,0.0,0.5
2017-02-03,000034,61.01,63.12,63.26,61.01,35044,77782624.0,3.66,2.6,1.6,0.98
2017-02-06,000034,63.34,63.17,63.54,62.58,29210,65239874.0,1.52,0.08,0.05,0.82
2017-02-07,000034,63.15,63.31,64.61,62.75,33212,75135781.0,2.94,0.22,0.14,0.93
2017-02-08,000034,63.03,64.04,64.47,62.95,27937,63149446.0,2.4,1.15,0.73,0.78
2017-02-09,000034,64.02,63.76,64.63,63.65,25025,56827745.0,1.53,-0.44,-0.28,0.7
2017-02-10,000034,63.79,62.36,64.27,62.11,35865,80186905.0,3.39,-2.2,-1.4,1.0
2017-02-13,000034,62.05,62.44,62.86,61.68,22130,48875706.0,1.89,0.13,0.08,0.62
2017-02-14,000034,62.64,62.19,62.64,62.11,14373,31736377.0,0.85,-0.4,-0.25,0.4
2017-02-15,000034,62.5,61.77,63.31,61.74,19796,43813947.0,2.52,-0.68,-0.42,0.55
2017-02-16,000034,61.46,61.52,61.85,60.7,18474,40143096.0,1.86,-0.4,-0.25,0.52
2017-02-17,000034,61.8,62.16,63.43,61.49,21471,47424277.0,3.15,1.04,0.64,0.6
2017-02-20,000034,62.16,60.2,62.42,59.18,44900,96343833.0,5.21,-3.15,-1.96,1.25
2017-02-21,000034,60.11,60.65,60.95,59.58,23134,49633280.0,2.28,0.75,0.45,0.65
2017-02-22,000034,60.93,60.08,60.93,59.46,35281,74957130.0,2.42,-0.94,-0.57,0.99
2017-02-23,000034,60.05,59.69,60.05,59.46,18271,38631685.0,0.98,-0.65,-0.39,0.51
2017-02-24,000034,59.69,59.97,60.22,59.55,21951,46613440.0,1.12,0.47,0.28,0.61
2017-02-27,000034,60.2,65.51,65.73,59.89,96874,217273755.0,9.74,9.24,5.54,2.71
2017-02-28,000034,65.31,69.44,71.27,64.69,146809,358003152.0,10.04,6.0,3.93,4.1
2017-03-01,000034,70.09,69.5,70.09,67.73,81496,198173456.0,3.4,0.09,0.06,2.28
2017-03-02,000034,69.1,67.39,69.1,66.91,72836,174725074.0,3.15,-3.04,-2.11,2.03
2017-03-03,000034,67.11,65.79,67.42,65.22,65627,153016269.0,3.26,-2.37,-1.6,1.83
2017-03-06,000034,66.71,66.63,69.07,66.32,81931,196006245.0,4.18,1.28,0.84,2.29
2017-03-07,000034,66.1,66.91,67.14,65.39,45336,106279440.0,2.63,0.42,0.28,1.27
2017-03-08,000034,66.88,66.26,67.61,66.12,41771,98881884.0,2.23,-0.97,-0.65,1.17
2017-03-09,000034,66.71,65.25,66.74,65.17,29430,68515599.0,2.37,-1.52,-1.01,0.82
2017-03-10,000034,65.9,66.85,67.92,65.9,53517,127049525.0,3.1,2.45,1.6,1.5
2017-03-13,000034,66.85,66.29,66.91,65.45,28692,67153161.0,2.18,-0.84,-0.56,0.8
2017-03-14,000034,66.29,66.71,67.14,66.01,29214,69023329.0,1.7,0.63,0.42,0.82
2017-03-15,000034,66.57,66.6,67.36,66.07,32010,75717728.0,1.93,-0.16,-0.11,0.89
2017-03-16,000034,66.66,66.63,67.42,66.01,42519,100209817.0,2.12,0.05,0.03,1.19
2017-03-17,000034,66.6,65.87,66.83,65.73,33767,79356970.0,1.65,-1.14,-0.76,0.94
2017-03-20,000034,65.59,68.96,68.96,65.48,96867,231592053.0,5.28,4.69,3.09,2.71
2017-07-18,000034,62.11,62.11,62.11,62.11,3214,7074014.0,0.0,-9.93,-6.85,0.09
2017-07-19,000034,55.92,55.92,55.92,55.92,12462,24687222.0,0.0,-9.97,-6.19,0.35
2017-07-20,000034,50.75,53.23,55.22,50.47,276159,506681680.0,8.49,-4.81,-2.69,7.71
2017-07-21,000034,51.57,50.16,52.16,50.02,111813,202350082.0,4.02,-5.77,-3.07,3.12
2017-07-24,000034,49.91,50.61,51.43,49.91,77379,138797048.0,3.03,0.9,0.45,2.16
2017-07-25,000034,50.5,50.56,50.92,50.22,36999,66146325.0,1.38,-0.1,-0.05,1.03
2017-07-26,000034,50.56,48.06,50.56,47.52,110293,190553860.0,6.01,-4.94,-2.5,3.08
2017-07-27,000034,47.92,47.38,47.97,46.43,101953,169887521.0,3.2,-1.41,-0.68,2.85
2017-07-28,000034,47.5,47.83,49.35,47.24,97717,167370629.0,4.45,0.95,0.45,2.73
2017-07-31,000034,48.0,47.44,48.0,46.96,65537,109806243.0,2.17,-0.82,-0.39,1.83
2017-08-01,000034,47.44,48.37,48.54,47.21,74859,127461332.0,2.8,1.96,0.93,2.09
2017-08-02,000034,48.56,47.97,48.73,47.78,48938,83325908.0,1.96,-0.83,-0.4,1.37
2017-08-03,000034,48.11,48.11,48.45,47.86,47433,80822189.0,1.23,0.29,0.14,1.33
2017-08-04,000034,48.39,48.65,48.82,48.06,54020,92736902.0,1.58,1.12,0.54,1.51
2017-08-07,000034,48.65,50.22,50.22,48.51,83907,147026846.0,3.51,3.23,1.57,2.34
2017-08-08,000034,50.25,49.74,50.75,49.6,78539,139464324.0,2.29,-0.96,-0.48,2.19
2017-08-09,000034,49.88,49.24,50.0,49.01,40247,70120149.0,1.99,-1.01,-0.5,1.12
2017-08-10,000034,49.29,48.51,49.41,48.25,42865,74170679.0,2.36,-1.48,-0.73,1.2
2017-08-11,000034,48.23,48.34,49.18,48.03,46600,80221240.0,2.37,-0.35,-0.17,1.3
2017-08-14,000034,48.59,49.46,49.8,48.59,45509,79582738.0,2.5,2.32,1.12,1.27
2017-08-15,000034,50.14,52.08,53.45,49.8,90034,165486924.0,7.38,5.3,2.62,2.52
2017-08-16,000034,51.82,54.07,55.0,51.46,104105,195302479.0,6.8,3.82,1.99,2.91
2017-08-17,000034,54.1,54.3,55.08,53.37,80482,155165282.0,3.16,0.43,0.23,2.25
2017-08-18,000034,54.3,53.23,54.77,53.12,64104,122656891.0,3.04,-1.97,-1.07,1.79
2017-08-21,000034,53.51,52.75,53.93,52.5,39168,73607372.0,2.69,-0.9,-0.48,1.09
2017-08-22,000034,52.67,53.17,53.82,51.68,49247,91987378.0,4.06,0.8,0.42,1.38
2017-08-23,000034,52.95,52.47,53.79,52.24,39661,74558227.0,2.92,-1.32,-0.7,1.11
2017-08-24,000034,52.24,51.96,53.23,51.68,34342,63619129.0,2.95,-0.97,-0.51,0.96
2017-08-25,000034,52.24,53.42,53.54,52.13,65928,123918412.0,2.71,2.81,1.46,1.84
2017-08-28,000034,54.49,54.49,54.8,53.37,64777,124254059.0,2.68,2.0,1.07,1.81
2017-08-29,000034,54.21,55.39,55.92,53.99,67284,131862846.0,3.54,1.65,0.9,1.88
2017-08-30,000034,55.0,54.58,55.7,54.58,37232,72601070.0,2.02,-1.46,-0.81,1.04
2017-08-31,000034,54.66,55.62,56.88,54.66,69632,137683982.0,4.07,1.91,1.04,1.95
2017-09-01,000034,55.59,55.76,56.15,54.83,40591,79894498.0,2.37,0.25,0.14,1.13
2017-09-04,000034,56.15,59.27,59.61,56.15,100824,208571843.0,6.21,6.29,3.51,2.82
2017-09-05,000034,59.55,60.08,60.7,58.43,94924,200563504.0,3.83,1.37,0.81,2.65
2017-09-06,000034,60.11,61.07,61.83,59.75,91667,197997821.0,3.46,1.65,0.99,2.56
2017-09-07,000034,61.15,62.64,63.82,60.05,86727,191086133.0,6.17,2.57,1.57,2.42
2017-09-08,000034,62.25,61.24,63.45,60.87,60519,132483899.0,4.12,-2.23,-1.4,1.69
2017-09-11,000034,61.21,60.56,61.6,59.8,64837,138696596.0,2.94,-1.11,-0.68,1.81
2017-09-12,000034,60.39,60.67,61.18,59.55,49741,106340766.0,2.69,0.18,0.11,1.39
2017-09-13,000034,60.62,62.02,62.86,60.17,57194,124800782.0,4.43,2.23,1.35,1.6
2017-09-14,000034,61.52,63.37,64.83,61.52,66368,149357341.0,5.34,2.18,1.35,1.85
2017-09-15,000034,63.48,63.06,64.04,61.52,57409,127323075.0,3.98,-0.49,-0.31,1.6
2017-09-18,000034,63.06,62.36,63.26,61.57,47658,105228392.0,2.68,-1.11,-0.7,1.33
2017-09-19,000034,62.08,59.91,62.61,59.77,46336,100301605.0,4.55,-3.93,-2.45,1.29
2017-09-20,000034,59.83,60.65,61.09,59.8,36362,77897708.0,2.15,1.24,0.74,1.02
2017-09-21,000034,60.95,60.2,61.29,59.72,26933,57655213.0,2.59,-0.74,-0.45,0.75
2017-09-22,000034,59.69,58.87,60.48,57.75,52664,110099061.0,4.53,-2.21,-1.33,1.47
2017-09-25,000034,58.79,57.92,59.91,57.89,24645,51452391.0,3.43,-1.61,-0.95,0.69
2017-09-26,000034,58.0,57.58,58.93,57.1,26126,53593833.0,3.16,-0.59,-0.34,0.73
2017-09-27,000034,57.86,61.52,62.05,57.86,73404,157099630.0,7.28,6.84,3.94,2.05
2017-09-28,000034,61.52,60.95,63.43,60.48,62302,136737720.0,4.8,-0.93,-0.57,1.74
2018-05-16,000034,64.66,57.49,64.66,54.88,310729,637454048.0,16.05,-5.68,-3.46,8.68
2018-05-17,000034,56.85,63.2,63.2,56.79,236223,513118048.0,11.15,9.93,5.71,6.6
2018-05-18,000034,62.97,66.01,66.82,61.37,304644,693814928.0,8.62,4.45,2.81,8.51
2018-05-21,000034,65.36,65.05,65.98,63.9,180070,412725248.0,3.15,-1.45,-0.96,5.03
2018-05-22,000034,65.53,62.8,65.58,61.9,154258,346041488.0,5.66,-3.46,-2.25,4.31
2018-05-23,000034,62.21,60.86,62.44,59.52,105837,228103409.0,4.65,-3.09,-1.94,2.96
2018-05-24,000034,60.72,61.03,62.02,58.81,101845,218679742.0,5.27,0.28,0.17,2.85
2018-05-25,000034,60.64,56.54,61.23,55.16,118087,242318641.0,9.95,-7.36,-4.49,3.3
2018-05-28,000034,56.99,52.32,57.44,51.93,122923,236228284.0,9.75,-7.46,-4.22,3.43
2018-05-29,000034,52.44,53.36,54.12,52.44,67170,126463978.0,3.21,1.99,1.04,1.88
2018-05-30,000034,51.65,49.46,53.7,48.92,75936,137574727.0,8.96,-7.31,-3.9,2.12
2018-05-31,000034,50.16,51.68,52.24,50.16,72347,131542116.0,4.21,4.49,2.22,2.02
2018-06-01,000034,51.73,52.91,54.23,51.26,53159,99194333.0,5.75,2.38,1.23,1.49
2018-06-04,000034,52.07,50.92,53.0,50.69,53007,96461235.0,4.37,-3.76,-1.99,1.48
2018-06-05,000034,50.67,51.76,52.07,50.67,47992,87342549.0,2.75,1.65,0.84,1.34
2018-06-06,000034,52.04,50.67,52.04,49.79,58972,105364331.0,4.35,-2.11,-1.09,1.65
2018-06-07,000034,51.17,49.63,51.26,49.63,31220,55324913.0,3.22,-2.05,-1.04,0.87
2018-06-08,000034,50.38,50.16,50.5,49.06,28213,49893409.0,2.9,1.07,0.53,0.79
2018-06-11,000034,50.16,49.99,50.86,49.29,27370,48524145.0,3.13,-0.34,-0.17,0.76
2018-06-12,000034,50.02,50.81,50.86,48.73,36760,65081939.0,4.26,1.64,0.82,1.03
2018-06-13,000034,51.09,51.73,53.53,51.09,54630,101043721.0,4.8,1.81,0.92,1.53
2018-06-14,000034,53.45,51.11,53.45,49.4,65657,119422778.0,7.83,-1.2,-0.62,1.83
2018-06-15,000034,49.85,46.31,50.38,46.03,93498,158112144.0,8.51,-9.39,-4.8,2.61
2018-06-19,000034,44.62,41.73,45.61,41.73,49154,75129079.0,8.38,-9.89,-4.58,1.37
2018-06-20,000034,41.11,42.94,43.39,40.49,69956,103589997.0,6.95,2.9,1.21,1.95
2018-06-21,000034,42.77,41.17,42.77,40.86,51849,76480561.0,4.45,-4.12,-1.77,1.45
2018-06-22,000034,40.86,42.32,42.52,39.79,38657,56566009.0,6.63,2.79,1.15,1.08
2018-06-25,000034,43.84,44.01,46.03,42.94,66983,104919081.0,7.3,3.99,1.69,1.87
2018-06-26,000034,43.14,45.61,46.28,43.14,56159,89780025.0,7.13,3.64,1.6,1.57
2018-06-27,000034,45.1,44.2,45.86,44.01,35968,56649374.0,4.06,-3.09,-1.41,1.0
2018-06-28,000034,44.34,43.7,44.79,43.64,23903,37258409.0,2.6,-1.13,-0.5,0.67
2018-06-29,000034,43.95,45.27,46.53,43.61,33751,53548638.0,6.68,3.59,1.57,0.94
2018-07-02,000034,45.64,44.74,45.89,44.4,34444,54379755.0,3.29,-1.17,-0.53,0.96
2018-07-03,000034,44.85,44.99,45.27,43.73,36060,56747453.0,3.44,0.56,0.25,1.01
2018-07-04,000034,44.93,44.6,45.61,44.48,31744,50387714.0,2.51,-0.87,-0.39,0.89
2018-07-05,000034,44.76,42.74,44.99,42.71,22817,35027683.0,5.11,-4.17,-1.86,0.64
2018-07-06,000034,42.15,43.08,43.5,41.98,25507,38729398.0,3.56,0.8,0.34,0.71
2018-07-09,000034,43.36,42.97,43.61,41.96,29337,44236610.0,3.83,-0.26,-0.11,0.82
2018-07-10,000034,42.85,42.97,43.22,42.35,20371,30809039.0,2.02,0.0,0.0,0.57
2018-07-11,000034,42.52,39.06,42.55,38.7,90775,127367357.0,8.96,-9.1,-3.91,2.54
2018-07-12,000034,39.2,41.84,42.38,38.95,54798,78623884.0,8.78,7.12,2.78,1.53
2018-07-13,000034,41.67,40.44,41.81,40.04,44019,63095611.0,4.23,-3.35,-1.4,1.23
2018-07-16,000034,40.69,44.46,44.46,40.69,91802,139661007.0,9.32,9.94,4.02,2.56
2018-07-17,000034,45.5,46.96,47.57,44.85,133781,219261600.0,6.12,5.62,2.5,3.74
2018-07-18,000034,46.45,45.55,46.65,45.1,82513,133439564.0,3.3,-3.0,-1.41,2.31
2018-07-19,000034,45.44,44.46,45.44,44.09,56464,88881738.0,2.96,-2.39,-1.09,1.58
2018-07-20,000034,44.34,44.85,45.19,43.53,49646,77950794.0,3.73,0.88,0.39,1.39
2018-07-23,000034,44.54,45.27,45.66,44.15,48067,76447856.0,3.37,0.94,0.42,1.34
2018-07-24,000034,45.07,45.47,46.28,44.62,56911,91206914.0,3.67,0.44,0.2,1.59
2018-07-25,000034,45.47,45.05,46.48,44.57,51438,82802314.0,4.2,-0.92,-0.42,1.44
2018-07-26,000034,44.93,44.46,45.33,44.2,36071,56857446.0,2.51,-1.31,-0.59,1.01
2018-07-27,000034,44.2,43.47,44.4,42.57,38229,58441153.0,4.12,-2.23,-0.99,1.07
2018-07-30,000034,43.75,42.74,44.34,42.24,35229,53851894.0,4.83,-1.68,-0.73,0.98
2018-07-31,000034,42.71,43.25,43.5,42.38,23508,35771182.0,2.62,1.19,0.51,0.66
2018-08-01,000034,43.36,41.81,43.73,41.73,35351,53448162.0,4.62,-3.33,-1.44,0.99
2018-08-02,000034,41.67,39.99,42.24,38.36,48862,68873261.0,9.28,-4.35,-1.82,1.36
2018-08-03,000034,40.27,39.51,40.38,39.15,19995,28142099.0,3.08,-1.2,-0.48,0.56
2018-08-06,000034,39.57,38.19,40.13,37.91,32917,44934739.0,5.62,-3.34,-1.32,0.92
2018-08-07,000034,38.22,39.96,40.18,37.38,48742,66374091.0,7.33,4.63,1.77,1.36
2018-08-08,000034,39.51,37.97,39.65,37.88,42194,57538479.0,4.43,-4.98,-1.99,1.18
2018-08-09,000034,37.74,39.34,40.04,37.52,50726,70001981.0,6.64,3.61,1.37,1.42
2018-08-10,000034,39.29,39.57,39.96,38.86,30515,42392209.0,2.8,0.58,0.23,0.85
2018-08-13,000034,39.06,39.65,39.82,38.67,29619,40986170.0,2.91,0.2,0.08,0.83
2018-08-14,000034,39.85,39.71,40.86,39.29,40862,57577693.0,3.96,0.15,0.06,1.14
2018-08-15,000034,39.57,38.27,39.65,38.16,33746,46025863.0,3.75,-3.63,-1.44,0.94
2018-08-16,000034,37.88,37.85,38.53,37.18,24630,32948348.0,3.53,-1.1,-0.42,0.69
2018-08-17,000034,38.56,37.52,38.81,37.35,21454,28683256.0,3.86,-0.87,-0.33,0.6
2018-08-20,000034,37.4,34.9,37.82,33.81,72007,89049666.0,10.69,-6.98,-2.62,2.01
2018-08-21,000034,35.16,34.99,35.66,34.59,48888,60573314.0,3.07,0.26,0.09,1.37
2018-08-22,000034,34.9,38.44,38.44,34.9,62864,82373248.0,10.12,9.86,3.45,1.76
2018-08-23,000034,38.72,37.91,40.1,37.57,121861,166143358.0,6.58,-1.38,-0.53,3.4
2018-08-24,000034,37.71,37.88,38.56,36.76,68168,90387384.0,4.75,-0.08,-0.03,1.9
2018-08-27,000034,37.88,38.53,38.64,37.46,63409,85139809.0,3.12,1.72,0.65,1.77
2018-08-28,000034,38.5,37.88,38.5,37.6,40461,54239359.0,2.34,-1.69,-0.65,1.13
2018-08-29,000034,37.74,38.72,39.09,37.4,64291,87103611.0,4.46,2.22,0.84,1.8
2018-08-30,000034,38.72,39.45,40.49,38.05,102138,141946246.0,6.3,1.89,0.73,2.85
2018-08-31,000034,39.15,39.06,40.27,38.92,63347,88547175.0,3.42,-0.99,-0.39,1.77
2018-09-03,000034,38.58,38.3,38.72,36.0,63067,83664223.0,6.96,-1.95,-0.76,1.76
2018-09-04,000034,38.67,39.9,40.27,38.61,67362,93916454.0,4.33,4.18,1.6,1.88
2018-09-05,000034,39.74,39.31,40.49,39.31,58299,82087502.0,2.96,-1.48,-0.59,1.63
2018-09-06,000034,38.53,40.16,41.39,38.53,85256,121148728.0,7.28,2.16,0.85,2.38
2018-09-07,000034,41.84,43.36,44.15,41.42,190909,292994688.0,6.8,7.97,3.2,5.33
2018-09-10,000034,42.71,40.49,42.97,40.49,109212,161397938.0,5.72,-6.62,-2.87,3.05
2018-09-11,000034,41.25,40.94,42.18,40.38,74964,108896170.0,4.45,1.11,0.45,2.09
2018-09-12,000034,40.66,41.48,41.93,40.33,66811,97359546.0,3.91,1.32,0.54,1.87
2018-09-13,000034,41.96,42.4,43.33,41.76,82985,124311765.0,3.78,2.22,0.92,2.32
2018-09-14,000034,42.52,42.46,42.8,40.75,79801,117905178.0,4.83,0.14,0.06,2.23
2018-09-17,000034,41.98,42.8,43.78,41.73,75393,113622364.0,4.83,0.8,0.34,2.11
2018-09-18,000034,42.8,42.99,43.05,41.67,59580,89206919.0,3.22,0.44,0.19,1.66
2018-09-27,000034,41.51,42.74,42.83,39.85,125854,183766122.0,6.93,-0.58,-0.25,3.52
2018-09-28,000034,42.07,42.24,42.94,41.31,65369,97183170.0,3.81,-1.17,-0.5,1.83
2018-10-08,000034,41.11,39.71,41.56,39.65,34693,49750382.0,4.52,-5.99,-2.53,0.97
2018-10-09,000034,39.48,39.43,40.33,37.35,47884,65322475.0,7.5,-0.71,-0.28,1.34
2018-10-10,000034,39.57,38.58,39.9,38.44,36857,50768991.0,3.7,-2.16,-0.85,1.03
2018-10-11,000034,38.16,35.72,42.4,34.76,125689,161394806.0,19.8,-7.41,-2.86,3.51
2018-10-12,000034,35.49,35.55,36.17,32.37,109904,132658534.0,10.64,-0.48,-0.17,3.07
2018-10-15,000034,35.55,35.52,36.22,34.9,51235,63982006.0,3.71,-0.08,-0.03,1.43
2018-10-16,000034,35.52,35.27,36.08,34.31,38548,47588589.0,4.98,-0.7,-0.25,1.08
2018-10-17,000034,35.77,35.63,35.77,34.65,42965,53420142.0,3.18,1.02,0.36,1.2
2018-10-18,000034,35.63,35.97,37.09,34.71,55337,69609172.0,6.68,0.95,0.34,1.55
2018-10-19,000034,35.77,38.39,39.0,35.24,75488,100380844.0,10.45,6.73,2.42,2.11
2018-10-22,000034,39.0,39.45,40.27,38.39,64853,89883857.0,4.9,2.76,1.06,1.81
2018-10-23,000034,39.12,38.02,39.26,37.8,37275,50416005.0,3.7,-3.62,-1.43,1.04
2018-10-24,000034,38.02,37.63,38.39,37.32,29424,39092385.0,2.81,-1.03,-0.39,0.82
2018-10-25,000034,36.76,37.88,38.16,36.0,25670,33505241.0,5.74,0.66,0.25,0.72
2018-10-26,000034,38.02,37.85,39.12,37.68,25887,34896484.0,3.8,-0.08,-0.03,0.72
2018-10-29,000034,37.88,37.74,38.44,36.98,16769,22301927.0,3.86,-0.29,-0.11,0.47
2018-10-30,000034,37.77,38.08,38.98,36.42,34295,45682902.0,6.78,0.9,0.34,0.96
2018-10-31,000034,38.16,38.5,38.86,37.8,21364,28861791.0,2.78,1.1,0.42,0.6
2018-11-01,000034,38.72,39.57,40.1,38.47,53034,73253304.0,4.23,2.78,1.07,1.48
2018-11-02,000034,39.71,41.84,42.43,39.71,62552,89608549.0,6.87,5.74,2.27,1.75
2018-11-05,000034,41.96,43.28,45.24,41.03,143286,215073908.0,10.06,3.44,1.44,4.0
2018-11-06,000034,42.99,42.57,43.78,42.04,122397,184456357.0,4.02,-1.64,-0.71,3.42
2018-11-07,000034,42.57,41.96,42.77,41.73,32423,48294346.0,2.44,-1.43,-0.61,0.91
2018-11-08,000034,42.35,41.39,42.69,41.2,61185,90160984.0,3.55,-1.36,-0.57,1.71
2018-11-09,000034,41.34,41.9,43.05,39.99,73447,108572092.0,7.39,1.23,0.51,2.05
2018-11-12,000034,41.36,46.06,46.06,40.83,119839,182126030.0,12.48,9.93,4.16,3.35
2018-11-13,000034,45.92,43.42,45.94,41.59,314960,478889632.0,9.44,-5.73,-2.64,8.8
2018-11-14,000034,41.98,41.28,42.4,40.86,128737,188442297.0,3.55,-4.93,-2.14,3.6
2018-11-15,000034,41.39,42.12,42.94,41.14,97806,144341480.0,4.36,2.03,0.84,2.73
2018-11-16,000034,41.96,42.71,43.16,41.59,96640,144765111.0,3.73,1.4,0.59,2.7
2018-11-19,000034,42.29,42.52,42.99,41.39,72650,107899903.0,3.75,-0.44,-0.19,2.03
2018-11-20,000034,41.84,40.41,42.1,40.27,65452,94822597.0,4.3,-4.96,-2.11,1.83
2018-11-21,000034,40.1,41.0,41.08,39.15,48541,68649055.0,4.78,1.46,0.59,1.36
2018-11-22,000034,41.0,41.17,41.36,40.02,59019,84946423.0,3.27,0.41,0.17,1.65
2018-11-23,000034,41.11,41.87,44.46,39.26,96148,139029385.0,12.63,1.7,0.7,2.69
2018-11-26,000034,41.81,41.96,42.46,41.2,73486,108621417.0,3.01,0.21,0.09,2.05
2018-11-27,000034,42.46,42.1,42.69,41.48,47514,70666871.0,2.88,0.33,0.14,1.33
2018-11-28,000034,42.04,41.62,42.49,41.34,40433,59482352.0,2.73,-1.14,-0.48,1.13
2018-11-29,000034,41.81,41.62,42.63,40.97,91477,135472465.0,3.99,0.0,0.0,2.56
2018-11-30,000034,41.11,42.18,42.49,40.27,93367,137856303.0,5.33,1.35,0.56,2.61
2018-12-03,000034,42.77,43.73,44.96,42.24,138277,211599290.0,6.45,3.67,1.55,3.86
2018-12-04,000034,43.78,43.39,43.78,42.8,61912,94418340.0,2.24,-0.78,-0.34,1.73
2018-12-05,000034,42.52,43.22,43.73,42.29,63144,95692077.0,3.32,-0.39,-0.17,1.76
2018-12-06,000034,43.28,42.6,43.87,41.98,40573,61197982.0,4.37,-1.43,-0.62,1.13
2018-12-07,000034,42.52,42.43,43.02,42.26,16355,24576974.0,1.78,-0.4,-0.17,0.46
2018-12-10,000034,42.4,41.45,42.4,40.97,27772,40712477.0,3.37,-2.31,-0.98,0.78
2018-12-11,000034,41.76,42.49,42.77,41.53,46868,69769185.0,2.99,2.51,1.04,1.31
2018-12-12,000034,42.55,42.52,43.19,42.32,27223,41008232.0,2.05,0.07,0.03,0.76
2018-12-13,000034,42.49,44.17,44.48,41.76,123217,189193562.0,6.4,3.88,1.65,3.44
2018-12-14,000034,43.92,39.79,43.92,39.79,218146,319744192.0,9.35,-9.92,-4.38,6.09
2018-12-17,000034,38.72,38.13,38.86,36.39,87330,115561558.0,6.21,-4.17,-1.66,2.44
2018-12-18,000034,37.6,38.3,38.95,37.12,41376,55327119.0,4.8,0.45,0.17,1.16
2018-12-19,000034,38.56,38.53,38.84,37.52,94258,127621802.0,3.45,0.6,0.23,2.63
2018-12-20,000034,38.36,38.16,39.0,37.99,29618,40041602.0,2.62,-0.96,-0.37,0.83
2018-12-21,000034,38.16,38.11,38.5,37.63,43887,58996494.0,2.28,-0.13,-0.05,1.23
2018-12-24,000034,38.33,38.27,38.75,37.97,23927,32322196.0,2.05,0.42,0.16,0.67
2018-12-25,000034,37.63,37.38,38.08,36.76,61894,81422515.0,3.45,-2.33,-0.89,1.73
2018-12-26,000034,37.43,38.39,39.12,37.09,58278,78129883.0,5.43,2.7,1.01,1.63
2018-12-27,000034,38.89,38.05,39.31,37.8,59840,81051980.0,3.93,-0.89,-0.34,1.67
2018-12-28,000034,38.02,38.16,38.56,36.9,35601,47217103.0,4.36,0.29,0.11,0.99
2019-01-02,000034,38.02,37.74,38.75,37.6,43336,57815864.0,3.01,-1.1,-0.42,1.21
2019-01-03,000034,37.66,37.21,37.99,36.9,57115,74770914.0,2.89,-1.4,-0.53,1.6
2019-01-04,000034,36.9,38.3,38.3,36.64,121105,159606946.0,4.46,2.93,1.09,3.38
2019-01-07,000034,38.44,37.71,38.44,37.46,93087,124175473.0,2.56,-1.54,-0.59,2.6
2019-01-08,000034,37.63,37.29,37.63,36.84,50301,65805890.0,2.09,-1.11,-0.42,1.41
2019-01-09,000034,37.29,37.71,37.74,37.04,67070,88504917.0,1.88,1.13,0.42,1.87
2019-01-10,000034,37.46,36.93,37.6,36.84,86438,113290843.0,2.02,-2.07,-0.78,2.41
2019-01-11,000034,37.04,37.01,37.8,36.79,69310,90701569.0,2.73,0.22,0.08,1.94
2019-01-14,000034,37.12,36.31,37.12,36.31,53106,68378671.0,2.19,-1.89,-0.7,1.48
2019-01-15,000034,36.34,35.91,36.34,34.43,58595,73250762.0,5.26,-1.1,-0.4,1.64
2019-01-16,000034,35.86,36.2,36.76,35.77,42720,54723992.0,2.76,0.81,0.29,1.19
2019-01-17,000034,36.14,35.49,36.42,35.49,27085,34251764.0,2.57,-1.96,-0.71,0.76
2019-01-18,000034,35.52,34.31,35.86,33.1,89970,107911134.0,7.78,-3.32,-1.18,2.51
2019-01-21,000034,34.2,34.4,34.73,33.78,45115,54567882.0,2.77,0.26,0.09,1.26
2019-01-22,000034,34.57,33.64,34.57,33.61,31497,37652223.0,2.79,-2.21,-0.76,0.88
2019-01-23,000034,33.58,32.6,33.92,31.95,89579,102782686.0,5.86,-3.09,-1.04,2.5
2019-01-24,000034,32.99,33.72,33.92,32.68,77085,90831701.0,3.8,3.44,1.12,2.15
2019-01-25,000034,33.92,33.67,34.57,32.99,73873,87726938.0,4.69,-0.15,-0.05,2.06
2019-01-28,000034,33.67,32.68,33.67,32.51,58739,68107859.0,3.45,-2.94,-0.99,1.64
2019-01-29,000034,32.74,31.53,32.74,31.0,40472,45229895.0,5.32,-3.52,-1.15,1.13
2019-01-30,000034,31.56,31.53,32.01,30.29,52393,57261178.0,5.46,0.0,0.0,1.46
2019-01-31,000034,31.14,29.73,31.25,29.73,59478,63243865.0,4.82,-5.71,-1.8,1.66
2019-02-01,000034,29.65,30.86,32.06,29.59,79700,85215391.0,8.31,3.8,1.13,2.23
2019-02-11,000034,30.88,31.81,32.06,30.8,53746,59778007.0,4.08,3.08,0.95,1.5
2019-02-12,000034,31.84,32.29,32.49,31.56,48679,54940734.0,2.92,1.51,0.48,1.36
2019-02-13,000034,32.26,32.96,33.33,31.92,79787,91956469.0,4.37,2.07,0.67,2.23
2019-02-14,000034,32.96,32.68,33.22,32.15,75954,87289080.0,3.25,-0.85,-0.28,2.12
2019-02-15,000034,32.63,32.6,33.08,32.32,59897,69026443.0,2.33,-0.24,-0.08,1.67
2019-02-18,000034,32.63,33.64,33.92,32.63,105577,123904852.0,3.96,3.19,1.04,2.95
2019-02-19,000034,34.12,33.5,34.31,33.02,104645,124131036.0,3.83,-0.42,-0.14,2.92
2019-02-20,000034,33.69,33.61,33.72,33.27,64655,76252365.0,1.34,0.33,0.11,1.81
2019-02-21,000034,33.58,33.67,34.54,33.22,112451,134173606.0,3.93,0.18,0.06,3.14
2019-02-22,000034,33.69,35.21,35.24,33.36,139422,169547096.0,5.58,4.57,1.54,3.89
2019-02-25,000034,36.08,38.47,38.7,35.49,237194,312534160.0,9.12,9.26,3.26,6.63
2019-02-26,000034,38.33,38.44,39.2,37.6,164130,222529468.0,4.16,-0.08,-0.03,4.59
2019-02-27,000034,37.99,38.56,39.54,37.63,114862,156991062.0,4.97,0.31,0.12,3.21
2019-02-28,000034,38.44,37.52,39.0,37.49,114264,153043157.0,3.92,-2.7,-1.04,3.19
2019-03-01,000034,37.94,38.05,38.16,36.95,100209,132953252.0,3.22,1.41,0.53,2.8
2019-03-04,000034,38.3,39.03,40.1,37.82,176092,243390205.0,5.99,2.58,0.98,4.92
2019-03-05,000034,38.36,41.25,41.34,38.33,168945,239372491.0,7.71,5.69,2.22,4.72
2019-03-06,000034,41.67,42.52,42.94,40.63,209056,309293104.0,5.6,3.08,1.27,5.16
2019-03-07,000034,41.98,42.6,43.39,41.7,189908,285200208.0,3.97,0.19,0.08,4.69
2019-03-08,000034,41.39,41.96,44.62,41.28,212416,323015312.0,7.84,-1.5,-0.64,5.24
2019-03-11,000034,42.6,42.99,43.61,41.39,180127,270856624.0,5.29,2.45,1.03,4.45
2019-03-12,000034,43.89,47.27,47.27,43.28,237226,380874736.0,9.28,9.96,4.28,5.86
2019-03-13,000034,48.11,45.05,49.54,43.78,426251,709418608.0,12.19,-4.7,-2.22,10.52
2019-03-14,000034,43.53,42.43,44.32,41.96,181201,275777872.0,5.24,-5.82,-2.62,4.47
2019-03-15,000034,42.52,41.73,43.19,41.39,126376,188279780.0,4.24,-1.65,-0.7,3.12
2019-03-18,000034,42.18,42.71,42.77,40.72,91119,134076644.0,4.91,2.35,0.98,2.25
2019-03-19,000034,42.69,42.85,43.47,42.26,97170,147037817.0,2.83,0.33,0.14,2.4
2019-03-20,000034,42.88,42.49,42.88,41.81,81617,121635028.0,2.5,-0.84,-0.36,2.02
2019-03-21,000034,42.74,43.81,44.17,42.52,132003,203276977.0,3.88,3.11,1.32,3.26
2019-03-22,000034,44.54,44.85,45.86,43.89,131494,207702733.0,4.5,2.37,1.04,3.25
2019-03-25,000034,43.89,43.67,44.71,43.39,87138,135697700.0,2.94,-2.63,-1.18,2.15
2019-03-26,000034,44.2,41.93,44.2,41.67,86979,131252885.0,5.79,-3.98,-1.74,2.15
2019-03-27,000034,42.6,41.11,42.71,41.08,74713,109857317.0,3.89,-1.96,-0.82,1.84
2019-03-28,000034,41.53,42.26,43.75,41.28,149952,226991571.0,6.01,2.8,1.15,3.7
2019-03-29,000034,42.97,44.68,45.02,42.74,153704,238910528.0,5.4,5.73,2.42,3.8
2019-04-01,000034,45.3,45.8,46.11,44.99,168807,272147088.0,2.51,2.51,1.12,4.17
2019-04-02,000034,45.38,44.62,45.89,44.46,176653,282134112.0,3.12,-2.58,-1.18,4.36
2019-04-03,000034,43.78,44.93,44.99,43.5,118760,185650951.0,3.34,0.69,0.31,2.43
2019-04-04,000034,45.05,44.74,45.24,44.2,112523,176989644.0,2.31,-0.42,-0.19,2.3
2019-04-08,000034,44.82,46.53,46.82,43.95,187738,300026640.0,6.41,4.0,1.79,3.84
2019-04-09,000034,45.61,46.51,46.82,44.76,131970,214383075.0,4.43,-0.04,-0.02,2.7
2019-04-10,000034,45.89,45.89,46.42,45.61,74043,120137290.0,1.74,-1.33,-0.62,1.51
2019-04-11,000034,46.76,46.2,47.97,45.94,104298,171630212.0,4.42,0.68,0.31,2.13
2019-04-12,000034,45.89,45.19,46.09,44.6,73755,117578647.0,3.23,-2.19,-1.01,1.51
2019-04-15,000034,45.5,45.21,46.7,44.57,72500,117183254.0,4.71,0.04,0.02,1.48
2019-04-16,000034,44.68,45.86,46.09,44.34,64321,102757718.0,3.87,1.44,0.65,1.31
2019-04-17,000034,46.11,45.47,46.11,45.16,56213,90502805.0,2.07,-0.85,-0.39,1.15
2019-04-18,000034,45.33,44.29,45.33,44.06,79415,124530678.0,2.79,-2.6,-1.18,1.62
2019-04-19,000034,44.12,44.54,44.93,44.09,50731,79675664.0,1.9,0.56,0.25,1.04
2019-04-22,000034,44.68,44.46,45.05,44.2,52392,82529297.0,1.91,-0.18,-0.08,1.07
2019-04-23,000034,44.06,43.78,44.57,43.64,37821,58727754.0,2.09,-1.53,-0.68,0.77
2019-04-24,000034,43.84,44.74,44.74,42.69,68973,106236546.0,4.68,2.19,0.96,1.41
2019-04-25,000034,44.63,42.36,45.05,42.36,71994,109097727.0,6.01,-5.32,-2.38,1.47
2019-04-26,000034,42.22,44.21,46.49,41.99,143347,222897530.0,10.62,4.37,1.85,2.93
2019-04-29,000034,45.03,43.4,45.03,42.36,108795,164117534.0,6.04,-1.83,-0.81,2.22
2019-04-30,000034,42.67,44.16,44.18,42.38,68410,103411639.0,4.15,1.75,0.76,1.4
2019-05-06,000034,41.74,39.86,42.67,39.86,95870,136393363.0,6.36,-9.74,-4.3,1.96
2019-05-07,000034,39.88,40.67,41.09,39.69,63157,88303938.0,3.51,2.03,0.81,1.29
2019-05-08,000034,38.73,39.29,40.36,37.72,63339,86327110.0,6.49,-3.39,-1.38,1.29
2019-05-09,000034,39.07,39.13,39.88,38.87,45162,61600857.0,2.57,-0.41,-0.16,0.92
2019-05-10,000034,39.58,40.11,40.47,37.61,73478,100756233.0,7.31,2.5,0.98,1.5
2019-05-13,000034,39.52,39.63,40.08,38.84,52730,72147119.0,3.09,-1.2,-0.48,1.08
2019-05-14,000034,39.18,38.99,39.29,38.42,52934,71191815.0,2.2,-1.61,-0.64,1.08
2019-05-15,000034,39.07,39.41,39.63,39.01,48495,66085990.0,1.59,1.08,0.42,0.99
2019-05-16,000034,39.63,39.52,39.72,39.07,42745,58383712.0,1.65,0.28,0.11,0.87
2019-05-17,000034,39.86,38.03,40.67,37.61,78371,106961225.0,7.74,-3.77,-1.49,1.6
2019-05-20,000034,37.89,37.75,38.14,36.79,45457,58734186.0,3.55,-0.74,-0.28,0.93
2019-05-21,000034,37.47,38.03,38.28,37.19,39075,51255403.0,2.89,0.74,0.28,0.8
2019-05-22,000034,38.03,38.99,38.99,37.72,64062,85162292.0,3.34,2.52,0.96,1.31
2019-05-23,000034,38.23,36.91,38.45,36.85,65540,85169744.0,4.1,-5.33,-2.08,1.34
2019-05-24,000034,36.54,36.06,37.16,35.95,33579,42253536.0,3.28,-2.3,-0.85,0.69
2019-05-27,000034,36.2,37.02,37.13,35.81,44040,55713337.0,3.66,2.66,0.96,0.9
2019-05-28,000034,37.05,36.91,37.55,36.63,54092,69311860.0,2.49,-0.3,-0.11,1.11
2019-05-29,000034,36.65,36.91,37.41,36.43,40406,51585133.0,2.66,0.0,0.0,0.83
2019-05-30,000034,36.6,36.93,37.22,36.48,39175,49832653.0,2.0,0.05,0.02,0.8
2019-05-31,000034,36.93,37.02,37.33,36.63,34926,44628498.0,1.9,0.24,0.09,0.71
2019-06-03,000034,37.02,36.23,37.16,35.89,38098,47921292.0,3.43,-2.13,-0.79,0.78
2019-06-04,000034,36.18,36.48,36.99,36.18,29283,37022663.0,2.24,0.69,0.25,0.6
2019-06-05,000034,36.91,36.29,36.91,36.2,27123,34144665.0,1.95,-0.52,-0.19,0.55
2019-06-06,000034,36.34,35.81,36.48,35.73,31604,39261308.0,2.07,-1.32,-0.48,0.65
2019-06-10,000034,35.75,36.26,36.54,35.75,22117,27692766.0,2.21,1.26,0.45,0.45
2019-06-11,000034,36.26,37.41,37.41,36.09,39800,50769408.0,3.64,3.17,1.15,0.81
2019-06-12,000034,37.27,36.91,37.41,36.71,37648,48126781.0,1.87,-1.34,-0.5,0.77
2019-06-13,000034,36.91,37.19,37.38,36.74,25710,32912244.0,1.73,0.76,0.28,0.53
2019-06-14,000034,37.19,36.43,37.58,36.34,38407,48907426.0,3.33,-2.04,-0.76,0.78
2019-06-17,000034,36.57,37.33,37.72,36.26,56805,72818046.0,4.01,2.47,0.9,1.16
2019-06-18,000034,37.02,37.02,37.33,36.68,28113,35857449.0,1.74,-0.83,-0.31,0.57
2019-06-19,000034,38.03,37.38,38.09,37.38,49486,64501003.0,1.92,0.97,0.36,1.01
2019-06-20,000034,37.55,37.92,38.06,37.1,32318,42181645.0,2.57,1.44,0.54,0.66
2019-06-21,000034,38.14,38.42,38.87,38.06,45743,60734978.0,2.14,1.32,0.5,0.93
2019-06-24,000034,38.51,38.56,38.93,38.31,46552,62171277.0,1.61,0.36,0.14,0.95
2019-06-25,000034,38.76,37.83,38.76,37.27,44803,58691976.0,3.86,-1.89,-0.73,0.92
2019-06-26,000034,37.66,37.95,38.45,37.64,32669,43089356.0,2.14,0.32,0.12,0.67
2019-06-27,000034,38.31,38.28,38.62,38.03,36239,48126921.0,1.55,0.87,0.33,0.74
2019-06-28,000034,38.11,37.33,38.28,37.05,28624,37061155.0,3.21,-2.48,-0.95,0.58
2019-07-01,000034,38.11,39.6,39.72,38.03,111598,151280568.0,4.53,6.08,2.27,2.28
2019-07-02,000034,39.72,38.84,39.72,38.68,89660,121303251.0,2.63,-1.92,-0.76,1.83
2019-07-03,000034,38.59,38.0,38.9,37.81,52428,69074333.0,2.81,-2.16,-0.84,1.07
2019-07-04,000034,38.14,37.89,38.31,37.64,38975,51045382.0,1.76,-0.29,-0.11,0.8
2019-07-05,000034,37.89,38.51,39.01,37.52,56506,74624335.0,3.93,1.64,0.62,1.16
2019-07-08,000034,38.17,36.77,38.17,36.54,54328,69855360.0,4.23,-4.52,-1.74,1.12
2019-07-09,000034,36.68,36.79,37.02,36.4,21703,27492237.0,1.69,0.05,0.02,0.45
2019-07-10,000034,36.71,36.57,37.13,36.54,19956,25364664.0,1.6,-0.6,-0.22,0.41
2019-07-11,000034,36.85,36.2,37.02,35.89,27093,34094473.0,3.09,-1.01,-0.37,0.56
2019-07-12,000034,36.26,36.2,36.46,35.81,24022,29941914.0,1.8,0.0,0.0,0.49
2019-07-15,000034,36.2,36.57,36.65,35.16,31820,39694519.0,4.12,1.02,0.37,0.66
2019-07-16,000034,36.48,36.65,36.85,36.37,24005,30382171.0,1.31,0.22,0.08,0.49
2019-07-17,000034,36.65,36.4,36.85,36.34,30966,39070228.0,1.39,-0.68,-0.25,0.64
2019-07-18,000034,36.26,36.34,36.65,35.89,22300,27910975.0,2.09,-0.16,-0.06,0.46
2019-07-19,000034,36.34,36.34,36.71,36.01,24990,31488934.0,1.93,0.0,0.0,0.51
2019-07-22,000034,36.34,35.56,36.48,35.44,28601,35273311.0,2.86,-2.15,-0.78,0.59
2019-07-23,000034,35.53,36.04,36.2,35.39,23434,28914672.0,2.28,1.35,0.48,0.48
2019-07-24,000034,36.04,36.71,36.99,36.01,43571,55142647.0,2.72,1.86,0.67,0.9
2019-07-25,000034,36.71,36.77,37.22,36.43,30112,38307265.0,2.15,0.16,0.06,0.62
2019-07-26,000034,36.63,37.89,38.42,36.63,61032,79414190.0,4.87,3.05,1.12,1.26
2019-07-29,000034,38.09,38.48,39.21,37.81,61886,82231571.0,3.69,1.56,0.59,1.27
2019-07-30,000034,38.23,38.65,38.82,38.23,47851,63895594.0,1.53,0.44,0.17,0.99
2019-07-31,000034,38.62,38.7,38.82,38.28,37681,50346104.0,1.4,0.13,0.05,0.78
2019-08-01,000034,39.58,38.76,40.33,38.51,99285,134822683.0,4.7,0.16,0.06,2.05
2019-08-02,000034,37.61,38.65,38.87,37.47,73965,98270673.0,3.61,-0.28,-0.11,1.52
2019-08-05,000034,38.56,38.31,39.32,38.31,54840,73516534.0,2.61,-0.88,-0.34,1.13
2019-08-06,000034,37.52,38.11,38.31,36.65,59681,77793574.0,4.33,-0.52,-0.2,1.23
2019-08-07,000034,38.17,37.55,38.7,37.16,45095,59017125.0,4.04,-1.47,-0.56,0.93
2019-08-08,000034,37.72,36.63,37.83,36.43,53956,68483300.0,3.73,-2.45,-0.92,1.11
2019-08-09,000034,36.34,36.37,36.96,35.75,56197,70584374.0,3.3,-0.71,-0.26,1.16
2019-08-12,000034,36.29,36.74,36.79,35.47,43895,54703901.0,3.63,1.02,0.37,0.9
2019-08-13,000034,36.48,35.98,36.48,35.87,30236,37693667.0,1.66,-2.07,-0.76,0.62
2019-08-14,000034,36.48,36.68,36.96,36.43,43843,55605101.0,1.47,1.95,0.7,0.9
2019-08-15,000034,35.73,37.1,37.41,35.56,41403,52136395.0,5.04,1.15,0.42,0.85
2019-08-16,000034,36.93,37.83,38.23,36.6,66772,86690709.0,4.39,1.97,0.73,1.38
2019-08-19,000034,39.43,40.84,41.15,38.59,234048,323366400.0,6.77,7.96,3.01,4.82
2019-08-20,000034,40.76,40.64,42.27,40.42,217615,310773216.0,4.53,-0.49,-0.2,4.48
2019-08-21,000034,40.59,40.56,41.12,40.05,128197,180351217.0,2.63,-0.2,-0.08,2.64
2019-08-22,000034,40.7,41.82,41.82,40.47,153758,219136193.0,3.33,3.11,1.26,3.17
2019-08-23,000034,42.72,40.36,42.72,40.05,158911,226799052.0,6.38,-3.49,-1.46,3.27
2019-08-26,000034,39.43,43.03,43.31,39.15,237818,344001232.0,10.31,6.62,2.67,4.9
2019-08-27,000034,43.0,42.47,43.17,42.27,158924,235220868.0,2.09,-1.3,-0.56,3.27
2019-08-28,000034,42.47,41.4,43.03,41.4,118094,171410117.0,3.84,-2.52,-1.07,2.43
2019-08-29,000034,41.4,41.6,42.16,41.15,94571,136671420.0,2.44,0.48,0.2,1.95
2019-08-30,000034,42.05,40.39,42.05,39.94,114018,161884220.0,5.07,-2.91,-1.21,2.35
2019-09-02,000034,40.98,42.22,42.53,40.73,162214,235325971.0,4.46,4.53,1.83,3.34
2019-09-03,000034,42.27,43.14,43.14,41.65,182677,268141045.0,3.53,2.18,0.92,3.76
2019-09-04,000034,42.81,44.75,45.53,42.81,254780,393777168.0,6.31,3.73,1.61,5.25
2019-09-05,000034,46.04,46.57,48.51,45.08,316268,510906256.0,7.66,4.07,1.82,6.51
2019-09-06,000034,46.82,50.25,51.12,46.82,383271,662622704.0,9.23,7.9,3.68,7.89
2019-09-09,000034,51.12,50.9,51.35,49.32,319463,559713040.0,4.04,1.29,0.65,6.58
2019-09-10,000034,51.15,50.53,54.8,50.25,393354,720171872.0,8.94,-0.73,-0.37,8.1
2019-09-11,000034,51.8,52.61,53.29,50.81,326313,592304880.0,4.91,4.12,2.08,6.72
2019-09-12,000034,52.02,51.04,52.16,49.91,259704,459716912.0,4.28,-2.98,-1.57,5.35
2019-09-16,000034,51.15,50.9,52.16,50.22,184606,329254304.0,3.8,-0.27,-0.14,3.8
2019-09-17,000034,51.12,50.5,51.43,49.32,173799,305271792.0,4.15,-0.79,-0.4,3.58
2019-09-18,000034,50.95,49.83,50.95,48.62,144995,250470690.0,4.61,-1.33,-0.67,2.99
2019-09-19,000034,49.91,50.98,50.98,49.16,141878,247118048.0,3.65,2.31,1.15,2.92
2019-09-20,000034,51.12,49.21,51.29,48.65,210022,362863776.0,5.18,-3.47,-1.77,4.33
2019-09-23,000034,48.88,48.62,49.32,47.89,113729,192437742.0,2.91,-1.2,-0.59,2.34
2019-09-24,000034,48.73,49.02,49.83,48.51,159135,272848128.0,2.71,0.82,0.4,3.28
2019-09-25,000034,48.68,48.34,49.1,47.81,109999,185813606.0,2.63,-1.39,-0.68,2.27
2019-09-26,000034,48.68,45.48,48.71,44.77,192002,307406480.0,8.15,-5.92,-2.86,3.95
2019-09-27,000034,45.42,46.68,47.61,45.25,146648,239476644.0,5.19,2.64,1.2,3.02
2019-09-30,000034,47.44,45.59,47.44,45.5,88478,142291035.0,4.16,-2.34,-1.09,1.82
2019-10-08,000034,45.64,45.48,46.8,45.31,91438,146312696.0,3.27,-0.24,-0.11,1.88
2019-10-09,000034,45.48,45.95,46.12,44.63,92411,145970119.0,3.28,1.03,0.47,1.9
2019-10-10,000034,45.95,46.43,46.82,45.95,113362,182845053.0,1.89,1.04,0.48,2.34
2019-10-11,000034,46.37,45.9,46.54,45.14,108588,172685099.0,3.02,-1.14,-0.53,2.24
2019-10-14,000034,46.6,47.72,48.29,46.4,158384,261801021.0,4.12,3.97,1.82,3.26
2019-10-15,000034,45.76,43.06,45.76,43.06,293161,444948368.0,5.66,-9.77,-4.66,6.04
2019-10-16,000034,43.23,44.49,45.36,43.14,228206,353053680.0,5.16,3.32,1.43,4.7
2019-10-17,000034,44.66,44.89,46.21,44.52,109108,171673084.0,3.8,0.9,0.4,2.25
2019-10-18,000034,44.75,44.13,45.14,43.79,78250,120519504.0,3.01,-1.69,-0.76,1.61
2019-10-21,000034,43.85,43.34,44.1,42.24,99493,148208345.0,4.21,-1.79,-0.79,2.05
2019-10-22,000034,43.42,43.71,44.21,42.86,114921,173299809.0,3.11,0.85,0.37,2.37
2019-10-23,000034,44.13,42.72,44.69,42.64,176151,265052483.0,4.69,-2.26,-0.99,3.63
2019-10-24,000034,42.55,43.45,43.54,42.44,110968,166366288.0,2.57,1.71,0.73,2.29
2019-10-25,000034,43.37,43.17,43.42,42.33,92415,137734625.0,2.51,-0.64,-0.28,1.9
2019-10-28,000034,44.75,46.21,46.37,44.3,253856,400471440.0,4.79,7.04,3.04,5.23
2019-10-29,000034,46.15,45.67,48.06,45.53,241111,392364464.0,5.48,-1.17,-0.54,4.97
2019-10-30,000034,45.5,45.39,46.6,45.19,119542,190316278.0,3.09,-0.61,-0.28,2.46
2019-10-31,000034,45.9,45.48,46.35,45.05,113286,179864739.0,2.86,0.2,0.09,2.33
2019-11-01,000034,45.22,45.05,45.34,44.07,105427,163931631.0,2.79,-0.95,-0.43,2.17
2019-11-04,000034,45.19,45.7,46.23,44.8,115605,183531834.0,3.17,1.44,0.65,2.38
2019-11-05,000034,45.98,45.78,46.23,44.97,79808,126663555.0,2.76,0.18,0.08,1.64
2019-11-06,000034,46.21,46.4,47.47,45.9,170983,277797088.0,3.43,1.35,0.62,3.52
2019-11-07,000034,45.84,46.6,46.6,45.22,132493,211473469.0,2.97,0.43,0.2,2.73
2019-11-08,000034,46.68,45.7,47.22,45.5,126678,203844131.0,3.69,-1.93,-0.9,2.61
2019-11-11,000034,45.53,43.45,45.53,43.34,123137,188834648.0,4.79,-4.92,-2.25,2.54
2019-11-12,000034,43.48,43.62,43.96,42.69,66555,100213083.0,2.92,0.39,0.17,1.37
2019-11-13,000034,43.62,43.73,44.16,43.0,66658,100957929.0,2.66,0.25,0.11,1.37
2019-11-14,000034,43.85,43.82,44.21,43.26,72339,109910619.0,2.17,0.21,0.09,1.49
2019-11-15,000034,43.96,42.67,43.96,42.67,69416,104144975.0,2.94,-2.62,-1.15,1.43
2019-11-18,000034,42.95,43.85,44.24,42.95,98913,150307537.0,3.02,2.77,1.18,2.04
2019-11-19,000034,45.19,48.12,48.12,44.91,395409,649009648.0,7.32,9.74,4.27,8.14
2019-11-20,000034,48.59,50.31,52.08,48.23,475374,826377520.0,8.0,4.55,2.19,9.79
2019-11-21,000034,49.72,49.41,50.7,49.02,267529,463092064.0,3.34,-1.79,-0.9,5.51
2019-11-22,000034,49.55,48.57,50.2,47.89,233321,398034896.0,4.68,-1.7,-0.84,4.81
2019-11-25,000034,48.54,48.59,49.38,47.27,171751,289805216.0,4.34,0.04,0.02,3.54
2019-11-26,000034,48.29,48.26,49.18,47.81,121067,203873734.0,2.82,-0.68,-0.33,2.49
2019-11-27,000034,48.0,48.76,49.61,47.84,150066,254822141.0,3.67,1.04,0.5,3.09
2019-11-28,000034,48.48,49.1,49.69,48.43,131330,223866606.0,2.58,0.7,0.34,2.71
2019-11-29,000034,49.04,47.75,49.04,46.94,180743,299379856.0,4.28,-2.75,-1.35,3.72
2019-12-02,000034,48.57,52.42,52.42,48.57,300232,528898880.0,8.06,9.78,4.67,6.18
2019-12-03,000034,54.33,55.37,56.1,53.4,564715,1074267520.0,5.15,5.63,2.95,11.63
2019-12-04,000034,54.89,54.38,55.17,53.76,312079,591203680.0,2.55,-1.79,-0.99,6.43
2019-12-05,000034,54.61,54.66,56.12,53.96,343085,658300080.0,3.97,0.51,0.28,7.07
2019-12-06,000034,54.33,56.69,57.7,54.19,340676,665505472.0,6.42,3.71,2.03,7.02
2019-12-09,000034,56.55,57.87,59.24,56.15,353611,712211840.0,5.45,2.08,1.18,7.28
2019-12-10,000034,57.3,57.19,57.59,56.01,222901,442759584.0,2.73,-1.18,-0.68,4.59
2019-12-11,000034,57.16,56.01,58.4,56.01,204670,405985216.0,4.18,-2.06,-1.18,4.22
2019-12-12,000034,55.87,59.44,61.32,55.87,367405,751793216.0,9.73,6.12,3.43,7.57
2019-12-13,000034,58.68,59.5,60.51,58.18,263239,546284480.0,3.92,0.1,0.06,5.42
2019-12-16,000034,59.24,62.64,63.99,59.1,349775,747506480.0,8.22,5.28,3.14,7.2
2019-12-17,000034,62.95,61.77,65.26,61.63,320157,704762608.0,5.8,-1.39,-0.87,6.59
2019-12-18,000034,61.52,62.17,64.16,61.41,274525,601749776.0,4.45,0.65,0.4,5.65
2019-12-19,000034,61.52,61.8,62.87,60.82,167375,362296896.0,3.3,-0.6,-0.37,3.45
2019-12-20,000034,61.83,58.91,62.33,58.91,237407,497876832.0,5.53,-4.68,-2.89,4.89
2019-12-23,000034,58.15,57.59,59.8,57.3,191452,390525584.0,4.24,-2.24,-1.32,3.94
2019-12-24,000034,58.2,59.13,59.38,57.59,137459,281764592.0,3.11,2.67,1.54,2.83
2019-12-25,000034,59.19,59.47,60.34,58.62,170455,354651088.0,2.91,0.58,0.34,3.51
2019-12-26,000034,58.96,58.96,59.66,58.12,130056,266966265.0,2.59,-0.86,-0.51,2.68
2019-12-27,000034,59.33,58.4,61.43,58.26,245891,514965008.0,5.38,-0.95,-0.56,5.06
2019-12-30,000034,57.28,57.67,57.75,55.25,194645,384626480.0,4.28,-1.25,-0.73,4.01
2019-12-31,000034,57.61,56.85,57.98,56.21,131451,260929867.0,3.07,-1.42,-0.82,2.73
2020-01-02,000034,57.14,58.93,59.41,56.91,173219,353160864.0,4.4,3.66,2.08,3.6
2020-01-03,000034,59.07,58.96,60.76,58.2,217442,450649248.0,4.34,0.05,0.03,4.52
2020-01-06,000034,58.82,57.64,59.27,57.0,228467,464841488.0,3.85,-2.24,-1.32,4.75
2020-01-07,000034,57.28,59.61,59.64,57.19,218149,444985744.0,4.25,3.42,1.97,4.53
2020-01-08,000034,58.82,56.91,59.05,56.74,217164,438876608.0,3.88,-4.53,-2.7,4.51
2020-01-09,000034,58.03,61.72,62.5,58.01,488940,1039515648.0,7.89,8.45,4.81,10.16
2020-01-10,000034,62.53,59.83,62.53,59.83,315785,670431072.0,4.37,-3.06,-1.89,6.56
2020-01-13,000034,60.28,61.66,61.69,59.78,223264,474882928.0,3.19,3.06,1.83,4.64
2020-01-14,000034,61.55,61.83,63.65,60.79,231466,501952832.0,4.64,0.28,0.17,4.81
2020-01-15,000034,61.49,67.7,67.81,60.7,412986,934916160.0,11.5,9.49,5.87,8.58
2020-01-16,000034,66.83,66.69,67.81,65.85,245809,573370624.0,2.9,-1.49,-1.01,5.11
2020-01-17,000034,67.84,68.18,71.04,66.24,294209,709006576.0,7.2,2.23,1.49,6.12
2020-01-20,000034,67.17,70.26,72.42,66.63,253811,618616832.0,8.49,3.05,2.08,5.28
2020-01-21,000034,69.72,69.44,71.32,68.26,171716,418130672.0,4.36,-1.17,-0.82,3.57
2020-01-22,000034,68.74,70.2,70.62,66.69,186440,450269584.0,5.66,1.09,0.76,3.88
2020-01-23,000034,69.3,65.03,69.3,63.32,292570,684041104.0,8.52,-7.36,-5.17,6.08
2020-02-03,000034,58.62,58.62,58.62,58.62,20423,41826304.0,0.0,-9.86,-6.41,0.42
2020-02-04,000034,53.62,57.87,59.52,53.62,272438,544024624.0,10.06,-1.28,-0.75,5.66
2020-02-05,000034,58.6,59.21,61.55,58.34,255312,534119984.0,5.55,2.32,1.34,5.31
2020-02-06,000034,59.38,62.7,63.74,58.65,272205,587668672.0,8.6,5.89,3.49,5.66
2020-02-07,000034,63.54,66.89,67.36,62.64,331419,757683408.0,7.53,6.68,4.19,6.89
2020-02-10,000034,66.55,68.4,70.17,65.73,307179,731588112.0,6.64,2.26,1.51,6.38
2020-02-11,000034,68.01,66.41,68.4,66.41,198756,469284896.0,2.91,-2.91,-1.99,4.13
2020-02-12,000034,66.97,69.98,70.29,66.44,287093,690189616.0,5.8,5.38,3.57,5.97
2020-02-13,000034,69.44,67.87,70.57,67.36,230539,553627328.0,4.59,-3.02,-2.11,4.79
2020-02-14,000034,67.5,70.82,71.32,67.14,295450,721718992.0,6.16,4.35,2.95,6.14
2020-02-17,000034,71.38,73.85,74.08,69.89,269695,678266960.0,5.92,4.28,3.03,5.61
2020-02-18,000034,72.95,73.77,74.7,72.0,247775,637005936.0,3.66,-0.11,-0.08,5.15
2020-02-19,000034,74.19,71.77,75.4,71.32,239386,616718096.0,5.53,-2.71,-2.0,4.98
2020-02-20,000034,71.21,71.24,72.11,68.26,282030,696392704.0,5.36,-0.74,-0.53,5.86
2020-02-21,000034,71.27,73.63,75.26,70.93,276914,712288192.0,6.08,3.35,2.39,5.76
2020-02-24,000034,74.13,80.88,80.88,73.63,448574,1239615600.0,9.85,9.85,7.25,9.32
2020-02-25,000034,82.56,87.2,88.18,78.38,530417,1555542384.0,12.12,7.81,6.32,11.02
2020-02-26,000034,83.35,78.77,84.33,78.6,365913,1050132480.0,6.57,-9.67,-8.43,7.61
2020-02-27,000034,81.1,80.79,83.94,76.38,307729,869622656.0,9.6,2.56,2.02,6.4
2020-02-28,000034,76.63,73.68,79.19,72.81,326092,864292992.0,7.9,-8.8,-7.11,6.78
2020-03-02,000034,75.68,80.6,80.93,75.54,300631,829297696.0,7.32,9.39,6.92,6.25
2020-03-03,000034,83.41,82.56,88.46,81.16,388607,1153237344.0,9.06,2.43,1.96,8.08
2020-03-04,000034,82.37,83.52,86.95,80.74,294292,869794560.0,7.52,1.16,0.96,6.12
2020-03-05,000034,85.99,82.65,87.06,80.54,276640,810137456.0,7.81,-1.04,-0.87,5.75
2020-03-06,000034,79.47,79.7,82.28,78.91,159150,448683936.0,4.08,-3.57,-2.95,3.31
2020-03-09,000034,77.03,74.56,78.63,73.94,243039,646326752.0,5.88,-6.45,-5.14,5.05
2020-03-10,000034,74.13,78.21,78.74,73.29,202114,540300240.0,7.31,4.9,3.65,4.2
2020-03-11,000034,78.77,78.46,81.83,77.25,175119,489668224.0,5.86,0.32,0.25,3.64
2020-03-12,000034,76.52,76.1,78.52,74.16,152515,407652128.0,5.56,-3.01,-2.36,3.17
2020-03-13,000034,72.73,78.63,79.67,71.24,212251,566112000.0,11.08,3.32,2.53,4.41
2020-03-16,000034,82.56,81.16,86.22,80.77,435414,1281357344.0,6.93,3.22,2.53,9.05
2020-03-17,000034,85.93,85.74,87.54,79.75,396397,1181558896.0,9.6,5.64,4.58,8.24
2020-03-18,000034,86.47,90.43,94.2,84.75,644138,2079265680.0,11.02,5.47,4.69,13.39
2020-03-19,000034,91.84,93.27,94.22,87.06,530551,1689745584.0,7.92,3.14,2.84,11.03
2020-03-20,000034,92.4,88.55,94.08,87.34,368874,1169767600.0,7.23,-5.06,-4.72,7.67
2020-03-23,000034,85.68,80.51,86.78,79.81,361954,1057502176.0,7.87,-9.08,-8.04,7.52
2020-03-24,000034,82.84,84.19,85.49,78.07,345813,1003945792.0,9.22,4.57,3.68,7.19
2020-03-25,000034,86.64,84.9,87.85,83.91,276847,836297088.0,4.68,0.84,0.71,5.75
2020-03-26,000034,83.69,85.57,87.99,82.28,218083,655504336.0,6.73,0.79,0.67,4.53
2020-03-27,000034,82.84,77.11,84.7,77.11,561178,1546412816.0,8.87,-9.89,-8.46,11.66
2020-03-30,000034,73.32,70.73,75.12,69.5,367535,912410016.0,7.29,-8.27,-6.38,7.64
2020-03-31,000034,73.29,71.69,73.97,71.35,195127,497102368.0,3.7,1.36,0.96,4.06
2020-04-01,000034,71.52,70.37,73.43,70.29,176149,444260240.0,4.38,-1.84,-1.32,3.66
2020-04-02,000034,70.76,75.37,77.11,69.58,256087,651010736.0,10.7,7.11,5.0,5.32
2020-04-03,000034,74.86,72.03,75.12,71.32,191664,492506320.0,5.04,-4.43,-3.34,3.98
2020-04-07,000034,74.08,74.53,75.45,73.57,223438,584184672.0,2.61,3.47,2.5,4.64
2020-04-08,000034,73.8,73.91,75.23,73.6,129496,338003792.0,2.19,-0.83,-0.62,2.69
2020-04-09,000034,74.7,72.93,74.98,72.34,149563,385476880.0,3.57,-1.33,-0.98,3.11
2020-04-10,000034,72.62,70.14,72.87,67.92,215668,528968016.0,6.79,-3.83,-2.79,4.48
2020-04-13,000034,69.36,67.64,69.36,67.11,122482,290867392.0,3.21,-3.56,-2.5,2.55
2020-04-14,000034,68.35,71.38,71.61,68.07,196118,478790192.0,5.23,5.53,3.74,4.08
2020-04-15,000034,70.65,71.13,73.38,70.26,187501,470383232.0,4.37,-0.35,-0.25,3.9
2020-04-16,000034,71.38,72.06,72.48,70.31,161034,404676384.0,3.05,1.31,0.93,3.35
2020-04-17,000034,73.54,71.97,74.27,71.55,203794,521447488.0,3.77,-0.12,-0.09,4.24
2020-04-20,000034,72.73,76.38,76.52,71.83,267668,701067920.0,6.52,6.13,4.41,5.56
2020-04-21,000034,75.09,78.83,78.85,74.19,285407,770863600.0,6.1,3.21,2.45,5.93
2020-04-22,000034,77.0,76.86,77.67,76.02,175504,472665440.0,2.09,-2.5,-1.97,3.65
2020-04-23,000034,76.94,74.22,76.97,74.11,149858,395337584.0,3.72,-3.43,-2.64,3.11
2020-04-24,000034,74.81,70.31,75.43,69.75,207998,525175024.0,7.65,-5.27,-3.91,4.32
2020-04-27,000034,71.02,69.05,71.02,68.77,153534,374066864.0,3.2,-1.79,-1.26,3.19
2020-04-28,000034,68.96,67.03,69.41,63.12,239070,554261024.0,9.11,-2.93,-2.02,4.97
2020-04-29,000034,66.89,65.45,66.94,64.64,184418,423807472.0,3.43,-2.36,-1.58,3.83
2020-04-30,000034,67.84,71.41,71.77,67.42,249190,607321712.0,6.65,9.11,5.96,5.18
2020-05-06,000034,70.23,73.6,74.81,70.09,292370,741758672.0,6.61,3.07,2.19,6.08
2020-05-07,000034,74.72,74.61,75.71,73.66,195415,506306368.0,2.79,1.37,1.01,4.06
2020-05-08,000034,77.59,78.6,80.91,77.53,375685,1031832192.0,4.53,5.35,3.99,7.81
2020-05-11,000034,80.93,77.03,81.61,76.21,291469,798267664.0,6.87,-2.0,-1.57,6.06
2020-05-12,000034,77.53,79.33,79.84,75.9,264189,721685024.0,5.11,2.99,2.3,5.49
2020-05-13,000034,78.69,79.78,81.13,78.55,250975,699023712.0,3.25,0.57,0.45,5.22
2020-05-14,000034,78.94,78.55,79.67,78.29,135858,373398880.0,1.73,-1.54,-1.23,2.82
2020-05-15,000034,79.22,80.18,82.54,78.49,236148,661958992.0,5.16,2.08,1.63,4.91
2020-05-18,000034,79.19,72.34,79.22,72.34,525285,1343309744.0,8.58,-9.78,-7.84,10.92
2020-05-19,000034,71.63,72.48,72.56,68.99,436513,1069898064.0,4.94,0.19,0.14,9.07
2020-05-20,000034,71.02,70.2,72.14,69.81,197971,488343296.0,3.21,-3.15,-2.28,4.11
2020-05-21,000034,70.54,68.94,70.88,68.68,176094,426160880.0,3.13,-1.79,-1.26,3.66
2020-05-22,000034,69.02,66.77,69.55,65.85,196892,460860736.0,5.37,-3.15,-2.17,4.09
2020-05-25,000034,66.66,66.18,67.11,65.42,114055,261289173.0,2.53,-0.88,-0.59,2.37
2020-05-26,000034,66.6,67.84,68.12,66.55,131849,308968448.0,2.37,2.51,1.66,2.74
2020-05-27,000034,68.15,65.82,68.15,65.65,127482,292986272.0,3.69,-2.98,-2.02,2.65
2020-05-28,000034,65.31,66.24,66.74,64.16,127301,288558496.0,3.92,0.64,0.42,2.65
2020-05-29,000034,65.96,65.87,67.08,65.17,121339,278873360.0,2.88,-0.56,-0.37,2.52
2020-06-01,000034,68.29,71.02,71.47,67.98,268863,654769792.0,5.3,7.82,5.15,5.48
2020-06-02,000034,71.21,70.03,71.21,69.44,194978,475086816.0,2.49,-1.39,-0.99,3.97
2020-06-03,000034,70.37,69.08,70.54,68.96,157724,381048448.0,2.26,-1.36,-0.95,3.21
2020-06-04,000034,69.05,67.0,69.33,66.91,166684,392022144.0,3.5,-3.01,-2.08,3.4
2020-06-05,000034,67.25,67.39,68.49,66.72,113079,264824320.0,2.64,0.58,0.39,2.3
2020-06-08,000034,68.01,67.19,68.46,66.77,113600,266397689.0,2.51,-0.3,-0.2,2.31
2020-06-09,000034,67.42,66.52,67.53,65.45,149436,342112992.0,3.1,-1.0,-0.67,3.04
2020-06-10,000034,66.01,66.58,67.14,65.56,93456,214965032.0,2.38,0.09,0.06,1.9
2020-06-11,000034,66.72,67.17,68.49,66.46,169655,398401152.0,3.05,0.89,0.59,3.46
2020-06-12,000034,65.73,66.58,66.97,65.31,107117,246616008.0,2.47,-0.88,-0.59,2.18
2020-06-15,000034,66.15,65.17,66.8,65.12,142728,326089376.0,2.52,-2.12,-1.41,2.91
2020-06-16,000034,65.73,68.49,68.49,65.73,197698,460317392.0,4.24,5.09,3.32,4.03
2020-06-17,000034,68.54,67.14,68.77,66.55,150267,350600784.0,3.24,-1.97,-1.35,3.06
2020-06-18,000034,67.28,67.33,68.09,66.35,142947,333966208.0,2.59,0.28,0.19,2.91
2020-06-19,000034,67.48,67.33,67.81,66.74,112876,263728065.0,1.59,0.0,0.0,2.3
2020-06-22,000034,67.14,67.78,68.46,67.14,126338,297475824.0,1.96,0.67,0.45,2.57
2020-06-23,000034,67.9,67.05,68.21,66.6,146155,340489552.0,2.38,-1.08,-0.73,2.98
2020-06-24,000034,67.39,68.21,69.72,67.25,256912,612041632.0,3.68,1.73,1.16,5.23
2020-06-29,000034,68.71,69.55,70.45,68.66,250256,605215472.0,2.62,1.96,1.34,5.1
2020-06-30,000034,69.67,70.06,70.73,69.1,233972,569115504.0,2.34,0.73,0.51,4.77
2020-07-01,000034,69.86,69.25,70.14,68.21,196824,472825632.0,2.75,-1.16,-0.81,4.01
2020-07-02,000034,69.19,70.14,70.45,68.6,195608,473967392.0,2.67,1.29,0.89,3.98
2020-07-03,000034,70.45,72.03,72.42,69.67,277059,685034992.0,3.92,2.69,1.89,5.64
2020-07-06,000034,72.34,74.5,75.15,72.17,297306,762162160.0,4.14,3.43,2.47,6.06
2020-07-07,000034,75.57,75.26,78.01,74.11,376671,991485616.0,5.23,1.02,0.76,7.67
2020-07-08,000034,75.85,76.83,77.2,74.67,266929,708908992.0,3.36,2.09,1.57,5.44
2020-07-09,000034,76.83,80.88,82.23,76.83,376258,1043325840.0,7.03,5.27,4.05,7.66
2020-07-10,000034,81.21,78.94,82.09,78.52,327716,916483296.0,4.41,-2.4,-1.94,6.68
2020-07-13,000034,78.21,79.75,79.92,77.98,293920,810838144.0,2.46,1.03,0.81,5.99
2020-07-14,000034,80.32,77.11,81.69,75.65,317852,867502400.0,7.57,-3.31,-2.64,6.47
2020-07-15,000034,77.14,72.2,77.81,72.17,366068,944754416.0,7.31,-6.37,-4.91,7.46
2020-07-16,000034,72.48,69.1,73.46,68.35,244427,607294576.0,7.08,-4.29,-3.1,4.98
2020-07-17,000034,67.76,66.07,68.82,64.61,328082,756467040.0,6.09,-4.38,-3.03,6.68
2020-07-20,000034,66.49,68.26,68.26,65.62,212389,492449680.0,4.0,3.31,2.19,4.32
2020-07-21,000034,67.53,67.42,68.4,66.74,153727,359829776.0,2.43,-1.23,-0.84,3.12
2020-07-22,000034,67.0,67.5,69.08,66.66,220773,519332560.0,3.59,0.12,0.08,4.49
2020-07-23,000034,66.91,67.0,67.22,65.54,167166,385299744.0,2.49,-0.74,-0.5,3.4
2020-07-24,000034,66.94,64.33,67.67,63.68,171857,391049712.0,5.96,-3.99,-2.67,3.49
2020-07-27,000034,64.3,63.12,64.72,62.81,133880,294087456.0,2.97,-1.88,-1.21,2.72
2020-07-28,000034,63.71,64.02,64.24,63.18,81680,180220754.0,1.68,1.43,0.9,1.66
2020-07-29,000034,63.82,66.52,66.72,63.57,168595,384046336.0,4.92,3.91,2.5,3.43
2020-07-30,000034,67.45,66.04,68.12,65.87,141169,328188800.0,3.38,-0.72,-0.48,2.87
2020-07-31,000034,65.65,68.63,69.5,65.54,203007,478376544.0,6.0,3.92,2.59,4.13
2020-08-03,000034,67.87,69.19,69.3,67.73,209164,499473008.0,2.29,0.82,0.56,4.25
2020-08-04,000034,69.25,67.33,69.47,66.8,180611,425262832.0,3.86,-2.69,-1.86,3.67
2020-08-05,000034,67.81,67.28,68.51,66.74,125540,293709776.0,2.63,-0.07,-0.05,2.55
2020-08-06,000034,67.42,67.56,68.71,65.37,178999,415753344.0,4.96,0.42,0.28,3.64
2020-08-07,000034,67.33,66.35,67.33,64.78,160178,367037248.0,3.77,-1.79,-1.21,3.26
2020-08-10,000034,67.31,69.44,70.71,67.28,306155,739769648.0,5.17,4.66,3.09,6.22
2020-08-11,000034,69.44,67.03,69.5,66.77,191310,452605616.0,3.93,-3.47,-2.41,3.89
2020-08-12,000034,66.24,65.17,66.91,64.05,170404,383727792.0,4.27,-2.77,-1.86,3.46
2020-08-13,000034,65.23,65.12,65.73,64.53,85361,192733629.0,1.84,-0.08,-0.05,1.74
2020-08-14,000034,65.12,65.73,65.73,64.61,79044,178912160.0,1.72,0.94,0.61,1.61
2020-08-17,000034,65.51,66.8,67.31,65.31,120714,277687808.0,3.04,1.63,1.07,2.45
2020-08-18,000034,65.45,64.41,65.45,62.98,290656,645944640.0,3.7,-3.58,-2.39,5.91
2020-08-19,000034,64.1,63.51,64.1,63.23,107761,237924824.0,1.35,-1.4,-0.9,2.19
2020-08-20,000034,63.09,63.65,64.27,62.87,68849,151893439.0,2.2,0.22,0.14,1.4
2020-08-21,000034,63.68,63.37,64.19,63.2,75664,166492665.0,1.56,-0.44,-0.28,1.54
2020-08-24,000034,63.74,63.99,64.41,63.15,91471,202374220.0,1.99,0.98,0.62,1.86
2020-08-25,000034,64.08,63.74,64.27,63.49,63143,139667331.0,1.22,-0.39,-0.25,1.28
2020-08-26,000034,63.57,63.65,64.69,63.15,92480,204224342.0,2.42,-0.14,-0.09,1.88
2020-08-27,000034,63.49,64.33,64.67,62.92,102369,227302287.0,2.75,1.07,0.68,2.08
2020-08-28,000034,64.55,64.44,64.61,63.99,73076,162874080.0,0.96,0.17,0.11,1.47
2020-08-31,000034,64.05,63.82,65.12,63.77,111273,248178859.0,2.09,-0.96,-0.62,2.24
2020-09-01,000034,63.68,64.53,64.69,62.9,118239,260642399.0,2.8,1.11,0.71,2.38
2020-09-02,000034,64.61,68.32,68.54,64.08,281434,649919552.0,6.91,5.87,3.79,5.68
2020-09-03,000034,68.32,73.68,74.98,68.29,867712,2194726400.0,9.79,7.85,5.36,17.5
2020-09-04,000034,71.8,75.96,76.13,70.82,525127,1331884880.0,7.21,3.09,2.28,10.59
2020-09-07,000034,75.01,73.85,76.66,73.21,271894,707666688.0,4.54,-2.78,-2.11,5.48
2020-09-08,000034,73.94,66.63,74.61,66.63,527819,1262331936.0,10.81,-9.78,-7.22,10.65
2020-09-09,000034,64.89,65.56,67.03,63.57,246399,557556944.0,5.19,-1.61,-1.07,4.97
2020-09-10,000034,65.96,61.24,66.32,61.24,196423,433537632.0,7.75,-6.59,-4.32,3.96
2020-09-11,000034,61.24,63.37,63.82,60.06,168357,361688240.0,6.14,3.48,2.13,3.4
2020-09-14,000034,63.77,69.55,69.55,63.49,394760,936891104.0,9.56,9.75,6.18,7.96
2020-09-15,000034,70.96,68.63,71.49,67.42,365927,887658768.0,5.85,-1.32,-0.92,7.38
2020-09-16,000034,70.71,67.5,70.76,66.86,187064,440377056.0,5.68,-1.65,-1.13,3.77
2020-09-17,000034,67.73,67.98,69.08,66.91,190963,452055312.0,3.21,0.71,0.48,3.85
2020-09-18,000034,67.98,68.77,68.85,66.38,179444,422117616.0,3.63,1.16,0.79,3.62
2020-09-21,000034,69.27,70.54,72.14,69.1,218602,535876384.0,4.42,2.57,1.77,4.41
2020-09-22,000034,69.92,71.75,72.9,69.41,255553,637797552.0,4.95,1.72,1.21,5.15
2020-09-23,000034,71.66,71.49,72.36,70.09,156192,387469168.0,3.16,-0.36,-0.26,3.15
2020-09-24,000034,70.82,68.88,72.06,68.88,144982,353883328.0,4.45,-3.65,-2.61,2.92
2020-09-25,000034,70.23,68.88,70.37,68.26,101668,243786701.0,3.06,0.0,0.0,2.05
2020-09-28,000034,69.89,65.99,71.02,65.68,155907,368515424.0,7.75,-4.2,-2.89,3.14
2020-09-29,000034,67.64,71.8,72.42,66.52,240255,587755872.0,8.94,8.8,5.81,4.85
2020-09-30,000034,73.09,72.62,74.53,70.17,296154,745502784.0,6.07,1.14,0.82,5.97
2020-10-09,000034,76.69,77.14,79.73,76.13,444431,1205937696.0,4.96,6.22,4.52,8.96
2020-10-12,000034,77.53,84.0,84.7,77.45,584953,1669472480.0,9.4,8.89,6.86,11.8
2020-10-13,000034,83.72,83.13,85.34,81.16,319703,927472320.0,4.98,-1.04,-0.87,6.45
2020-10-14,000034,82.51,85.43,91.27,81.13,558821,1670256192.0,12.2,2.77,2.3,11.27
2020-10-15,000034,80.62,78.49,82.87,78.32,417918,1167439744.0,5.33,-8.12,-6.94,8.43
2020-10-16,000034,78.12,86.16,86.16,77.76,432827,1251574208.0,10.7,9.77,7.67,8.73
2020-10-19,000034,88.77,87.37,90.26,85.4,438241,1345483872.0,5.64,1.4,1.21,8.84
2020-10-20,000034,87.34,85.63,87.85,83.8,239449,716964064.0,4.64,-1.99,-1.74,4.83
2020-10-21,000034,85.54,78.55,85.54,77.51,408340,1148148592.0,9.38,-8.27,-7.08,8.24
2020-10-22,000034,79.25,79.78,81.47,77.7,213268,592970864.0,4.8,1.57,1.23,4.3
2020-10-23,000034,79.92,78.04,80.85,77.2,150105,411338272.0,4.58,-2.18,-1.74,3.03
2020-10-26,000034,78.71,75.88,78.8,74.53,167944,446935040.0,5.47,-2.77,-2.16,3.39
2020-10-27,000034,75.99,76.07,77.7,75.17,112684,299270848.0,3.33,0.25,0.19,2.27
2020-10-28,000034,76.47,74.86,76.49,73.32,138368,359019424.0,4.17,-1.59,-1.21,2.79
2020-10-29,000034,73.49,75.03,75.9,72.48,133577,346422960.0,4.57,0.23,0.17,2.69
2020-10-30,000034,75.03,73.63,76.63,73.63,141577,370444016.0,4.0,-1.87,-1.4,2.86
2020-11-02,000034,74.58,74.27,76.41,71.91,146220,376635024.0,6.11,0.87,0.64,2.95
2020-11-03,000034,74.67,77.2,77.98,73.74,179540,478399856.0,5.71,3.95,2.93,3.62
2020-11-04,000034,77.56,81.55,82.65,76.44,256003,717674736.0,8.04,5.63,4.35,5.16
2020-11-05,000034,81.58,85.26,85.79,79.22,389016,1116587104.0,8.06,4.55,3.71,7.85
2020-11-06,000034,85.82,84.45,88.44,83.27,340586,1017310096.0,6.06,-0.95,-0.81,6.87
2020-11-09,000034,81.83,82.59,85.74,78.43,469512,1335463296.0,8.66,-2.2,-1.86,9.47
2020-11-10,000034,81.75,90.68,90.68,79.5,773187,2343135216.0,13.54,9.8,8.09,15.59
2020-11-11,000034,88.77,96.19,99.59,86.27,1041908,3481987952.0,14.69,6.08,5.51,21.01
2020-11-12,000034,92.99,102.26,104.68,92.23,737400,2583257872.0,12.94,6.31,6.07,14.87
2020-11-13,000034,97.09,92.2,99.39,92.2,745029,2470229296.0,7.03,-9.84,-10.06,15.03
2020-11-16,000034,89.08,89.78,92.14,84.87,621177,1898430320.0,7.89,-2.62,-2.42,12.53
2020-11-17,000034,80.96,80.96,80.96,80.96,59579,168131938.0,0.0,-9.82,-8.82,1.2
2020-11-18,000034,73.12,73.52,76.04,73.04,875066,2245191600.0,3.71,-9.19,-7.44,17.65
2020-11-19,000034,71.16,71.61,72.9,69.81,487605,1204818016.0,4.2,-2.6,-1.91,9.83
2020-11-20,000034,71.49,71.94,72.17,70.31,300983,745708320.0,2.6,0.46,0.33,6.07
2020-11-23,000034,71.91,70.0,71.91,69.81,330290,810368864.0,2.92,-2.7,-1.94,6.66
2020-11-24,000034,69.25,69.41,70.57,68.77,211828,511616176.0,2.57,-0.84,-0.59,4.27
2020-11-25,000034,69.39,66.55,69.72,66.46,334600,785882160.0,4.7,-4.12,-2.86,6.75
2020-11-26,000034,67.48,71.02,71.86,67.05,464063,1123126064.0,7.23,6.72,4.47,9.33
2020-11-27,000034,70.48,69.33,70.48,68.66,225420,543438640.0,2.56,-2.38,-1.69,4.53
2020-11-30,000034,68.63,68.85,70.37,67.95,172264,414878544.0,3.49,-0.69,-0.48,3.46
2020-12-01,000034,68.54,69.27,69.95,68.35,158401,380316400.0,2.32,0.61,0.42,3.18
2020-12-02,000034,69.39,71.69,71.86,69.39,271604,669849024.0,3.57,3.49,2.42,5.46
2020-12-03,000034,71.1,70.79,71.47,70.0,163781,401800816.0,2.05,-1.26,-0.9,3.29
2020-12-04,000034,70.45,69.86,70.73,69.25,132970,322369600.0,2.09,-1.31,-0.93,2.67
2020-12-07,000034,69.53,69.27,70.31,69.25,123427,298742992.0,1.52,-0.84,-0.59,2.48
2020-12-08,000034,69.3,67.92,69.5,67.87,142051,336938640.0,2.35,-1.95,-1.35,2.86
2020-12-09,000034,67.9,67.19,69.05,67.17,124470,293177808.0,2.77,-1.07,-0.73,2.5
2020-12-10,000034,66.6,65.87,67.14,65.68,143491,330158880.0,2.17,-1.96,-1.32,2.89
2020-12-11,000034,66.3,64.55,66.63,63.77,156707,351372768.0,4.34,-2.0,-1.32,3.15
2020-12-14,000034,64.53,64.89,65.28,63.68,92810,208133333.0,2.48,0.53,0.34,1.87
2020-12-15,000034,65.17,65.14,65.93,64.92,87902,199160683.0,1.56,0.39,0.25,1.77
2020-12-16,000034,65.17,63.01,65.17,62.81,154702,340841824.0,3.62,-3.27,-2.13,3.11
2020-12-17,000034,62.39,63.68,63.79,61.41,130518,283201952.0,3.78,1.06,0.67,2.62
2020-12-18,000034,63.65,62.45,64.16,62.28,109229,238618095.0,2.95,-1.93,-1.23,2.2
2020-12-21,000034,62.53,62.81,63.91,62.14,109314,238722533.0,2.83,0.58,0.36,2.2
2020-12-22,000034,62.45,59.44,62.47,59.33,230548,483394640.0,5.0,-5.37,-3.37,4.64
2020-12-23,000034,58.85,58.71,59.55,58.32,147264,299517472.0,2.07,-1.23,-0.73,2.96
2020-12-24,000034,58.68,56.85,58.85,56.6,144454,286848960.0,3.83,-3.17,-1.86,2.9
2020-12-25,000034,57.42,60.68,61.94,56.97,251846,520872256.0,8.74,6.74,3.83,5.06
2020-12-28,000034,60.7,61.21,61.55,58.91,190013,398570992.0,4.35,0.87,0.53,3.82
2020-12-29,000034,60.79,61.86,64.24,60.79,170243,370777200.0,5.64,1.06,0.65,3.42
2020-12-30,000034,61.88,61.35,62.5,60.76,101959,216281144.0,2.81,-0.82,-0.51,2.05
2020-12-31,000034,61.55,61.97,63.37,61.38,105723,228200708.0,3.24,1.01,0.62,2.13
2021-01-04,000034,64.27,63.06,65.54,62.95,183938,408515200.0,4.18,1.76,1.09,3.7
2021-01-05,000034,64.27,63.91,64.86,63.2,150588,333996976.0,2.63,1.35,0.85,3.03
2021-01-06,000034,63.49,61.83,63.49,60.68,174852,374001072.0,4.4,-3.25,-2.08,3.52
2021-01-07,000034,61.29,59.72,61.8,59.27,140686,292562976.0,4.09,-3.41,-2.11,2.83
2021-01-08,000034,59.72,61.1,61.66,59.19,130191,274640128.0,4.14,2.31,1.38,2.62
2021-01-11,000034,60.68,59.92,61.72,59.55,116700,244769643.0,3.55,-1.93,-1.18,2.35
2021-01-12,000034,59.95,60.11,60.42,58.71,114701,236380571.0,2.85,0.32,0.19,2.31
2021-01-13,000034,60.06,58.93,60.28,58.62,113429,231799921.0,2.76,-1.96,-1.18,2.28
2021-01-14,000034,58.96,59.97,60.82,57.87,117272,241005450.0,5.01,1.76,1.04,2.36
2021-01-15,000034,60.0,58.43,60.09,58.12,105129,213879768.0,3.28,-2.57,-1.54,2.11
2021-01-18,000034,57.95,59.72,60.17,57.67,114784,235740987.0,4.28,2.21,1.29,2.31
2021-01-19,000034,59.97,58.43,59.97,58.32,106592,217182617.0,2.76,-2.16,-1.29,2.14
2021-01-20,000034,58.48,57.89,58.57,57.59,89929,179973256.0,1.68,-0.92,-0.54,1.81
2021-01-21,000034,58.37,58.54,59.21,57.89,99141,201424229.0,2.28,1.12,0.65,1.99
2021-01-22,000034,58.54,57.47,58.54,57.02,110749,219572666.0,2.6,-1.83,-1.07,2.23
2021-01-25,000034,57.16,55.62,57.59,55.53,117421,228039133.0,3.58,-3.22,-1.85,2.36
2021-01-26,000034,55.48,54.33,56.26,54.21,113033,214468150.0,3.69,-2.32,-1.29,2.27
2021-01-27,000034,54.38,54.89,55.62,53.76,90952,172172800.0,3.42,1.03,0.56,1.83
2021-01-28,000034,54.24,52.84,55.2,52.67,92790,171825967.0,4.61,-3.73,-2.05,1.87
2021-01-29,000034,53.43,51.54,53.62,50.93,113874,202530175.0,5.09,-2.46,-1.3,2.29
2021-02-01,000034,51.54,51.66,52.19,50.53,77513,137042195.0,3.22,0.23,0.12,1.56
2021-02-02,000034,51.77,52.39,52.61,51.21,68895,123671796.0,2.71,1.41,0.73,1.39
2021-02-03,000034,52.25,51.12,52.47,50.98,71028,126076374.0,2.84,-2.42,-1.27,1.43
2021-02-04,000034,50.95,49.47,51.12,48.54,101113,172238805.0,5.05,-3.23,-1.65,2.03
2021-02-05,000034,49.35,48.37,50.7,48.14,74919,127354775.0,5.17,-2.22,-1.1,1.51
2021-02-08,000034,48.14,48.99,49.66,47.7,65408,109671998.0,4.05,1.28,0.62,1.31
2021-02-09,000034,48.76,49.24,49.44,47.92,81944,137484705.0,3.1,0.51,0.25,1.65
2021-02-10,000034,49.16,50.45,50.79,48.71,98758,170188653.0,4.22,2.46,1.21,1.99
2021-02-18,000034,51.04,53.96,54.8,51.04,155167,285443568.0,7.45,6.96,3.51,3.12
2021-02-19,000034,54.13,54.41,54.55,52.81,107675,199401649.0,3.22,0.83,0.45,2.16
2021-02-22,000034,54.38,53.74,55.48,53.71,121884,230053593.0,3.25,-1.23,-0.67,2.45
2021-02-23,000034,53.6,52.75,54.02,52.39,73379,133953436.0,3.03,-1.84,-0.99,1.48
2021-02-24,000034,52.92,53.34,54.66,52.53,89917,166418308.0,4.04,1.12,0.59,1.81
2021-02-25,000034,53.29,52.16,53.76,51.77,80168,144562813.0,3.73,-2.21,-1.18,1.61
2021-02-26,000034,51.15,51.49,52.67,50.9,57621,102730985.0,3.39,-1.28,-0.67,1.16
2021-03-01,000034,52.27,53.62,54.16,51.97,90492,166451841.0,4.25,4.14,2.13,1.82
2021-03-02,000034,54.07,53.37,54.38,52.98,64924,119452347.0,2.61,-0.47,-0.25,1.31
2021-03-03,000034,53.68,53.54,53.93,53.03,71240,131309403.0,1.69,0.32,0.17,1.43
2021-03-04,000034,53.37,53.99,54.64,53.09,106647,198474542.0,2.9,0.84,0.45,2.14
2021-03-05,000034,53.62,54.27,54.64,53.29,80376,150113163.0,2.5,0.52,0.28,1.62
2021-03-08,000034,54.66,53.6,55.23,53.48,99186,185890784.0,3.22,-1.23,-0.67,1.99
2021-03-09,000034,53.54,51.18,53.54,50.25,106017,189268905.0,6.14,-4.51,-2.42,2.13
2021-03-10,000034,51.52,49.1,51.91,48.9,108864,186476002.0,5.88,-4.06,-2.08,2.19
2021-03-11,000034,49.02,49.44,49.86,48.57,91789,155205710.0,2.63,0.69,0.34,1.85
2021-03-12,000034,49.89,48.93,49.91,48.48,67883,114297464.0,2.89,-1.03,-0.51,1.36
2021-03-15,000034,49.02,48.34,49.16,48.12,57143,95363496.0,2.13,-1.21,-0.59,1.15
2021-03-16,000034,48.62,49.32,49.41,48.37,64151,108047286.0,2.15,2.03,0.98,1.29
2021-03-17,000034,49.41,49.47,50.0,48.73,54325,92333993.0,2.58,0.3,0.15,1.09
2021-03-18,000034,49.61,49.18,49.77,49.13,43366,73528590.0,1.29,-0.59,-0.29,0.87
2021-03-19,000034,48.9,48.96,49.52,48.54,42745,72062111.0,1.99,-0.45,-0.22,0.86
2021-03-22,000034,48.93,49.52,49.77,48.73,41543,70385602.0,2.12,1.14,0.56,0.84
2021-03-23,000034,49.44,50.06,50.5,49.32,64335,110494161.0,2.38,1.09,0.54,1.29
2021-03-24,000034,49.72,50.34,50.7,49.52,63507,109624360.0,2.36,0.56,0.28,1.28
2021-03-25,000034,50.34,50.0,50.53,49.49,53213,91404387.0,2.07,-0.68,-0.34,1.07
2021-03-26,000034,50.0,50.14,50.28,49.58,50443,86663907.0,1.4,0.28,0.14,1.01
2021-03-29,000034,50.25,50.08,51.18,50.06,50235,87455933.0,2.23,-0.12,-0.06,1.01
2021-03-30,000034,50.0,48.96,50.06,48.57,79324,133945402.0,2.98,-2.24,-1.12,1.59
2021-03-31,000034,49.72,53.68,53.68,49.66,219335,395456368.0,8.21,9.64,4.72,4.41
2021-04-01,000034,54.78,53.03,54.78,52.81,187863,346636192.0,3.67,-1.21,-0.65,3.78
2021-04-02,000034,53.17,52.25,53.93,52.11,115431,210284494.0,3.43,-1.47,-0.78,2.32
2021-04-06,000034,53.03,52.84,53.65,52.61,81019,148305163.0,1.99,1.13,0.59,1.63
2021-04-07,000034,52.81,52.44,52.92,52.11,77670,140098646.0,1.53,-0.76,-0.4,1.56
2021-04-08,000034,52.47,51.99,52.58,51.68,60208,108114082.0,1.72,-0.86,-0.45,1.21
2021-04-09,000034,51.97,51.4,52.13,51.26,62092,110184418.0,1.67,-1.13,-0.59,1.25
2021-04-12,000034,51.32,51.49,52.39,50.76,71175,126289507.0,3.17,0.18,0.09,1.43
2021-04-13,000034,51.94,51.43,53.26,50.95,103153,185259922.0,4.49,-0.12,-0.06,2.07
2021-04-14,000034,51.15,51.01,51.4,49.3,77252,134089352.0,4.08,-0.82,-0.42,1.55
2021-04-15,000034,50.81,50.53,51.01,50.03,55103,95493478.0,1.92,-0.94,-0.48,1.11
2021-04-16,000034,50.34,51.6,51.85,50.11,65100,114736742.0,3.44,2.12,1.07,1.31
2021-04-19,000034,51.8,52.67,52.67,51.71,81477,146806623.0,1.86,2.07,1.07,1.64
2021-04-20,000034,52.33,51.54,52.61,51.43,73040,130932690.0,2.24,-2.15,-1.13,1.47
2021-04-21,000034,51.15,50.95,51.35,50.7,48703,85457896.0,1.26,-1.14,-0.59,0.98
2021-04-22,000034,51.54,52.22,52.67,51.26,91422,163725476.0,2.77,2.49,1.27,1.84
2021-04-23,000034,52.16,50.39,52.16,50.08,111591,194822320.0,3.98,-3.5,-1.83,2.24
2021-04-26,000034,50.56,50.14,50.73,50.06,61780,107082719.0,1.33,-0.5,-0.25,1.24
2021-04-27,000034,50.0,49.8,50.11,49.1,57248,97545827.0,2.01,-0.68,-0.34,1.15
2021-04-28,000034,50.53,50.62,51.26,50.2,55025,95918174.0,2.13,1.65,0.82,1.11
2021-04-29,000034,50.25,50.2,50.7,49.86,40821,70629800.0,1.66,-0.83,-0.42,0.82
2021-04-30,000034,50.39,49.69,50.61,49.43,50564,85896397.0,2.35,-1.02,-0.51,1.02
2021-05-06,000034,49.69,49.69,50.22,49.35,38357,64782032.0,1.75,0.0,0.0,0.77
2021-05-07,000034,48.28,48.82,49.32,48.06,59921,99464472.0,2.54,-1.75,-0.87,1.2
2021-05-10,000034,48.99,48.7,49.29,48.4,41892,69414099.0,1.82,-0.25,-0.12,0.84
2021-05-11,000034,48.48,49.24,49.55,48.11,49528,81987804.0,2.96,1.11,0.54,1.0
2021-05-12,000034,48.84,50.02,50.39,48.56,56111,95040036.0,3.72,1.58,0.78,1.13
2021-05-13,000034,49.63,49.6,50.47,49.38,49009,83174029.0,2.18,-0.84,-0.42,0.99
2021-05-14,000034,49.6,51.37,51.94,49.38,111504,192910942.0,5.16,3.57,1.77,2.24
2021-05-17,000034,51.09,50.39,51.09,50.31,77034,133025740.0,1.52,-1.91,-0.98,1.55
2021-05-18,000034,50.42,50.36,50.64,50.08,40232,68904220.0,1.11,-0.06,-0.03,0.81
2021-05-19,000034,50.11,50.25,50.92,49.83,49389,84565660.0,2.16,-0.22,-0.11,0.99
2021-05-20,000034,49.97,49.74,50.42,49.49,50784,86099273.0,1.85,-1.01,-0.51,1.02
2021-05-21,000034,49.88,49.58,50.22,49.55,31807,53836506.0,1.35,-0.32,-0.16,0.64
2021-05-24,000034,49.58,51.65,51.77,49.38,134258,233558543.0,4.82,4.18,2.07,2.7
2021-05-25,000034,51.63,52.1,52.47,51.29,126904,224387811.0,2.28,0.87,0.45,2.55
2021-05-26,000034,52.33,51.91,53.17,51.79,110465,197032589.0,2.65,-0.36,-0.19,2.22
2021-05-27,000034,51.65,52.27,52.61,51.6,75882,135428082.0,1.95,0.69,0.36,1.53
2021-05-28,000034,52.33,53.14,53.14,51.68,121666,218008589.0,2.79,1.66,0.87,2.45
2021-05-31,000034,53.42,52.95,53.73,52.5,102153,185077998.0,2.31,-0.36,-0.19,2.05
2021-06-01,000034,53.0,52.95,53.28,52.44,76855,138554477.0,1.59,0.0,0.0,1.54
2021-06-02,000034,53.03,51.6,53.17,51.37,80510,142615443.0,3.4,-2.55,-1.35,1.61
2021-06-03,000034,51.94,53.17,55.56,51.71,195962,360939616.0,7.46,3.04,1.57,3.93
2021-06-04,000034,52.75,52.33,53.48,52.13,113002,202408481.0,2.54,-1.58,-0.84,2.27
2021-06-07,000034,52.22,52.75,53.31,52.02,102909,184886398.0,2.47,0.8,0.42,2.06
2021-06-08,000034,53.17,52.92,53.96,52.44,130003,235836199.0,2.88,0.32,0.17,2.61
2021-06-09,000034,52.5,52.16,53.14,51.82,92410,165021081.0,2.49,-1.44,-0.76,1.85
2021-06-10,000034,52.13,57.16,57.16,51.99,403484,771096288.0,9.91,9.59,5.0,8.09
2021-06-11,000034,57.22,58.48,59.1,56.71,514123,1021046320.0,4.18,2.31,1.32,10.31
2021-06-15,000034,57.84,57.27,58.06,55.81,248030,483595968.0,3.85,-2.07,-1.21,4.97
2021-06-16,000034,57.13,55.05,57.19,54.8,216218,411773296.0,4.17,-3.88,-2.22,4.34
2021-06-17,000034,55.48,56.71,56.91,54.86,196938,376929440.0,3.72,3.02,1.66,3.95
2021-06-18,000034,56.35,56.63,57.64,55.36,186311,360394720.0,4.02,-0.14,-0.08,3.74
2021-06-21,000034,55.62,56.63,57.41,55.59,140966,271762448.0,3.21,0.0,0.0,2.83
2021-06-22,000034,57.25,55.95,57.39,55.39,129682,248762649.0,3.53,-1.2,-0.68,2.6
2021-06-23,000034,55.95,56.52,56.88,54.86,144437,276636208.0,3.61,1.02,0.57,2.9
2021-06-24,000034,56.12,55.22,56.15,55.03,108353,205452331.0,1.98,-2.3,-1.3,2.17
2021-06-25,000034,54.86,58.34,58.65,54.86,298817,588037712.0,6.86,5.65,3.12,5.99
2021-06-28,000034,58.12,57.3,58.12,56.63,195587,382751040.0,2.55,-1.78,-1.04,3.92
2021-06-29,000034,57.3,60.76,62.81,57.13,603985,1267105824.0,9.91,6.04,3.46,12.11
2021-06-30,000034,60.53,63.6,65.53,60.34,544908,1186062032.0,8.54,4.67,2.84,10.92
2021-07-01,000034,65.06,59.47,65.06,59.24,377134,795470608.0,9.15,-6.49,-4.13,7.56
2021-07-02,000034,60.34,65.2,65.2,57.86,545186,1167188256.0,12.34,9.64,5.73,10.93
2021-07-05,000034,65.25,66.91,67.05,63.4,614221,1378903696.0,5.6,2.62,1.71,12.31
2021-07-06,000034,66.49,64.21,66.49,63.54,333767,740212016.0,4.41,-4.04,-2.7,6.69
2021-07-07,000034,63.17,63.54,64.05,61.6,224561,486594704.0,3.82,-1.04,-0.67,4.5
2021-07-08,000034,62.95,64.58,65.06,61.21,307818,670710992.0,6.06,1.64,1.04,6.17
2021-07-09,000034,63.57,62.75,64.3,62.13,195964,425365824.0,3.36,-2.83,-1.83,3.93
2021-07-12,000034,63.37,63.99,64.47,62.05,228184,497084144.0,3.86,1.98,1.24,4.57
2021-07-13,000034,64.13,61.46,65.87,60.79,311043,669009600.0,7.94,-3.95,-2.53,6.23
2021-07-14,000034,61.21,58.4,61.21,58.2,287489,581044992.0,4.9,-4.98,-3.06,5.76
2021-07-15,000034,56.54,52.83,56.94,52.78,473924,865406512.0,7.12,-9.54,-5.57,9.5
2021-07-16,000034,52.78,52.3,53.4,52.22,180380,324194944.0,2.23,-1.0,-0.53,3.62
2021-07-19,000034,52.1,53.17,53.17,50.56,153133,270543184.0,4.99,1.66,0.87,3.07
2021-07-20,000034,52.3,52.47,53.06,51.91,92570,165186810.0,2.16,-1.32,-0.7,1.86
2021-07-21,000034,52.53,52.83,53.54,52.5,111060,200830561.0,1.98,0.69,0.36,2.23
2021-07-22,000034,52.83,51.79,52.83,51.37,126885,224726591.0,2.76,-1.97,-1.04,2.54
2021-07-23,000034,51.65,50.73,52.55,50.67,125008,218328289.0,3.63,-2.05,-1.06,2.51
2021-07-26,000034,50.56,49.41,50.56,48.99,121544,205106175.0,3.09,-2.6,-1.32,2.44
2021-07-27,000034,49.41,50.0,50.78,49.29,117916,201352815.0,3.02,1.19,0.59,2.36
2021-07-28,000034,49.97,49.32,49.97,48.2,73846,123115766.0,3.54,-1.36,-0.68,1.48
2021-07-29,000034,50.19,52.3,53.9,50.19,251378,449099344.0,7.52,6.04,2.98,5.04
2021-07-30,000034,53.51,54.89,55.34,51.94,283318,521686240.0,6.5,4.95,2.59,5.68
2021-08-02,000034,53.34,52.38,53.62,51.35,278814,496484992.0,4.14,-4.57,-2.51,5.59
2021-08-03,000034,52.3,52.36,53.14,51.74,122607,218705232.0,2.67,-0.04,-0.02,2.46
2021-08-04,000034,52.24,52.22,52.44,51.74,82903,147032771.0,1.34,-0.27,-0.14,1.66
2021-08-05,000034,52.44,50.81,52.47,50.67,107133,187397801.0,3.45,-2.7,-1.41,2.15
2021-08-06,000034,51.12,51.32,51.88,50.05,66481,115652185.0,3.6,1.0,0.51,1.33
2021-08-09,000034,51.26,51.37,51.79,50.56,60485,105467426.0,2.4,0.1,0.05,1.21
2021-08-10,000034,51.37,50.98,51.51,50.73,73800,128194927.0,1.52,-0.76,-0.39,1.48
2021-08-11,000034,50.84,50.31,50.9,50.22,78285,134630512.0,1.33,-1.31,-0.67,1.57
2021-08-12,000034,50.33,50.76,51.37,50.33,71604,124079013.0,2.07,0.89,0.45,1.44
2021-08-13,000034,50.98,50.14,50.98,49.97,79948,136826921.0,1.99,-1.22,-0.62,1.6
2021-08-16,000034,50.17,49.77,50.17,49.43,58263,98662063.0,1.48,-0.74,-0.37,1.17
2021-08-17,000034,49.63,49.43,50.33,49.18,78884,133238484.0,2.31,-0.68,-0.34,1.58
2021-08-18,000034,49.43,49.46,49.52,49.01,59278,99292568.0,1.03,0.06,0.03,1.19
2021-08-19,000034,49.63,49.74,50.45,49.49,64175,109333135.0,1.94,0.57,0.28,1.29
2021-08-20,000034,49.43,49.38,49.69,48.93,60417,100952954.0,1.53,-0.72,-0.36,1.21
2021-08-23,000034,49.27,49.72,49.83,49.18,51324,86577757.0,1.32,0.69,0.34,1.03
2021-08-24,000034,49.69,50.0,50.33,49.6,57048,97134410.0,1.47,0.56,0.28,1.14
2021-08-25,000034,49.86,49.32,49.86,49.1,70111,117407234.0,1.52,-1.36,-0.68,1.4
2021-08-26,000034,49.18,48.9,49.49,48.84,52335,87182346.0,1.32,-0.85,-0.42,1.05
2021-08-27,000034,48.65,48.59,48.93,47.83,86627,141791600.0,2.25,-0.63,-0.31,1.73
2021-08-30,000034,47.95,47.13,48.37,45.61,123478,196522513.0,5.68,-3.0,-1.46,2.47
2021-08-31,000034,46.54,46.57,46.96,46.04,63567,99995505.0,1.95,-1.19,-0.56,1.27
2021-09-01,000034,46.57,47.38,47.61,46.32,62338,99466776.0,2.77,1.74,0.81,1.25
2021-09-02,000034,47.47,47.16,47.66,46.91,42387,67791387.0,1.58,-0.46,-0.22,0.85
2021-09-03,000034,47.16,48.28,49.04,47.13,77141,126076132.0,4.05,2.37,1.12,1.54
2021-09-06,000034,48.84,49.01,49.43,48.28,66993,111557686.0,2.38,1.51,0.73,1.34
2021-09-07,000034,49.07,48.68,49.15,48.34,52417,86517382.0,1.65,-0.67,-0.33,1.05
2021-09-08,000034,48.84,48.99,49.07,48.45,55425,91787839.0,1.27,0.64,0.31,1.11
2021-09-09,000034,48.93,48.34,48.93,48.31,50794,83657832.0,1.27,-1.33,-0.65,1.02
2021-09-10,000034,48.34,48.54,48.82,48.03,50112,82471395.0,1.63,0.41,0.2,1.0
2021-09-13,000034,48.54,47.52,48.54,47.44,67383,109466351.0,2.27,-2.1,-1.02,1.35
2021-09-14,000034,47.52,49.35,50.95,47.33,163406,275008672.0,7.62,3.85,1.83,3.27
2021-09-15,000034,49.41,47.89,49.46,47.83,75125,123915439.0,3.3,-2.96,-1.46,1.5
2021-09-16,000034,47.83,47.24,48.17,47.19,59480,95962420.0,2.05,-1.36,-0.65,1.19
2021-09-17,000034,47.24,46.54,47.38,45.92,65571,103155731.0,3.09,-1.48,-0.7,1.31
2021-09-22,000034,46.48,46.04,46.48,45.84,36532,57003663.0,1.38,-1.07,-0.5,0.73
2021-09-23,000034,46.18,46.99,47.55,46.15,52629,84009904.0,3.04,2.06,0.95,1.05
2021-09-24,000034,47.38,46.88,47.83,46.71,49440,79175398.0,2.38,-0.23,-0.11,0.99
2021-09-27,000034,47.44,46.12,47.44,46.04,50719,79896328.0,2.99,-1.62,-0.76,1.02
2021-09-28,000034,46.01,46.18,46.6,45.81,23009,36037173.0,1.71,0.13,0.06,0.46
2021-09-29,000034,46.01,45.08,46.15,44.94,38456,59113356.0,2.62,-2.38,-1.1,0.77
2021-09-30,000034,45.08,45.42,45.42,44.8,19581,30017102.0,1.38,0.75,0.34,0.39
2021-10-08,000034,45.39,45.89,46.18,45.39,20201,31396016.0,1.74,1.03,0.47,0.4
2021-10-11,000034,45.87,45.92,46.2,45.78,24780,38597819.0,0.92,0.07,0.03,0.5
2021-10-12,000034,45.92,45.14,46.15,45.02,30294,46627832.0,2.46,-1.7,-0.78,0.61
2021-10-13,000034,45.3,45.36,45.61,44.94,23921,36627868.0,1.48,0.49,0.22,0.48
2021-10-14,000034,45.5,45.25,45.61,44.83,22030,33746270.0,1.72,-0.24,-0.11,0.44
2021-10-15,000034,46.04,45.33,46.26,45.3,35014,54236430.0,2.12,0.18,0.08,0.7
2021-10-18,000034,44.94,44.86,45.16,44.43,36390,55060274.0,1.61,-1.04,-0.47,0.73
2021-10-19,000034,44.77,44.83,45.05,44.74,25820,39187838.0,0.69,-0.07,-0.03,0.52
2021-10-20,000034,45.33,45.08,45.75,44.91,41432,63519636.0,1.87,0.56,0.25,0.83
2021-10-21,000034,44.91,44.1,44.94,44.04,51513,77387246.0,2.0,-2.17,-0.98,1.03
2021-10-22,000034,44.74,44.49,45.33,44.35,42856,64958003.0,2.22,0.88,0.39,0.86
2021-10-25,000034,44.32,44.21,44.49,43.67,32948,48967954.0,1.84,-0.63,-0.28,0.66
2021-10-26,000034,44.21,45.0,45.67,43.96,64195,97334622.0,3.87,1.79,0.79,1.28
2021-10-27,000034,44.97,44.15,44.97,44.01,32147,48101370.0,2.13,-1.89,-0.85,0.64
2021-10-28,000034,44.15,44.07,44.63,44.04,36065,53950140.0,1.34,-0.18,-0.08,0.67
2021-10-29,000034,44.1,44.07,44.35,43.98,26431,39464704.0,0.84,0.0,0.0,0.49
2021-11-01,000034,44.1,44.35,44.57,43.93,28714,43004785.0,1.45,0.64,0.28,0.53
2021-11-02,000034,44.49,44.18,44.49,43.67,40290,60175278.0,1.85,-0.38,-0.17,0.75
2021-11-03,000034,44.18,44.29,44.43,43.87,19197,28725356.0,1.27,0.25,0.11,0.36
2021-11-04,000034,44.6,45.16,45.53,44.6,60854,92944771.0,2.1,1.96,0.87,1.13
2021-11-05,000034,44.86,46.04,46.46,44.86,73047,113556754.0,3.54,1.95,0.88,1.35
2021-11-08,000034,46.26,45.87,46.26,45.19,43192,66961105.0,2.32,-0.37,-0.17,0.8
2021-11-09,000034,45.89,46.01,46.18,45.56,36477,56708614.0,1.35,0.31,0.14,0.68
2021-11-10,000034,45.84,46.04,46.43,45.64,38840,60502589.0,1.72,0.07,0.03,0.72
2021-11-11,000034,45.98,45.7,46.04,45.42,46320,71748996.0,1.35,-0.74,-0.34,0.86
2021-11-12,000034,45.61,45.98,46.46,45.53,45189,70469788.0,2.04,0.61,0.28,0.84
2021-11-15,000034,46.09,47.38,47.69,46.09,84174,134680328.0,3.48,3.04,1.4,1.56
2021-11-16,000034,47.36,47.07,47.89,46.99,71600,115271257.0,1.9,-0.65,-0.31,1.33
2021-11-17,000034,46.93,47.07,47.33,46.6,40723,64740358.0,1.55,0.0,0.0,0.76
2021-11-18,000034,47.05,46.12,47.16,46.12,48611,76642853.0,2.21,-2.02,-0.95,0.9
2021-11-19,000034,46.26,46.29,46.57,45.78,37294,58409595.0,1.71,0.37,0.17,0.69
2021-11-22,000034,46.04,46.32,46.43,45.98,29233,45844631.0,0.97,0.06,0.03,0.54
2021-11-23,000034,46.34,45.84,46.4,45.61,47918,74468332.0,1.71,-1.04,-0.48,0.89
2021-11-24,000034,45.73,45.73,46.15,45.53,29521,45809508.0,1.35,-0.24,-0.11,0.55
2021-11-25,000034,45.75,45.81,46.09,45.75,26193,40727919.0,0.74,0.17,0.08,0.49
2021-11-26,000034,45.87,45.64,46.01,45.14,52352,80691850.0,1.9,-0.37,-0.17,0.97
2021-11-29,000034,45.19,45.22,45.56,44.69,42282,64506098.0,1.91,-0.92,-0.42,0.78
2021-11-30,000034,45.33,46.37,46.68,45.22,62951,98613927.0,3.23,2.54,1.15,1.17
2021-12-01,000034,46.6,47.27,47.72,46.2,80449,128724944.0,3.28,1.94,0.9,1.49
2021-12-02,000034,47.36,46.4,47.38,46.18,59149,93586936.0,2.54,-1.84,-0.87,1.1
2021-12-03,000034,46.65,46.68,47.16,46.51,39117,62058103.0,1.4,0.6,0.28,0.73
2021-12-06,000034,46.96,46.26,47.02,46.18,51620,81400847.0,1.8,-0.9,-0.42,0.96
2021-12-07,000034,46.23,45.98,46.68,45.84,34001,53170944.0,1.82,-0.61,-0.28,0.63
2021-12-08,000034,46.2,46.12,46.2,45.67,42403,65987655.0,1.15,0.3,0.14,0.79
2021-12-09,000034,45.95,46.12,46.4,45.89,39163,61277542.0,1.11,0.0,0.0,0.73
2021-12-10,000034,45.98,45.73,46.09,45.67,39266,60959894.0,0.91,-0.85,-0.39,0.73
2021-12-13,000034,45.67,45.7,45.95,45.64,29171,45246984.0,0.68,-0.07,-0.03,0.54
2021-12-14,000034,45.7,45.81,45.92,45.53,29331,45461587.0,0.85,0.24,0.11,0.54
2021-12-15,000034,45.75,45.78,46.29,45.61,37470,58351457.0,1.48,-0.07,-0.03,0.69
2021-12-16,000034,45.7,46.15,46.18,45.61,42190,65621692.0,1.25,0.81,0.37,0.78
2021-12-17,000034,46.04,45.89,46.88,45.89,56792,89014594.0,2.15,-0.56,-0.26,1.05
2021-12-20,000034,45.73,45.28,45.78,44.63,61603,94168654.0,2.51,-1.33,-0.61,1.14
2021-12-21,000034,45.33,45.45,45.45,44.97,33855,51863520.0,1.06,0.38,0.17,0.63
2021-12-22,000034,45.56,49.77,49.77,45.5,316313,522673680.0,9.39,9.5,4.32,5.87
2021-12-23,000034,49.77,48.2,49.77,47.97,270560,446898000.0,3.62,-3.15,-1.57,5.02
2021-12-24,000034,48.45,46.43,48.45,46.26,143544,229327824.0,4.54,-3.67,-1.77,2.66
2021-12-27,000034,46.6,46.2,46.82,45.87,93962,146882779.0,2.05,-0.5,-0.23,1.74
2021-12-28,000034,46.4,46.37,46.68,46.15,85072,133852292.0,1.15,0.37,0.17,1.58
2021-12-29,000034,46.2,46.51,47.05,45.53,93826,147205658.0,3.28,0.3,0.14,1.74
2021-12-30,000034,46.48,46.48,47.02,46.32,80832,127939337.0,1.51,-0.06,-0.03,1.5
2021-12-31,000034,46.57,46.68,47.13,46.29,83469,132319190.0,1.81,0.43,0.2,1.55
2022-01-04,000034,46.82,47.64,47.83,46.74,105715,169991070.0,2.34,2.06,0.96,1.96
2022-01-05,000034,48.14,48.34,49.41,47.5,164107,268396110.0,4.01,1.47,0.7,3.04
2022-01-06,000034,48.06,48.14,48.84,47.44,117746,192766036.0,2.9,-0.41,-0.2,2.18
2022-01-07,000034,47.89,48.0,48.99,47.75,106350,175026816.0,2.58,-0.29,-0.14,1.97
2022-01-10,000034,48.28,47.97,48.28,46.82,82654,133971886.0,3.04,-0.06,-0.03,1.53
2022-01-11,000034,48.0,47.22,48.76,47.13,84778,137027376.0,3.4,-1.56,-0.75,1.57
2022-01-12,000034,47.3,47.36,47.89,47.16,58449,94157077.0,1.55,0.3,0.14,1.08
2022-01-13,000034,46.82,46.82,48.0,46.74,91787,147223042.0,2.66,-1.14,-0.54,1.7
2022-01-14,000034,46.34,46.37,47.16,46.09,63961,101134567.0,2.29,-0.96,-0.45,1.19
2022-01-17,000034,46.82,50.78,50.78,46.74,443946,755710576.0,8.71,9.51,4.41,8.24
2022-01-18,000034,55.64,54.18,55.64,53.28,822533,1546940272.0,4.65,6.7,3.4,15.26
2022-01-19,000034,54.18,54.24,55.87,53.71,481696,896028912.0,3.99,0.11,0.06,8.94
2022-01-20,000034,53.62,55.87,58.12,53.06,574408,1098574240.0,9.33,3.01,1.63,10.66
2022-01-21,000034,54.69,55.19,57.55,54.41,355653,676903824.0,5.62,-1.22,-0.68,6.6
2022-01-24,000034,54.91,54.83,56.99,54.46,229287,435519536.0,4.58,-0.65,-0.36,4.25
2022-01-25,000034,53.96,51.71,54.8,51.26,303812,542988128.0,6.46,-5.69,-3.12,5.64
2022-01-26,000034,52.58,49.27,52.95,48.9,234750,400482096.0,7.83,-4.72,-2.44,4.36
2022-01-27,000034,49.18,45.61,49.49,45.5,237147,376314192.0,8.1,-7.43,-3.66,4.4
2022-01-28,000034,45.67,44.46,46.26,44.24,197760,301832272.0,4.43,-2.52,-1.15,3.67
2022-02-07,000034,45.47,44.91,45.61,44.24,133231,201860862.0,3.08,1.01,0.45,2.47
2022-02-08,000034,44.88,44.97,45.11,43.76,190597,286560368.0,3.01,0.13,0.06,3.54
2022-02-09,000034,44.97,47.41,47.5,44.77,276897,435651296.0,6.07,5.43,2.44,5.14
2022-02-10,000034,47.16,47.07,47.69,46.48,183665,293055024.0,2.55,-0.72,-0.34,3.41
2022-02-11,000034,46.65,46.74,48.28,46.48,169439,272077552.0,3.82,-0.7,-0.33,3.14
2022-02-14,000034,46.23,46.65,46.74,45.14,92123,144226535.0,3.42,-0.19,-0.09,1.71
2022-02-15,000034,46.54,46.34,46.85,45.84,88048,137979656.0,2.17,-0.66,-0.31,1.63
2022-02-16,000034,46.88,46.15,47.38,45.95,95188,150029180.0,3.09,-0.41,-0.19,1.77
2022-02-17,000034,46.01,45.3,46.46,45.05,138246,214067357.0,3.06,-1.84,-0.85,2.56
2022-02-18,000034,46.74,48.17,48.31,46.32,286347,460992016.0,4.39,6.34,2.87,5.31
2022-02-21,000034,49.63,51.6,52.78,48.93,453481,779386400.0,7.99,7.12,3.43,8.41
2022-02-22,000034,50.25,50.02,51.01,49.38,283275,482842656.0,3.16,-3.06,-1.58,5.25
2022-02-23,000034,50.05,51.01,51.46,49.43,221522,380697376.0,4.06,1.98,0.99,4.11
2022-02-24,000034,50.7,48.34,51.65,47.44,248412,416441440.0,8.25,-5.23,-2.67,4.61
2022-02-25,000034,49.13,48.84,49.66,48.42,132537,220895454.0,2.57,1.03,0.5,2.46
2022-02-28,000034,48.84,47.92,49.21,47.33,166150,270592112.0,3.85,-1.88,-0.92,3.08
2022-03-01,000034,48.0,47.64,48.25,47.16,138628,223968144.0,2.27,-0.58,-0.28,2.57
2022-03-02,000034,47.16,47.36,47.81,46.96,105447,169798940.0,1.78,-0.59,-0.28,1.96
2022-03-03,000034,47.55,46.79,47.72,46.4,127220,202604347.0,2.79,-1.2,-0.57,2.36
2022-03-04,000034,46.51,45.81,46.65,45.64,113895,178013463.0,2.16,-2.09,-0.98,2.11
2022-03-07,000034,45.75,44.97,46.26,44.69,125308,192353379.0,3.43,-1.83,-0.84,2.32
2022-03-08,000034,45.08,45.25,45.89,44.35,143935,220110763.0,3.42,0.62,0.28,2.67
2022-03-09,000034,45.0,43.96,45.14,42.05,207096,305398960.0,6.83,-2.85,-1.29,3.84
2022-03-10,000034,44.8,44.07,45.11,43.7,106173,159386667.0,3.21,0.25,0.11,1.97
2022-03-11,000034,43.23,43.98,44.12,42.38,100233,146543364.0,3.95,-0.2,-0.09,1.86
2022-03-14,000034,43.51,42.72,43.98,42.69,81270,118569313.0,2.93,-2.86,-1.26,1.51
2022-03-15,000034,42.72,40.11,42.72,40.08,118567,165931503.0,6.18,-6.11,-2.61,2.2
2022-03-16,000034,40.92,41.6,41.79,39.74,102479,141072158.0,5.11,3.71,1.49,1.9
2022-03-17,000034,41.79,41.9,42.61,41.79,83652,118940358.0,1.97,0.72,0.3,1.55
2022-03-18,000034,41.82,42.47,42.49,41.57,55161,78328917.0,2.2,1.36,0.57,1.02
2022-03-21,000034,42.33,41.85,42.64,41.54,68550,97081329.0,2.59,-1.46,-0.62,1.27
2022-03-22,000034,41.54,42.1,42.49,41.48,55603,78950486.0,2.41,0.6,0.25,1.03
2022-03-23,000034,42.38,41.99,42.41,41.76,47041,66621953.0,1.54,-0.26,-0.11,0.87
2022-03-24,000034,41.85,41.03,41.9,40.84,62019,86104062.0,2.52,-2.29,-0.96,1.15
2022-03-25,000034,41.79,41.01,41.79,40.89,46202,64244890.0,2.19,-0.05,-0.02,0.86
2022-03-28,000034,40.7,41.57,41.76,40.16,66620,92471621.0,3.9,1.37,0.56,1.24
2022-03-29,000034,41.6,42.72,43.06,41.37,123997,177137272.0,4.07,2.77,1.15,2.3
2022-03-30,000034,42.66,42.66,42.92,42.1,81672,117230570.0,1.92,-0.14,-0.06,1.52
2022-03-31,000034,42.47,42.69,43.14,42.07,68531,98677532.0,2.51,0.07,0.03,1.27
2022-04-01,000034,42.41,44.86,46.74,42.16,225900,345540400.0,10.73,5.08,2.17,4.19
2022-04-06,000034,45.56,45.11,45.73,44.8,112602,172141535.0,2.07,0.56,0.25,2.09
2022-04-07,000034,44.86,43.23,45.05,43.23,78814,117642161.0,4.03,-4.17,-1.88,1.46
2022-04-08,000034,45.16,43.76,45.16,43.0,80469,119233082.0,5.0,1.23,0.53,1.49
2022-04-11,000034,43.39,44.88,46.37,43.31,197445,300504896.0,6.99,2.56,1.12,3.67
2022-04-12,000034,44.91,46.26,47.05,44.91,191135,298922544.0,4.77,3.07,1.38,3.55
2022-04-13,000034,45.98,45.11,47.07,45.08,121442,190034250.0,4.3,-2.49,-1.15,2.25
2022-04-14,000034,45.47,45.47,46.26,45.28,77420,120109978.0,2.17,0.8,0.36,1.44
2022-04-15,000034,44.8,43.73,45.05,43.23,129094,191218300.0,4.0,-3.83,-1.74,2.4
2022-04-18,000034,43.39,44.32,45.11,41.57,118557,175121009.0,8.1,1.35,0.59,2.2
2022-04-19,000034,44.71,44.01,45.42,43.79,80741,121029368.0,3.68,-0.7,-0.31,1.5
2022-04-20,000034,44.88,44.21,45.59,43.79,94785,143011922.0,4.09,0.45,0.2,1.76
2022-04-21,000034,43.82,42.07,44.24,42.05,79228,115250476.0,4.95,-4.84,-2.14,1.47
2022-04-22,000034,42.07,41.99,42.64,41.71,56721,80752159.0,2.21,-0.19,-0.08,1.05
2022-04-25,000034,40.98,38.98,41.37,38.79,89452,120511938.0,6.14,-7.17,-3.01,1.66
2022-04-26,000034,39.21,37.72,39.49,37.18,66251,85672033.0,5.93,-3.23,-1.26,1.23
2022-04-27,000034,37.35,39.38,39.4,37.21,54981,70672912.0,5.81,4.4,1.66,1.02
2022-04-28,000034,39.71,39.66,40.95,39.49,77563,104988268.0,3.71,0.71,0.28,1.44
2022-04-29,000034,40.13,40.87,41.01,39.52,78134,105933130.0,3.76,3.05,1.21,1.45
2022-05-05,000034,41.12,42.67,43.54,40.67,91073,128364700.0,7.02,4.4,1.8,1.69
2022-05-06,000034,41.8,44.8,45.73,41.52,144328,212533512.0,9.87,4.99,2.13,2.68
2022-05-09,000034,43.93,43.96,44.83,43.79,87540,129192329.0,2.32,-1.88,-0.84,1.63
2022-05-10,000034,43.62,44.61,44.83,43.4,104476,153623413.0,3.25,1.48,0.65,1.94
2022-05-11,000034,44.55,43.71,45.03,43.68,93850,139464793.0,3.03,-2.02,-0.9,1.74
2022-05-12,000034,43.46,43.99,44.61,43.46,50972,74863738.0,2.63,0.64,0.28,0.95
2022-05-13,000034,44.13,43.88,44.55,43.71,36469,53533931.0,1.91,-0.25,-0.11,0.68
2022-05-16,000034,43.88,44.3,44.49,43.68,60032,88469728.0,1.85,0.96,0.42,1.11
2022-05-17,000034,43.57,43.74,44.16,43.31,72012,104894863.0,1.92,-1.26,-0.56,1.34
2022-05-18,000034,44.05,44.55,45.17,44.02,87510,130238205.0,2.63,1.85,0.81,1.62
2022-05-19,000034,43.79,43.99,44.07,43.03,76322,110677054.0,2.33,-1.26,-0.56,1.42
2022-05-20,000034,44.19,44.35,44.49,44.07,49463,73123049.0,0.95,0.82,0.36,0.92
2022-05-23,000034,44.41,44.86,45.34,44.27,66159,99164611.0,2.41,1.15,0.51,1.23
2022-05-24,000034,44.86,43.4,45.51,43.37,83514,124296749.0,4.77,-3.25,-1.46,1.55
2022-05-25,000034,43.29,44.89,45.31,43.03,90387,134963681.0,5.25,3.43,1.49,1.68
2022-05-26,000034,44.94,44.97,45.34,44.16,72709,108805335.0,2.63,0.18,0.08,1.35
2022-05-27,000034,45.45,45.2,45.73,44.75,76375,115436490.0,2.18,0.51,0.23,1.42
2022-05-30,000034,45.11,44.27,45.11,43.68,97842,144091990.0,3.16,-2.06,-0.93,1.82
2022-05-31,000034,44.19,44.92,45.03,43.74,96204,142739697.0,2.91,1.47,0.65,1.79
2022-06-01,000034,44.64,44.52,45.14,44.24,75179,112187374.0,2.0,-0.89,-0.4,1.4
2022-06-02,000034,44.38,44.92,45.06,43.96,68680,102284084.0,2.47,0.9,0.4,1.28
2022-06-06,000034,44.97,46.21,46.63,44.75,120774,185700521.0,4.19,2.87,1.29,2.24
2022-06-07,000034,46.21,46.07,46.57,45.17,87832,134638677.0,3.03,-0.3,-0.14,1.63
2022-06-08,000034,46.27,47.42,48.65,46.12,214823,343919712.0,5.49,2.93,1.35,3.99
2022-06-09,000034,47.42,45.68,47.67,45.48,141382,219716051.0,4.62,-3.67,-1.74,2.63
2022-06-10,000034,45.23,45.96,46.1,45.14,73055,111892524.0,2.1,0.61,0.28,1.36
2022-06-13,000034,45.48,45.73,46.38,45.37,83143,127328016.0,2.2,-0.5,-0.23,1.54
2022-06-14,000034,45.31,45.37,45.42,44.1,85264,127526428.0,2.89,-0.79,-0.36,1.58
2022-06-15,000034,45.7,46.12,46.83,45.23,117709,181967201.0,3.53,1.65,0.75,2.19
2022-06-16,000034,46.15,46.74,47.81,45.87,109847,172788319.0,4.21,1.34,0.62,2.04
2022-06-17,000034,46.38,45.87,46.83,45.31,96136,147762904.0,3.25,-1.86,-0.87,1.78
2022-06-20,000034,45.59,45.65,46.18,45.31,80170,122521403.0,1.9,-0.48,-0.22,1.49
2022-06-21,000034,45.68,45.84,46.52,45.31,80231,123497538.0,2.65,0.42,0.19,1.49
2022-06-22,000034,45.84,44.38,46.07,44.35,93380,140221728.0,3.75,-3.18,-1.46,1.73
2022-06-23,000034,44.41,45.11,45.17,44.33,55514,83112564.0,1.89,1.64,0.73,1.03
2022-06-24,000034,45.42,45.56,46.18,45.28,76928,117576403.0,2.0,1.0,0.45,1.43
2022-06-27,000034,46.01,45.39,46.01,45.09,79081,120215215.0,2.02,-0.37,-0.17,1.47
2022-06-28,000034,45.48,45.96,45.96,45.06,69156,105513885.0,1.98,1.26,0.57,1.28
2022-06-29,000034,46.07,45.17,46.43,45.11,80017,122460264.0,2.87,-1.72,-0.79,1.48
2022-06-30,000034,45.68,45.51,46.15,45.42,70025,107147855.0,1.62,0.75,0.34,1.29
2022-07-01,000034,45.93,45.93,46.24,45.65,67198,103237726.0,1.3,0.92,0.42,1.24
2022-07-04,000034,45.93,45.9,46.21,45.53,58486,89663367.0,1.48,-0.07,-0.03,1.08
2022-07-05,000034,46.01,46.35,46.43,45.48,104931,161060881.0,2.07,0.98,0.45,1.94
2022-07-06,000034,46.38,45.45,46.41,45.03,91480,139316389.0,2.98,-1.94,-0.9,1.69
2022-07-07,000034,45.42,45.87,46.01,45.28,63272,96815133.0,1.61,0.92,0.42,1.17
2022-07-08,000034,45.96,46.41,47.28,45.79,112116,174827104.0,3.25,1.18,0.54,2.07
2022-07-11,000034,46.18,45.79,46.63,45.53,72806,112186043.0,2.37,-1.34,-0.62,1.35
2022-07-12,000034,47.14,46.18,47.28,46.07,176159,274966605.39,2.64,0.85,0.39,3.26
2022-07-13,000034,46.01,45.42,46.27,45.11,121995,185279266.51,2.51,-1.65,-0.76,2.25
2022-07-14,000034,45.39,46.66,48.2,44.89,190544,297181755.29,7.29,2.73,1.24,3.52
2022-07-15,000034,46.8,45.51,46.88,45.48,105768,162939034.27,3.0,-2.46,-1.15,1.95
2022-07-18,000034,45.62,47.87,47.87,45.37,188553,297366548.09,5.49,5.19,2.36,3.48
2022-07-19,000034,47.73,49.05,49.52,47.45,229801,375464037.26,4.32,2.47,1.18,4.25
2022-07-20,000034,48.93,48.82,49.61,48.68,144490,238702312.93,1.9,-0.47,-0.23,2.67
2022-07-21,000034,49.38,50.73,51.32,49.22,264790,451086465.78,4.3,3.91,1.91,4.89
2022-07-22,000034,50.73,51.24,51.77,49.97,215949,371079812.7,3.55,1.01,0.51,3.99
2022-07-25,000034,51.07,51.88,52.11,50.7,145473,252716418.05,2.75,1.25,0.64,2.69
2022-07-26,000034,52.19,56.8,56.8,52.17,627289,1188361263.18,8.92,9.48,4.92,11.58
2022-07-27,000034,58.21,58.63,59.55,57.17,523286,1033479127.93,4.19,3.22,1.83,9.66
2022-07-28,000034,57.67,56.46,57.81,55.93,374884,718221142.72,3.21,-3.7,-2.17,6.92
2022-07-29,000034,56.18,54.67,56.58,53.74,327116,609819270.14,5.03,-3.17,-1.79,6.04
2022-08-01,000034,54.67,55.45,56.13,53.88,269886,504052457.59,4.12,1.43,0.78,4.98
2022-08-02,000034,53.85,53.43,54.24,51.21,360556,640166842.58,5.46,-3.64,-2.02,6.66
2022-08-03,000034,53.8,55.87,57.53,53.54,380310,719930088.41,7.47,4.57,2.44,7.02
2022-08-04,000034,56.13,55.9,56.63,54.83,199538,376145921.25,3.22,0.05,0.03,3.68
2022-08-05,000034,55.48,56.8,57.5,55.48,178856,343054686.33,3.61,1.61,0.9,3.3
2022-08-08,000034,57.67,62.2,62.2,56.97,418125,853722149.61,9.21,9.51,5.4,7.71
2022-08-09,000034,62.2,59.53,62.2,58.01,316079,638297054.09,6.74,-4.29,-2.67,5.83
2022-08-10,000034,59.58,58.85,59.98,58.09,151321,302065892.09,3.17,-1.14,-0.68,2.79
2022-08-11,000034,59.39,59.05,59.39,58.4,123846,247576752.74,1.68,0.34,0.2,2.28
2022-08-12,000034,59.27,58.04,60.14,57.81,132500,265657847.03,3.95,-1.71,-1.01,2.44
2022-08-15,000034,58.35,58.6,59.78,56.52,132278,261186377.06,5.62,0.96,0.56,2.44
2022-08-16,000034,58.52,60.17,60.48,58.26,129082,262040772.83,3.79,2.68,1.57,2.38
2022-08-17,000034,60.14,59.02,60.29,58.6,77114,154735327.67,2.81,-1.91,-1.15,1.42
2022-08-18,000034,59.05,58.6,59.11,57.45,103536,204010818.41,2.81,-0.71,-0.42,1.91
2022-08-19,000034,58.37,56.72,59.47,56.69,97507,190369010.61,4.74,-3.21,-1.88,1.8
2022-08-22,000034,56.72,57.48,58.23,56.21,87178,169702905.32,3.56,1.34,0.76,1.61
2022-08-23,000034,57.31,56.52,57.39,55.85,94275,180510432.97,2.68,-1.67,-0.96,1.74
2022-08-24,000034,56.55,56.83,58.66,56.07,163096,315703395.93,4.58,0.55,0.31,3.01
2022-08-25,000034,57.22,56.8,57.87,56.07,100186,193167006.27,3.17,-0.05,-0.03,1.85
2022-08-26,000034,56.86,57.31,61.41,56.77,233662,468579691.74,8.17,0.9,0.51,4.31
2022-08-29,000034,56.6,57.14,57.67,56.18,97010,187485854.6,2.6,-0.3,-0.17,1.79
2022-08-30,000034,56.91,57.62,58.91,56.58,108545,211520347.92,4.08,0.84,0.48,2.0
2022-08-31,000034,57.28,52.14,57.28,52.14,274272,495821151.33,8.92,-9.51,-5.48,5.06
2022-09-01,000034,50.93,51.41,53.46,50.14,276444,483313863.64,6.37,-1.4,-0.73,5.1
2022-09-02,000034,51.69,53.23,54.22,51.58,154549,276420047.31,5.14,3.54,1.82,2.85
2022-09-05,000034,53.23,52.9,53.57,51.83,99735,176665103.39,3.27,-0.62,-0.33,1.84
2022-09-06,000034,52.92,52.56,53.32,51.63,114389,201815918.59,3.19,-0.64,-0.34,2.11
2022-09-07,000034,52.11,52.08,53.01,51.49,108036,189629390.58,2.89,-0.91,-0.48,1.99
2022-09-08,000034,52.59,52.7,53.8,51.74,156143,279259222.33,3.96,1.19,0.62,2.88
2022-09-09,000034,52.64,52.28,53.18,51.88,73556,129869102.56,2.47,-0.8,-0.42,1.36
2022-09-13,000034,52.25,52.08,53.23,51.8,59155,104421032.57,2.74,-0.38,-0.2,1.09
2022-09-14,000034,50.59,51.72,51.8,50.54,70365,121844574.77,2.42,-0.69,-0.36,1.3
2022-09-15,000034,51.97,50.65,53.6,50.23,138541,242539637.46,6.52,-2.07,-1.07,2.56
2022-09-16,000034,50.37,52.47,55.28,50.37,195664,349696605.61,9.69,3.59,1.82,3.61
2022-09-19,000034,53.09,51.18,53.51,50.82,128245,223921087.15,5.13,-2.46,-1.29,2.37
2022-09-20,000034,51.35,49.86,52.02,49.52,118220,200464415.19,4.88,-2.58,-1.32,2.18
2022-09-21,000034,49.66,51.55,51.77,48.54,144521,246617804.71,6.48,3.39,1.69,2.67
2022-09-22,000034,50.82,52.53,54.02,50.68,150429,267881814.38,6.48,1.9,0.98,2.77
2022-09-23,000034,52.76,51.07,52.76,50.62,114339,198102278.54,4.07,-2.78,-1.46,2.11
2022-09-26,000034,50.99,49.02,50.99,48.88,143926,239055334.36,4.13,-4.01,-2.05,2.65
2022-09-27,000034,49.13,50.51,50.79,49.13,115065,193494277.59,3.39,3.04,1.49,2.12
2022-09-28,000034,50.56,49.47,51.15,49.44,73107,123293875.59,3.39,-2.06,-1.04,1.35
2022-09-29,000034,50.09,48.74,50.34,48.26,75423,124946176.8,4.2,-1.48,-0.73,1.39
2022-09-30,000034,48.91,47.81,49.24,47.7,57998,93979181.87,3.16,-1.91,-0.93,1.07
2022-10-10,000034,48.23,50.23,51.74,48.23,177263,299802138.01,7.34,5.06,2.42,3.26
2022-10-11,000034,49.97,52.92,53.49,49.02,212962,371788430.14,8.9,5.36,2.69,3.92
2022-10-12,000034,52.67,57.95,57.95,52.53,314742,595935211.81,10.24,9.5,5.03,5.79
2022-10-13,000034,60.2,63.49,63.49,59.78,316444,672829700.44,6.4,9.56,5.54,5.82
2022-10-14,000034,65.85,65.54,66.1,63.12,593829,1310984216.34,4.69,3.23,2.05,10.93
2022-10-17,000034,64.56,65.12,68.1,63.66,505388,1132278843.48,6.77,-0.64,-0.42,9.3
2022-10-18,000034,64.56,66.52,66.97,63.66,303048,675902106.09,5.08,2.15,1.4,5.58
2022-10-19,000034,64.44,64.02,65.37,62.0,335081,726633365.29,5.07,-3.76,-2.5,6.17
2022-10-20,000034,63.77,66.24,68.46,63.15,400084,902510249.75,8.29,3.47,2.22,7.36
2022-10-21,000034,66.24,68.21,69.11,64.75,369032,846143005.58,6.58,2.97,1.97,6.79
2022-10-24,000034,67.37,70.18,73.13,66.8,387449,932570263.85,9.28,2.89,1.97,7.13
2022-10-25,000034,69.05,69.44,70.85,67.65,192503,454054942.57,4.56,-1.05,-0.74,3.54
2022-10-26,000034,70.18,75.37,76.1,69.61,350509,896873674.42,9.35,8.54,5.93,6.45
2022-10-27,000034,73.72,74.53,75.74,72.59,273973,699764448.16,4.18,-1.11,-0.84,5.04
2022-10-28,000034,73.01,74.28,77.17,72.73,190318,490161726.38,5.96,-0.34,-0.25,3.5
2022-10-31,000034,75.82,78.01,80.15,75.46,321722,858940034.62,6.31,5.02,3.73,5.92
2022-11-01,000034,78.38,77.34,79.17,74.9,248469,652909614.06,5.47,-0.86,-0.67,4.57
2022-11-02,000034,76.08,73.24,76.36,72.48,478526,1212100611.36,5.02,-5.3,-4.1,8.81
2022-11-03,000034,72.34,72.59,73.83,71.58,262910,653210403.75,3.07,-0.89,-0.65,4.84
2022-11-04,000034,72.62,72.84,73.43,71.66,195515,485106953.74,2.44,0.34,0.25,3.6
2022-11-07,000034,73.15,72.17,74.61,71.58,148144,368824417.37,4.16,-0.92,-0.67,2.73
2022-11-08,000034,72.2,72.56,72.99,70.68,167212,412937940.91,3.2,0.54,0.39,3.08
2022-11-09,000034,71.97,70.79,72.37,68.94,183471,443458343.08,4.73,-2.44,-1.77,3.38
2022-11-10,000034,70.88,69.92,72.42,69.19,141742,341961801.97,4.56,-1.23,-0.87,2.61
2022-11-11,000034,71.16,67.37,71.72,66.35,297755,690105003.36,7.68,-3.65,-2.55,5.48
2022-11-14,000034,67.37,67.53,68.66,66.55,242842,560428724.23,3.13,0.24,0.16,4.47
2022-11-15,000034,67.37,74.02,74.02,67.08,413836,1012482838.21,10.28,9.61,6.49,7.61
2022-11-16,000034,76.64,72.9,77.73,71.22,358264,915453312.72,8.79,-1.51,-1.12,6.59
2022-11-17,000034,72.54,75.23,75.65,71.92,300718,761795403.24,5.12,3.2,2.33,5.53
2022-11-18,000034,74.47,72.99,77.14,72.45,282223,723840932.81,6.23,-2.98,-2.24,5.19
2022-11-21,000034,72.23,72.7,73.38,70.88,138477,341481626.67,3.43,-0.4,-0.29,2.55
2022-11-22,000034,71.86,71.75,73.46,71.02,112684,278309081.82,3.36,-1.31,-0.95,2.07
2022-11-23,000034,71.58,70.68,73.6,69.19,177320,429339003.28,6.15,-1.49,-1.07,3.26
2022-11-24,000034,70.18,70.09,70.74,68.94,107456,256279978.3,2.55,-0.83,-0.59,1.98
2022-11-25,000034,69.89,68.55,70.82,68.21,86865,205160117.03,3.72,-2.2,-1.54,1.6
2022-11-28,000034,67.79,67.08,69.61,66.38,135157,311811217.47,4.71,-2.14,-1.47,2.49
2022-11-29,000034,67.11,67.45,67.65,66.16,112472,257396094.9,2.22,0.55,0.37,2.07
2022-11-30,000034,67.11,65.88,67.28,64.36,131789,295192037.21,4.33,-2.33,-1.57,2.43
2022-12-01,000034,66.55,68.21,68.91,64.87,281033,642405242.66,6.13,3.54,2.33,5.17
2022-12-02,000034,67.08,65.03,69.08,64.78,286025,653182150.74,6.3,-4.66,-3.18,5.26
2022-12-05,000034,65.54,68.83,70.03,64.84,292810,680654747.54,7.98,5.84,3.8,5.39
2022-12-06,000034,68.77,66.64,69.61,66.02,180487,412681480.2,5.22,-3.18,-2.19,3.32
2022-12-07,000034,66.52,65.37,67.03,64.87,126863,284208010.51,3.24,-1.91,-1.27,2.33
2022-12-08,000034,65.26,65.62,66.05,64.47,94489,210717438.24,2.42,0.38,0.25,1.74
2022-12-09,000034,65.23,63.85,65.62,63.1,144780,316172534.9,3.84,-2.7,-1.77,2.66
2022-12-12,000034,63.43,67.34,68.6,63.38,187962,425818021.23,8.18,5.47,3.49,3.46
2022-12-13,000034,67.37,64.02,68.01,63.88,147579,326476502.49,6.13,-4.93,-3.32,2.72
2022-12-14,000034,63.88,63.99,65.12,63.66,76283,167004540.84,2.28,-0.05,-0.03,1.4
2022-12-15,000034,63.6,63.63,65.37,62.67,103022,225830177.01,4.22,-0.56,-0.36,1.9
2022-12-16,000034,63.38,62.03,63.97,61.47,127785,270502912.96,3.93,-2.51,-1.6,2.35
2022-12-19,000034,64.22,62.51,65.31,61.97,126849,274511828.77,5.38,0.77,0.48,2.31
2022-12-20,000034,62.81,60.54,63.99,60.03,136102,282141445.5,6.33,-3.15,-1.97,2.48
2022-12-21,000034,60.62,62.28,62.79,60.34,105722,221216639.46,4.05,2.87,1.74,1.93
2022-12-22,000034,62.81,61.8,63.57,61.32,96625,205085309.21,3.61,-0.77,-0.48,1.76
2022-12-23,000034,61.52,64.05,65.74,61.49,142638,312750832.77,6.88,3.64,2.25,2.6
2022-12-26,000034,63.26,63.6,65.4,63.04,105221,229850450.66,3.68,-0.7,-0.45,1.92
2022-12-27,000034,63.99,65.31,67.93,63.99,169615,381186116.22,6.19,2.69,1.71,3.09
2022-12-28,000034,64.25,63.01,64.78,62.73,131574,284745343.46,3.14,-3.52,-2.3,2.4
2022-12-29,000034,62.87,64.16,65.9,62.56,151848,333579948.11,5.3,1.83,1.15,2.77
2022-12-30,000034,64.16,64.39,66.1,63.29,148941,329595866.8,4.38,0.36,0.23,2.72
2023-01-03,000034,64.81,69.47,70.15,64.05,282888,654511632.81,9.47,7.89,5.08,5.16
2023-01-04,000034,70.4,69.87,70.77,68.35,186533,442327785.42,3.48,0.58,0.4,3.4
2023-01-05,000034,69.61,69.73,70.93,68.91,159533,381082235.84,2.89,-0.2,-0.14,2.91
2023-01-06,000034,69.78,67.45,69.87,67.0,179298,416098943.67,4.12,-3.27,-2.28,3.27
2023-01-09,000034,67.62,66.38,67.79,66.05,149401,339846932.09,2.58,-1.59,-1.07,2.73
2023-01-10,000034,67.28,68.94,69.84,65.29,244550,569325830.75,6.85,3.86,2.56,4.46
2023-01-11,000034,68.43,66.64,69.16,66.3,157923,364668630.83,4.15,-3.34,-2.3,2.88
2023-01-12,000034,66.69,69.28,70.62,65.85,207247,483131551.93,7.16,3.96,2.64,3.78
2023-01-13,000034,68.6,67.25,69.05,66.33,190823,436777044.71,3.93,-2.93,-2.03,3.48
2023-01-16,000034,67.45,68.35,70.6,67.03,240443,565634516.44,5.31,1.64,1.1,4.39
2023-01-17,000034,69.0,69.3,70.15,67.42,156825,370447942.54,3.99,1.39,0.95,2.86
2023-01-18,000034,69.3,72.06,72.82,68.41,228393,558222568.14,6.36,3.98,2.76,4.17
2023-01-19,000034,72.25,71.5,74.05,70.71,246242,608463178.82,4.64,-0.78,-0.56,4.49
2023-01-20,000034,71.64,74.42,76.78,71.38,254284,651648147.51,7.55,4.08,2.92,4.64
2023-01-30,000034,76.08,75.01,76.5,73.07,191714,488045258.28,4.61,0.79,0.59,3.5
2023-01-31,000034,73.27,71.52,74.02,71.16,233860,578022523.22,3.81,-4.65,-3.49,4.27
2023-02-01,000034,71.81,73.29,73.29,71.19,190702,471446605.36,2.94,2.47,1.77,3.48
2023-02-02,000034,72.42,72.34,74.53,71.95,188499,471196190.93,3.52,-1.3,-0.95,3.44
2023-02-03,000034,71.64,72.87,73.35,71.16,175984,434747421.1,3.03,0.73,0.53,3.21
2023-02-06,000034,72.96,75.26,75.43,72.9,265584,676227705.28,3.47,3.28,2.39,4.84
2023-02-07,000034,73.32,72.45,73.69,71.81,229464,570132877.99,2.5,-3.73,-2.81,4.18
2023-02-08,000034,72.96,68.91,72.96,68.8,245325,589566698.66,5.74,-4.89,-3.54,4.47
2023-02-09,000034,68.49,71.44,71.83,67.03,269848,640670484.81,6.97,3.67,2.53,4.92
2023-02-10,000034,71.86,70.26,72.93,69.81,218814,534654765.46,4.37,-1.65,-1.18,3.99
2023-02-13,000034,70.29,70.62,71.22,68.97,238468,570391976.76,3.2,0.51,0.36,4.35
2023-02-14,000034,70.85,72.28,73.83,70.85,292596,725932183.89,4.22,2.35,1.66,5.33
2023-02-15,000034,75.06,79.25,79.25,75.06,230917,620666254.1,5.8,9.64,6.97,4.21
2023-02-16,000034,83.66,77.12,85.07,76.41,966716,2657954121.78,10.93,-2.69,-2.13,17.62
2023-02-17,000034,77.59,70.68,78.1,70.48,679184,1705012139.44,9.88,-8.35,-6.44,12.38
2023-02-20,000034,70.32,77.48,77.48,69.67,704051,1794761790.99,11.05,9.62,6.8,12.83
2023-02-21,000034,79.84,78.01,82.79,77.06,790344,2166942327.89,7.4,0.68,0.53,14.41
2023-02-22,000034,77.99,76.78,78.24,73.72,457154,1191176116.58,5.79,-1.58,-1.23,8.33
2023-02-23,000034,76.1,73.77,76.47,73.58,345568,881625017.45,3.76,-3.92,-3.01,6.3
2023-02-24,000034,73.8,78.63,80.52,73.35,657072,1739783869.92,9.72,6.59,4.86,11.98
2023-02-27,000034,78.3,76.64,79.98,76.5,458785,1230647013.55,4.43,-2.53,-1.99,8.36
2023-02-28,000034,78.74,77.56,79.11,75.71,452016,1205848442.19,4.44,1.2,0.92,8.24
2023-03-01,000034,77.2,80.68,81.98,77.2,600149,1656294609.23,6.16,4.02,3.12,10.94
2023-03-02,000034,79.78,79.5,80.74,78.74,432233,1184817924.71,2.48,-1.46,-1.18,7.88
2023-03-03,000034,77.99,82.37,84.65,76.64,659791,1860649488.67,10.08,3.61,2.87,12.03
2023-03-06,000034,82.37,80.32,82.37,79.56,434300,1205206510.84,3.41,-2.49,-2.05,7.92
2023-03-07,000034,79.59,76.36,80.01,75.54,392437,1047598355.94,5.57,-4.93,-3.96,7.15
2023-03-08,000034,76.38,77.45,77.56,76.22,245158,646577105.49,1.75,1.43,1.09,4.47
2023-03-09,000034,76.97,75.65,77.17,73.94,338335,872669836.45,4.17,-2.32,-1.8,6.17
2023-03-10,000034,74.39,73.46,75.29,73.32,230843,588572782.26,2.6,-2.89,-2.19,4.21
2023-03-13,000034,73.63,76.97,77.0,73.58,326964,850725977.92,4.66,4.78,3.51,5.96
2023-03-14,000034,76.1,75.51,76.53,74.39,232586,603575385.25,2.78,-1.9,-1.46,4.24
2023-03-15,000034,76.22,74.59,76.75,74.31,204908,530565546.98,3.23,-1.22,-0.92,3.73
2023-03-16,000034,73.52,73.66,74.9,72.17,206354,518289046.94,3.66,-1.25,-0.93,3.76
2023-03-17,000034,74.95,80.74,80.74,74.67,475352,1293941771.05,8.24,9.61,7.08,8.66
2023-03-20,000034,80.74,80.94,83.27,78.89,742678,2092709764.99,5.42,0.25,0.2,13.54
2023-03-21,000034,80.15,81.41,82.57,79.45,382502,1066212567.42,3.85,0.58,0.47,6.97
2023-03-22,000034,81.41,86.36,87.71,80.29,661321,1942349177.7,9.11,6.08,4.95,12.05
2023-03-23,000034,85.29,88.3,89.2,84.93,480426,1440633581.23,4.94,2.25,1.94,8.76
2023-03-24,000034,87.26,90.26,92.93,85.91,520129,1602301327.68,7.95,2.22,1.96,9.48
2023-03-27,000034,94.62,97.29,99.03,92.68,673087,2235558635.41,7.04,7.79,7.03,12.27
2023-03-28,000034,94.9,91.11,95.27,90.69,459115,1469607505.27,4.71,-6.35,-6.18,8.37
2023-03-29,000034,91.16,90.15,92.82,88.66,464187,1453689339.85,4.57,-1.05,-0.96,8.46
2023-03-30,000034,89.42,87.68,91.78,86.56,353298,1084666530.72,5.79,-2.74,-2.47,6.44
2023-03-31,000034,87.85,91.22,92.01,85.4,499216,1527829901.53,7.54,4.04,3.54,9.08
2023-04-03,000034,91.22,94.59,95.41,88.44,649491,2062085750.08,7.64,3.69,3.37,11.82
2023-04-04,000034,96.84,91.53,96.84,90.41,528359,1696738619.67,6.8,-3.24,-3.06,9.61
2023-04-06,000034,88.21,88.89,90.55,87.31,449005,1370788778.35,3.54,-2.88,-2.64,8.17
2023-04-07,000034,89.0,90.55,91.14,87.26,314418,971239564.06,4.36,1.87,1.66,5.72
2023-04-10,000034,89.28,82.65,89.34,81.78,550599,1614581455.88,8.35,-8.72,-7.9,10.02
2023-04-11,000034,82.54,83.72,84.14,81.19,330620,944138765.99,3.57,1.29,1.07,6.01
2023-04-12,000034,84.22,87.03,88.61,83.89,429709,1282216449.57,5.64,3.95,3.31,7.82
2023-04-13,000034,85.66,83.94,86.47,83.8,303391,886484897.25,3.07,-3.55,-3.09,5.52
2023-04-14,000034,84.06,82.82,84.79,81.11,253720,721456850.14,4.38,-1.33,-1.12,4.62
2023-04-17,000034,82.45,81.95,83.47,80.96,219245,618194932.32,3.03,-1.05,-0.87,3.99
2023-04-18,000034,82.2,84.95,85.74,80.85,345451,998417649.51,5.97,3.66,3.0,6.28
2023-04-19,000034,84.5,87.99,91.25,83.66,548521,1655142662.02,8.93,3.58,3.04,9.98
2023-04-20,000034,89.67,90.63,91.11,86.56,507705,1563498368.63,5.17,3.0,2.64,9.24
2023-04-21,000034,89.42,85.18,89.42,83.18,426442,1259930562.31,6.89,-6.01,-5.45,7.76
2023-04-24,000034,83.89,84.67,85.85,82.59,225589,653221823.31,3.83,-0.6,-0.51,4.1
2023-04-25,000034,84.36,83.44,85.21,81.11,238062,682731337.78,4.84,-1.45,-1.23,4.33
2023-04-26,000034,82.82,76.24,83.66,75.37,422535,1125912576.85,9.94,-8.63,-7.2,7.69
2023-04-27,000034,75.37,74.39,76.22,73.21,242851,621646930.36,3.95,-2.43,-1.85,4.42
2023-04-28,000034,73.83,77.65,78.55,73.43,253256,666671283.8,6.88,4.38,3.26,4.6
2023-05-04,000034,78.72,79.45,80.49,77.76,244486,664997751.8,3.52,2.32,1.8,4.45
2023-05-05,000034,79.31,78.38,79.78,76.92,160464,431879707.89,3.6,-1.35,-1.07,2.92
2023-05-08,000034,79.11,78.07,79.53,76.64,202315,543781625.89,3.69,-0.4,-0.31,3.68
2023-05-09,000034,77.87,77.26,78.52,76.67,168421,447845636.99,2.37,-1.04,-0.81,3.06
2023-05-10,000034,77.27,75.9,77.86,74.88,179399,460667318.18,3.86,-1.76,-1.36,3.26
2023-05-11,000034,75.92,74.27,76.51,74.15,160738,406037346.06,3.11,-2.15,-1.63,2.92
2023-05-12,000034,74.1,74.21,75.22,73.73,118941,298289408.38,2.01,-0.08,-0.06,2.16
2023-05-15,000034,74.21,73.84,74.94,71.29,172402,422209619.16,4.92,-0.5,-0.37,3.13
2023-05-16,000034,73.84,71.29,73.9,71.09,156966,379803659.82,3.81,-3.45,-2.55,2.85
2023-05-17,000034,71.15,72.36,72.95,70.73,118831,289002692.27,3.11,1.5,1.07,2.16
2023-05-18,000034,72.41,74.88,75.02,72.38,216888,542301211.85,3.65,3.48,2.52,3.94
2023-05-19,000034,74.24,74.66,75.19,73.76,127780,319943615.9,1.91,-0.29,-0.22,2.32
2023-05-22,000034,73.31,73.39,74.21,72.21,114035,280370410.24,2.68,-1.7,-1.27,2.07
2023-05-23,000034,73.87,71.99,74.04,71.91,128702,314946353.99,2.9,-1.91,-1.4,2.34
2023-05-24,000034,71.65,72.05,72.75,70.78,99503,239997783.32,2.74,0.08,0.06,1.81
2023-05-25,000034,73.39,74.43,77.61,72.83,272757,688491886.64,6.63,3.3,2.38,4.96
2023-05-26,000034,73.79,77.33,77.44,73.45,266883,683013021.72,5.36,3.9,2.9,4.85
2023-05-29,000034,77.36,77.53,77.83,76.57,183884,478804409.17,1.63,0.26,0.2,3.34
2023-05-30,000034,77.08,80.59,80.64,76.18,261175,695235542.69,5.75,3.95,3.06,4.75
2023-05-31,000034,80.0,83.57,84.02,79.83,303125,835706702.17,5.2,3.7,2.98,5.51
2023-06-01,000034,82.1,82.55,83.62,81.74,275874,770671136.53,2.25,-1.22,-1.02,5.02
2023-06-02,000034,82.39,80.67,82.92,80.08,232679,636535947.19,3.44,-2.28,-1.88,4.23
2023-06-05,000034,80.87,81.4,82.64,80.42,223581,617295156.92,2.75,0.9,0.73,4.07
2023-06-06,000034,81.26,79.35,81.26,78.17,220516,594832990.61,3.8,-2.52,-2.05,4.01
2023-06-07,000034,79.01,79.89,80.25,78.23,120977,325543547.05,2.55,0.68,0.54,2.2
2023-06-08,000034,79.86,82.33,82.53,78.31,358377,983408634.89,5.28,3.05,2.44,6.52
2023-06-09,000034,82.1,85.65,86.07,81.49,487981,1387472729.44,5.56,4.03,3.32,8.87
2023-06-12,000034,85.48,87.44,88.76,84.61,489878,1442733370.06,4.85,2.09,1.79,8.91
2023-06-13,000034,86.6,86.01,87.39,84.63,390091,1138598091.56,3.16,-1.64,-1.43,7.09
2023-06-14,000034,85.56,85.17,85.93,83.23,383330,1100279550.1,3.14,-0.98,-0.84,6.97
2023-06-15,000034,85.36,84.44,86.26,84.24,255190,737090949.72,2.37,-0.86,-0.73,4.64
2023-06-16,000034,84.41,87.5,87.84,83.65,397067,1160310319.98,4.96,3.62,3.06,7.22
2023-06-19,000034,87.81,88.06,89.04,85.84,414521,1235778095.73,3.66,0.64,0.56,7.54
2023-06-20,000034,87.44,90.87,91.1,86.77,416289,1262686500.21,4.92,3.19,2.81,7.57
2023-06-21,000034,89.75,83.31,89.75,83.2,416845,1214164191.91,7.21,-8.32,-7.56,7.58
2023-06-26,000034,81.54,77.1,82.02,76.91,321040,857554154.91,6.13,-7.45,-6.21,5.84
2023-06-27,000034,77.1,77.67,78.45,76.94,169043,442936527.33,1.96,0.74,0.57,3.07
2023-06-28,000034,79.58,78.42,82.84,77.47,237485,638928481.99,6.91,0.97,0.75,4.32
2023-06-29,000034,78.45,78.59,79.3,77.41,172294,456101588.41,2.41,0.22,0.17,3.13
2023-06-30,000034,77.89,78.71,79.44,76.74,177588,467897446.25,3.44,0.15,0.12,3.23
2023-07-03,000034,78.73,83.62,85.42,76.85,407064,1119929991.43,10.89,6.24,4.91,7.4
2023-07-04,000034,83.59,83.68,84.07,82.33,216858,611188075.5,2.08,0.07,0.06,3.94
2023-07-05,000034,83.17,81.32,84.49,81.18,159923,448514767.43,3.96,-2.82,-2.36,2.91
2023-07-06,000034,80.81,83.17,84.75,80.45,228015,645169762.65,5.29,2.27,1.85,4.15
2023-07-07,000034,83.57,82.81,83.59,80.08,204911,567970771.53,4.22,-0.43,-0.36,3.73
2023-07-10,000034,82.33,81.4,83.71,81.09,160135,446291152.5,3.16,-1.7,-1.41,2.91
2023-07-11,000034,80.87,81.68,83.23,80.56,117796,326576561.89,3.28,0.34,0.28,2.14
2023-07-12,000034,81.23,77.1,81.29,77.05,239203,635919423.77,5.19,-5.61,-4.58,4.35
2023-07-13,000034,77.64,77.64,78.14,76.4,145679,380233354.48,2.26,0.7,0.54,2.65
2023-07-14,000034,77.61,79.13,80.22,77.41,150551,402026061.07,3.62,1.92,1.49,2.74
2023-07-17,000034,78.99,79.27,80.14,78.54,91351,245130936.75,2.02,0.18,0.14,1.66
2023-07-18,000034,79.21,77.55,79.83,77.5,110201,291768318.77,2.94,-2.17,-1.72,2.0
2023-07-19,000034,78.4,77.27,78.68,76.77,75930,199291278.39,2.46,-0.36,-0.28,1.38
2023-07-20,000034,77.22,75.7,77.72,75.53,97682,252278347.79,2.83,-2.03,-1.57,1.78
2023-07-21,000034,75.25,74.35,76.09,74.01,94821,239330020.14,2.75,-1.78,-1.35,1.72
2023-07-24,000034,74.35,76.32,77.75,74.18,128715,331636797.44,4.8,2.65,1.97,2.34
2023-07-25,000034,76.77,76.43,77.13,75.64,116950,300991710.83,1.95,0.14,0.11,2.13
2023-07-26,000034,76.37,74.43,76.37,74.18,102269,257603160.0,2.87,-2.62,-2.0,1.86
2023-07-27,000034,74.43,73.59,75.08,73.48,71692,178968568.92,2.15,-1.13,-0.84,1.3
2023-07-28,000034,74.24,74.86,76.15,73.84,116333,294686176.24,3.14,1.73,1.27,2.11
2023-07-31,000034,73.68,74.66,75.56,73.06,106984,268549330.11,3.34,-0.27,-0.2,1.94
2023-08-01,000034,74.55,75.73,76.12,74.01,106468,270506851.14,2.83,1.43,1.07,1.94
2023-08-02,000034,75.67,75.14,75.78,74.41,62197,157502185.78,1.81,-0.78,-0.59,1.13
2023-08-03,000034,74.8,74.24,75.02,73.84,96433,241271315.13,1.57,-1.2,-0.9,1.75
2023-08-04,000034,74.13,77.02,77.55,74.13,197238,507223115.13,4.61,3.74,2.78,3.59
2023-08-07,000034,77.58,81.54,82.64,77.02,390958,1070759630.97,7.3,5.87,4.52,7.11
2023-08-08,000034,81.26,81.21,82.1,80.7,173352,478026118.09,1.72,-0.4,-0.33,3.15
2023-08-09,000034,83.23,83.87,87.42,82.55,547489,1580112881.42,6.0,3.28,2.66,9.95
2023-08-10,000034,84.07,82.86,84.63,82.25,180297,507612611.35,2.84,-1.2,-1.01,3.28
2023-08-11,000034,83.0,83.43,86.94,83.0,240367,692932032.77,4.76,0.69,0.57,4.37
2023-08-14,000034,82.72,87.7,88.71,82.39,402233,1184246371.12,7.58,5.12,4.27,7.31
2023-08-15,000034,87.39,85.53,88.17,84.27,246179,718884238.17,4.45,-2.47,-2.17,4.48
2023-08-16,000034,85.05,83.85,85.62,83.31,170618,488477247.63,2.7,-1.96,-1.68,3.1
2023-08-17,000034,83.82,84.91,86.18,82.44,212960,613566878.33,4.46,1.26,1.06,3.87
2023-08-18,000034,84.91,82.25,86.83,82.1,202521,575457610.8,5.57,-3.13,-2.66,3.68
2023-08-21,000034,82.67,86.91,89.55,82.67,409022,1214730210.38,8.36,5.67,4.66,7.44
2023-08-22,000034,88.37,89.21,90.53,85.62,434215,1294767539.8,5.65,2.65,2.3,7.89
2023-08-23,000034,87.72,90.34,93.91,87.7,471879,1463607490.05,6.96,1.27,1.13,8.58
2023-08-24,000034,91.66,87.67,92.44,87.13,316463,953008400.18,5.88,-2.96,-2.67,5.75
2023-08-25,000034,86.21,84.35,87.95,83.68,244344,707012730.01,4.87,-3.79,-3.32,4.44
2023-08-28,000034,89.47,85.31,89.47,84.91,239062,699897228.09,5.41,1.14,0.96,4.35
2023-08-29,000034,84.91,89.61,90.53,84.58,301226,900186350.86,6.97,5.04,4.3,5.48
2023-08-30,000034,89.94,96.35,98.18,89.52,590583,1933777887.74,9.66,7.52,6.74,10.74
2023-08-31,000034,95.17,93.29,95.2,91.94,358165,1140568105.93,3.38,-3.18,-3.06,6.51
2023-09-01,000034,92.92,90.96,93.82,89.72,193773,603592339.91,4.39,-2.5,-2.33,3.52
2023-09-04,000034,91.43,94.47,94.52,90.0,321238,1003367424.96,4.97,3.86,3.51,5.84
2023-09-05,000034,94.64,86.91,97.42,86.15,554385,1723631986.34,11.93,-8.0,-7.56,10.08
2023-09-06,000034,87.58,85.95,88.01,83.51,305869,889093659.39,5.18,-1.1,-0.96,5.56
2023-09-07,000034,85.93,85.87,89.35,85.56,270967,802186177.44,4.41,-0.09,-0.08,4.93
2023-09-08,000034,85.48,89.63,92.87,85.17,333014,1007056980.08,8.97,4.38,3.76,6.05
2023-09-11,000034,88.85,87.81,89.92,86.24,276562,824383052.53,4.11,-2.03,-1.82,5.03
2023-09-12,000034,88.29,91.26,93.26,88.26,358471,1115784798.27,5.69,3.93,3.45,6.52
2023-09-13,000034,90.53,86.46,90.67,85.98,261754,777422674.27,5.14,-5.26,-4.8,4.76
2023-09-14,000034,86.09,85.67,87.44,84.97,167684,490422811.35,2.86,-0.91,-0.79,3.05
2023-09-15,000034,85.93,82.81,86.18,82.41,237435,671628244.56,4.4,-3.34,-2.86,4.32
2023-09-18,000034,82.36,79.74,82.81,79.3,294647,804087993.02,4.24,-3.71,-3.07,5.36
2023-09-19,000034,79.27,78.68,81.04,78.12,216047,578587252.37,3.66,-1.33,-1.06,3.93
2023-09-20,000034,79.58,80.67,84.07,79.58,335898,934117719.26,5.71,2.53,1.99,6.11
2023-09-21,000034,80.22,82.89,86.01,79.66,332730,941573862.09,7.87,2.75,2.22,6.05
2023-09-22,000034,82.39,84.52,85.59,81.8,302335,863027560.65,4.57,1.97,1.63,5.5
2023-09-25,000034,84.52,83.79,84.69,83.31,173293,492510305.4,1.63,-0.86,-0.73,3.15
2023-09-26,000034,83.23,82.41,84.41,82.33,161382,454295831.9,2.48,-1.65,-1.38,2.93
2023-09-27,000034,81.99,81.12,83.12,81.07,169251,468422662.72,2.49,-1.57,-1.29,3.08
2023-09-28,000034,81.6,81.57,81.91,79.63,193029,528793793.24,2.81,0.55,0.45,3.51
2023-10-09,000034,80.98,83.93,85.65,80.64,257120,730415738.44,6.14,2.89,2.36,4.67
2023-10-10,000034,84.07,84.77,85.98,82.41,274720,785193523.17,4.25,1.0,0.84,4.99
2023-10-11,000034,84.35,83.65,85.81,83.12,226453,646890176.36,3.17,-1.32,-1.12,4.11
2023-10-12,000034,84.04,83.34,85.14,81.6,157172,442429813.06,4.23,-0.37,-0.31,2.86
2023-10-13,000034,82.61,81.82,82.67,81.4,130548,362310973.36,1.52,-1.82,-1.52,2.37
2023-10-16,000034,82.95,87.11,89.07,82.41,459662,1350383962.12,8.14,6.47,5.29,8.35
2023-10-17,000034,87.13,85.53,88.26,85.0,270627,792210811.08,3.74,-1.81,-1.58,4.92
2023-10-18,000034,90.08,90.87,93.68,90.08,603845,1890676412.75,4.21,6.24,5.34,10.97
2023-10-19,000034,91.1,86.46,91.97,86.4,453834,1370947813.22,6.13,-4.85,-4.41,8.25
2023-10-20,000034,86.12,83.03,87.58,82.69,310251,891341630.87,5.66,-3.97,-3.43,5.64
2023-10-23,000034,83.06,81.94,85.05,80.98,235755,665042921.85,4.9,-1.31,-1.09,4.28
2023-10-24,000034,83.37,79.77,83.45,77.61,342651,923888128.12,7.13,-2.65,-2.17,6.23
2023-10-25,000034,80.22,85.5,87.33,80.22,446519,1288820362.26,8.91,7.18,5.73,8.11
2023-10-26,000034,84.46,86.26,86.88,83.14,297531,863055007.06,4.37,0.89,0.76,5.41
2023-10-27,000034,86.04,87.02,88.6,84.97,322547,956090267.94,4.21,0.88,0.76,5.86
2023-10-30,000034,88.68,95.34,95.34,87.02,576624,1808331519.62,9.56,9.56,8.32,10.48
2023-10-31,000034,95.87,91.29,96.15,90.25,579160,1829126790.06,6.19,-4.25,-4.05,10.52
2023-11-01,000034,91.29,89.55,91.85,89.02,308780,946572043.77,3.1,-1.91,-1.74,5.61
2023-11-02,000034,89.83,87.02,90.14,86.88,257166,768536820.36,3.64,-2.83,-2.53,4.67
2023-11-03,000034,87.05,88.93,89.97,87.05,276630,837931022.79,3.36,2.19,1.91,5.03
2023-11-06,000034,90.25,89.83,91.55,89.55,290941,895121366.89,2.25,1.01,0.9,5.29
2023-11-07,000034,89.92,93.34,93.34,89.69,366286,1148147293.7,4.06,3.91,3.51,6.66
2023-11-08,000034,96.72,99.27,102.28,93.65,952712,3240876420.83,9.25,6.35,5.93,17.31
2023-11-09,000034,97.73,95.98,99.02,95.48,605325,2009228117.41,3.57,-3.31,-3.29,11.0
2023-11-10,000034,97.0,93.15,97.05,92.89,405839,1308357509.2,4.33,-2.95,-2.83,7.37
2023-11-13,000034,93.71,98.65,102.0,93.06,588706,1973410088.96,9.6,5.9,5.5,10.7
2023-11-14,000034,98.82,99.47,100.09,97.59,393077,1326822672.07,2.53,0.83,0.82,7.14
2023-11-15,000034,101.35,99.52,104.81,98.96,586797,2037687288.15,5.88,0.05,0.05,10.66
2023-11-16,000034,98.4,102.76,107.84,97.98,613376,2168260019.83,9.91,3.26,3.24,11.15
2023-11-17,000034,103.29,103.77,106.24,102.11,434683,1545374515.71,4.02,0.98,1.01,7.9
2023-11-20,000034,104.53,102.67,105.14,101.8,456836,1608720222.12,3.22,-1.06,-1.1,8.3
2023-11-21,000034,102.33,99.19,102.33,98.12,447169,1522721367.89,4.1,-3.39,-3.48,8.13
2023-11-22,000034,98.4,96.72,99.02,96.35,284521,948324211.08,2.69,-2.49,-2.47,5.17
2023-11-23,000034,96.69,99.27,99.78,95.87,309509,1037937646.96,4.04,2.64,2.55,5.62
2023-11-24,000034,98.49,94.41,98.54,93.29,366434,1188555052.85,5.29,-4.9,-4.86,6.66
2023-11-27,000034,93.34,94.44,95.79,93.32,201063,649006359.28,2.62,0.03,0.03,3.65
2023-11-28,000034,94.61,94.33,95.17,93.34,160761,515480518.43,1.94,-0.12,-0.11,2.92
2023-11-29,000034,94.07,93.48,95.39,92.25,175564,560939071.49,3.33,-0.9,-0.85,3.19
2023-11-30,000034,93.32,93.03,93.62,91.4,192356,605436218.79,2.37,-0.48,-0.45,3.5
2023-12-01,000034,92.92,95.42,96.1,92.25,284957,921774961.27,4.14,2.57,2.39,5.18
2023-12-04,000034,95.28,96.88,99.47,94.97,294687,982137213.55,4.72,1.53,1.46,5.35
2023-12-05,000034,96.27,91.8,96.27,91.71,251239,798376174.73,4.71,-5.24,-5.08,4.57
2023-12-06,000034,91.32,91.8,92.61,91.18,129797,405570674.75,1.56,0.0,0.0,2.36
2023-12-07,000034,91.29,93.2,93.65,91.18,161482,507799611.27,2.69,1.53,1.4,2.93
2023-12-08,000034,92.78,95.84,97.75,92.7,273631,892557773.7,5.42,2.83,2.64,4.97
2023-12-11,000034,95.28,96.13,96.52,94.13,173368,564086752.49,2.49,0.3,0.29,3.15
2023-12-12,000034,95.34,96.32,97.59,95.34,171140,564187418.1,2.34,0.2,0.19,3.11
2023-12-13,000034,95.59,92.58,96.15,92.5,209769,671158706.72,3.79,-3.88,-3.74,3.81
2023-12-14,000034,93.32,92.47,94.19,91.97,135161,427878665.21,2.4,-0.12,-0.11,2.46
2023-12-15,000034,92.56,91.04,92.95,90.76,146949,458889638.52,2.37,-1.55,-1.43,2.67
2023-12-18,000034,90.39,90.14,92.44,89.3,139099,431112065.96,3.45,-0.99,-0.9,2.53
2023-12-19,000034,90.81,90.76,91.12,89.16,142314,437394589.16,2.17,0.69,0.62,2.59
2023-12-20,000034,90.81,85.65,90.81,85.2,307781,909026960.38,6.18,-5.63,-5.11,5.59
2023-12-21,000034,84.38,87.56,88.31,84.35,212911,625440176.95,4.62,2.23,1.91,3.87
2023-12-22,000034,87.67,84.97,88.03,84.49,176654,513547132.71,4.04,-2.96,-2.59,3.21
2023-12-25,000034,85.08,85.79,87.02,85.08,141404,413264884.51,2.28,0.97,0.82,2.57
2023-12-26,000034,85.98,83.28,85.98,82.39,129686,367369737.39,4.18,-2.93,-2.51,2.36
2023-12-27,000034,83.85,85.14,85.59,83.59,137865,395731641.8,2.4,2.23,1.86,2.51
2023-12-28,000034,84.8,86.24,86.68,83.17,185489,537906361.4,4.12,1.29,1.1,3.37
2023-12-29,000034,85.79,88.03,88.57,85.28,187701,556067455.4,3.81,2.08,1.79,3.41
2024-01-02,000034,87.78,86.18,87.78,85.87,142146,417908079.04,2.17,-2.1,-1.85,2.58
2024-01-03,000034,85.65,84.35,86.12,83.03,184706,527549121.56,3.59,-2.12,-1.83,3.36
2024-01-04,000034,84.38,85.2,85.98,83.65,135250,390262966.65,2.76,1.01,0.85,2.46
2024-01-05,000034,84.52,82.19,84.61,81.85,177023,497856649.14,3.24,-3.53,-3.01,3.22
2024-01-08,000034,81.54,80.33,83.45,80.33,132762,365621551.62,3.8,-2.26,-1.86,2.41
2024-01-09,000034,80.64,80.14,81.54,79.58,133360,362796794.42,2.44,-0.24,-0.19,2.42
2024-01-10,000034,79.6,78.99,80.42,77.75,134419,358790526.27,3.33,-1.43,-1.15,2.44
2024-01-11,000034,78.85,82.3,82.86,78.76,228817,630828685.33,5.19,4.19,3.31,4.16
2024-01-12,000034,81.91,80.5,82.27,80.45,141876,389027437.02,2.21,-2.19,-1.8,2.58
2024-01-15,000034,79.89,79.6,80.84,78.96,95981,259085989.81,2.34,-1.12,-0.9,1.74
2024-01-16,000034,79.46,78.87,79.6,77.24,146629,387118980.89,2.96,-0.92,-0.73,2.67
2024-01-17,000034,78.42,77.05,79.41,76.94,103213,273229749.15,3.13,-2.31,-1.82,1.88
2024-01-18,000034,76.01,78.03,78.12,75.28,202096,522474931.93,3.69,1.27,0.98,3.67
2024-01-19,000034,78.03,78.54,80.28,77.3,196048,522091143.02,3.82,0.65,0.51,3.56
2024-01-22,000034,79.52,73.98,80.14,73.25,205257,529676162.93,8.77,-5.81,-4.56,3.73
2024-01-23,000034,73.56,76.04,76.88,73.39,178996,455541461.96,4.72,2.78,2.06,3.25
2024-01-24,000034,76.15,75.61,76.71,73.06,175229,440106422.84,4.8,-0.57,-0.43,3.19
2024-01-25,000034,75.61,78.9,79.44,73.76,227449,595267202.49,7.51,4.35,3.29,4.13
2024-01-26,000034,78.37,76.68,78.59,76.43,171762,448285796.66,2.74,-2.81,-2.22,3.12
2024-01-29,000034,77.89,75.42,79.86,75.08,194929,508555598.82,6.23,-1.64,-1.26,3.54
2024-01-30,000034,74.24,72.55,75.75,72.44,124962,311120522.23,4.39,-3.81,-2.87,2.27
2024-01-31,000034,72.24,68.42,72.41,68.23,219694,515815957.47,5.76,-5.69,-4.13,3.99
2024-02-01,000034,67.97,70.87,73.06,67.8,258633,617439648.2,7.69,3.58,2.45,4.7
2024-02-02,000034,70.56,67.27,71.74,65.11,230012,528087080.58,9.36,-5.08,-3.6,4.18
2024-02-05,000034,66.34,61.96,66.71,60.95,248516,524157858.8,8.56,-7.89,-5.31,4.52
2024-02-06,000034,60.89,66.74,67.47,60.61,277079,599719660.95,11.07,7.71,4.78,5.04
2024-02-07,000034,66.93,69.8,71.26,66.74,288638,675973414.46,6.77,4.58,3.06,5.25
2024-02-08,000034,71.01,73.7,74.24,70.02,246018,606167909.48,6.05,5.59,3.9,4.47
2024-02-19,000034,78.62,79.27,79.32,75.53,332869,874534296.93,5.14,7.56,5.57,6.05
2024-02-20,000034,77.97,77.86,78.31,76.63,184497,483895949.99,2.12,-1.78,-1.41,3.35
2024-02-21,000034,76.91,77.64,80.05,75.95,214880,568093421.18,5.27,-0.28,-0.22,3.91
2024-02-22,000034,80.11,81.54,83.2,80.11,323069,891787182.58,3.98,5.02,3.9,5.87
2024-02-23,000034,83.93,84.49,86.04,83.28,302110,864044512.6,3.38,3.62,2.95,5.49
2024-02-26,000034,85.39,87.72,90.53,83.23,398613,1182036082.63,8.64,3.82,3.23,7.25
2024-02-27,000034,86.38,92.5,93.77,86.04,402044,1235151338.96,8.81,5.45,4.78,7.31
2024-02-28,000034,92.42,86.46,94.13,86.26,461110,1420965121.83,8.51,-6.53,-6.04,8.38
2024-02-29,000034,86.46,89.97,90.87,86.46,329632,1001196751.1,5.1,4.06,3.51,5.99
2024-03-01,000034,90.65,93.62,95.0,90.11,406537,1287276529.56,5.44,4.06,3.65,7.39
2024-03-04,000034,95.54,99.47,101.77,93.99,607268,2024327832.14,8.31,6.25,5.85,11.04
2024-03-05,000034,97.28,96.52,100.31,95.82,453029,1511805207.46,4.51,-2.97,-2.95,8.23
2024-03-06,000034,95.93,95.96,97.31,94.69,318608,1039377860.67,2.71,-0.58,-0.56,5.79
2024-03-07,000034,95.45,91.46,97.28,91.15,448093,1430816629.17,6.39,-4.69,-4.5,8.14
2024-03-08,000034,92.5,94.1,94.69,90.7,315931,1000506233.27,4.36,2.89,2.64,5.74
2024-03-11,000034,92.73,99.24,99.81,91.88,416559,1364996756.82,8.43,5.46,5.14,7.57
2024-03-12,000034,98.12,94.72,98.4,93.93,441926,1439274253.68,4.5,-4.55,-4.52,8.03
2024-03-13,000034,95.56,94.92,96.69,94.21,326913,1065547579.25,2.62,0.21,0.2,5.94
2024-03-14,000034,93.91,93.88,95.17,92.3,252418,806360331.99,3.02,-1.1,-1.04,4.59
2024-03-15,000034,94.05,94.8,94.83,91.97,216397,690093392.98,3.05,0.98,0.92,3.93
2024-03-18,000034,94.61,96.21,97.31,93.82,335630,1095697697.45,3.68,1.49,1.41,6.1
2024-03-19,000034,95.31,95.48,97.59,94.78,242228,793675161.86,2.92,-0.76,-0.73,4.4
2024-03-20,000034,95.39,95.76,97.73,94.89,253669,832222518.1,2.97,0.29,0.28,4.61
2024-03-21,000034,96.18,94.3,97.05,93.88,250095,812262767.6,3.31,-1.52,-1.46,4.55
2024-03-22,000034,93.96,94.66,95.62,92.84,251697,811299306.51,2.95,0.38,0.36,4.58
2024-03-25,000034,95.51,94.75,98.77,94.64,430813,1424833345.6,4.36,0.1,0.09,7.83
2024-03-26,000034,94.72,92.5,96.91,91.32,419921,1345209319.73,5.9,-2.37,-2.25,7.63
2024-03-27,000034,91.46,88.26,92.19,88.2,233222,711569734.28,4.31,-4.58,-4.24,4.24
2024-03-28,000034,88.26,91.35,92.33,87.75,266555,825286770.8,5.19,3.5,3.09,4.85
2024-03-29,000034,89.72,86.94,89.72,84.52,471202,1387426212.14,5.69,-4.83,-4.41,8.55
2024-04-01,000034,87.22,88.29,89.02,86.91,265411,793909543.04,2.43,1.55,1.35,4.82
2024-04-02,000034,88.03,85.62,88.06,85.05,223895,653054089.54,3.41,-3.02,-2.67,4.06
2024-04-03,000034,85.45,83.73,85.45,82.33,229931,651643156.76,3.64,-2.21,-1.89,4.17
2024-04-08,000034,83.45,84.07,86.09,83.03,211244,606247260.26,3.65,0.41,0.34,3.83
2024-04-09,000034,84.07,83.14,84.69,82.36,157456,442996078.35,2.77,-1.11,-0.93,2.86
2024-04-10,000034,82.78,81.21,83.14,80.48,139627,385508337.53,3.2,-2.32,-1.93,2.53
2024-04-11,000034,80.7,82.13,83.71,80.48,214010,597742487.9,3.98,1.13,0.92,3.89
2024-04-12,000034,82.95,83.54,85.31,82.67,239853,684799980.89,3.21,1.72,1.41,4.35
2024-04-15,000034,83.57,81.96,84.3,80.42,243763,678083417.01,4.64,-1.89,-1.58,4.43
2024-04-16,000034,81.68,79.15,81.99,78.68,197476,533527709.62,4.04,-3.43,-2.81,3.59
2024-04-17,000034,80.28,82.81,82.81,80.17,264875,733957216.61,3.34,4.62,3.66,4.81
2024-04-18,000034,81.82,82.05,83.93,80.45,238420,663045743.28,4.2,-0.92,-0.76,4.33
2024-04-19,000034,81.63,80.92,82.53,80.14,153507,422002691.43,2.91,-1.38,-1.13,2.79
2024-04-22,000034,78.71,79.6,80.42,76.18,162712,435435400.42,5.24,-1.63,-1.32,2.95
2024-04-23,000034,80.48,79.74,81.74,79.04,111390,300983016.36,3.39,0.18,0.14,2.02
2024-04-24,000034,80.42,84.63,85.05,79.6,301903,849953507.73,6.83,6.13,4.89,5.48
2024-04-25,000034,84.04,83.26,84.55,82.89,141390,401055707.66,1.96,-1.62,-1.37,2.57
2024-04-26,000034,84.44,88.71,89.35,84.44,371157,1107735931.91,5.9,6.55,5.45,6.74
2024-04-29,000034,90.59,91.38,93.2,90.22,354717,1108007212.11,3.36,3.01,2.67,6.44
2024-04-30,000034,91.38,90.65,92.16,89.69,206652,639019181.8,2.7,-0.8,-0.73,3.75
2024-05-06,000034,92.88,91.51,94.37,90.97,241466,749817109.29,3.75,0.95,0.86,4.38
2024-05-07,000034,91.65,89.51,92.29,88.89,232835,703382501.18,3.72,-2.19,-2.0,4.23
2024-05-08,000034,88.67,87.15,88.98,86.73,158142,463199515.02,2.51,-2.64,-2.36,2.87
2024-05-09,000034,86.73,87.29,87.74,86.08,187239,545059335.72,1.9,0.16,0.14,3.4
2024-05-10,000034,87.29,85.21,87.29,84.68,163490,466333367.39,2.99,-2.38,-2.08,2.97
2024-05-13,000034,84.34,84.31,84.85,82.99,151771,425030789.41,2.18,-1.06,-0.9,2.76
2024-05-14,000034,84.71,86.5,86.79,84.68,199170,571869994.87,2.5,2.6,2.19,3.62
2024-05-15,000034,85.89,86.25,86.87,85.18,142642,411053187.02,1.95,-0.29,-0.25,2.59
2024-05-16,000034,87.32,86.73,88.56,85.94,236861,692117806.16,3.04,0.56,0.48,4.3
2024-05-17,000034,88.27,90.66,91.11,87.24,426409,1278806249.07,4.46,4.53,3.93,7.74
2024-05-20,000034,89.54,91.79,92.29,88.58,329784,1004926923.19,4.09,1.25,1.13,5.99
2024-05-21,000034,91.65,90.44,93.39,90.24,200090,613305418.37,3.43,-1.47,-1.35,3.63
2024-05-22,000034,90.41,90.38,91.11,89.43,143445,433721303.31,1.86,-0.07,-0.06,2.6
2024-05-23,000034,91.45,89.68,92.91,89.57,210941,642749167.38,3.7,-0.77,-0.7,3.83
2024-05-24,000034,89.51,87.52,90.8,87.29,174278,517319815.61,3.91,-2.41,-2.16,3.16
2024-05-27,000034,87.29,88.5,89.45,87.21,168165,497305901.2,2.56,1.12,0.98,3.05
2024-05-28,000034,88.19,86.36,88.89,86.17,140311,409686624.39,3.07,-2.42,-2.14,2.55
2024-05-29,000034,86.2,86.22,87.01,85.38,95501,275037623.17,1.89,-0.16,-0.14,1.73
2024-05-30,000034,85.77,86.03,86.59,84.62,83622,239491446.7,2.28,-0.22,-0.19,1.52
2024-05-31,000034,86.03,87.15,89.01,85.72,149774,440258431.41,3.82,1.3,1.12,2.72
2024-06-03,000034,87.18,88.39,89.23,86.17,177815,524120215.4,3.51,1.42,1.24,3.23
2024-06-04,000034,87.85,88.56,88.58,86.5,132601,388665785.34,2.35,0.19,0.17,2.41
2024-06-05,000034,87.88,87.43,89.06,87.29,120920,357602593.84,2.0,-1.28,-1.13,2.2
2024-06-06,000034,87.83,88.75,89.37,87.01,194774,577078032.29,2.7,1.51,1.32,3.54
2024-06-07,000034,88.7,85.04,88.89,83.08,298072,846077894.94,6.55,-4.18,-3.71,5.41
2024-06-11,000034,83.92,85.02,85.44,83.64,147457,415156419.86,2.12,-0.02,-0.02,2.68
2024-06-12,000034,84.59,85.04,86.62,84.43,137882,394089843.5,2.58,0.02,0.02,2.5
2024-06-13,000034,85.32,85.41,87.12,85.21,175762,506143305.59,2.25,0.44,0.37,3.19
2024-06-14,000034,84.76,82.23,85.27,81.53,380971,1043973179.82,4.38,-3.72,-3.18,6.92
2024-06-17,000034,81.98,74.54,81.98,74.54,489920,1229521382.99,9.05,-9.35,-7.69,8.89
2024-06-18,000034,73.38,73.24,74.2,71.08,574316,1383460062.58,4.19,-1.74,-1.3,10.43
2024-06-19,000034,73.24,72.15,73.75,72.06,284314,682172085.03,2.31,-1.49,-1.09,5.16
2024-06-20,000034,71.73,69.87,72.01,69.31,300069,694985320.29,3.74,-3.16,-2.28,5.45
2024-06-21,000034,69.56,69.98,70.49,69.03,170385,392391137.73,2.09,0.16,0.11,3.09
2024-06-24,000034,69.37,68.64,71.19,68.41,231438,533181318.02,3.97,-1.91,-1.34,4.2
2024-06-25,000034,68.61,66.84,69.0,66.08,215716,475068345.4,4.25,-2.62,-1.8,3.92
2024-06-26,000034,66.87,69.48,69.7,66.58,234903,524749183.55,4.67,3.95,2.64,4.26
2024-06-27,000034,69.51,67.68,69.51,67.62,179092,402973869.65,2.72,-2.59,-1.8,3.25
2024-06-28,000034,69.17,69.56,70.94,68.86,307132,707902631.51,3.07,2.78,1.88,5.58
2024-07-01,000034,69.31,69.08,70.01,67.76,210509,475024345.1,3.23,-0.69,-0.48,3.82
2024-07-02,000034,69.08,69.31,70.15,68.89,203109,463512502.13,1.82,0.33,0.23,3.69
2024-07-03,000034,69.03,68.1,69.06,67.9,141622,317470254.11,1.67,-1.75,-1.21,2.57
2024-07-04,000034,68.07,66.44,68.47,66.25,140570,310145062.95,3.26,-2.44,-1.66,2.55
2024-07-05,000034,66.22,67.06,67.48,65.83,136087,297217972.93,2.48,0.93,0.62,2.47
2024-07-08,000034,67.4,65.46,67.46,65.18,138879,301040113.85,3.4,-2.39,-1.6,2.52
2024-07-09,000034,65.38,68.16,68.19,64.87,214685,470775609.04,5.07,4.12,2.7,3.9
2024-07-10,000034,67.82,68.27,69.39,67.51,175141,394641374.36,2.76,0.16,0.11,3.18
2024-07-11,000034,69.42,71.47,72.4,68.72,335580,785108561.51,5.39,4.69,3.2,6.1
2024-07-12,000034,70.57,69.96,70.74,69.62,180906,416902625.0,1.57,-2.11,-1.51,3.29
2024-07-15,000034,69.9,68.94,69.98,68.52,128604,292784173.23,2.09,-1.46,-1.02,2.34
2024-07-16,000034,68.92,71.98,72.37,68.38,341629,798229888.98,5.79,4.41,3.04,6.21
2024-07-17,000034,73.66,74.03,76.42,73.66,513874,1277910866.5,3.83,2.85,2.05,9.33
2024-07-18,000034,74.03,73.81,74.7,72.12,243495,588333339.68,3.49,-0.3,-0.22,4.42
2024-07-19,000034,73.52,73.38,74.51,73.19,193647,472233685.13,1.79,-0.58,-0.43,3.52
2024-07-22,000034,73.24,73.16,73.75,71.81,191718,460632882.96,2.64,-0.3,-0.22,3.48
2024-07-23,000034,72.96,70.94,73.05,70.77,133289,316831244.96,3.12,-3.03,-2.22,2.42
2024-07-24,000034,70.83,69.67,71.84,69.59,132223,307642667.54,3.17,-1.79,-1.27,2.4
2024-07-25,000034,68.97,69.25,70.04,68.38,119924,272658694.13,2.38,-0.6,-0.42,2.18
2024-07-26,000034,69.48,70.04,70.63,68.97,123157,282767015.46,2.4,1.14,0.79,2.24
2024-07-29,000034,70.07,69.67,70.69,68.69,112495,257957134.67,2.86,-0.53,-0.37,2.04
2024-07-30,000034,69.59,69.17,69.82,67.48,157138,354313275.68,3.36,-0.72,-0.5,2.85
2024-07-31,000034,68.94,71.56,71.95,68.89,207457,484992162.38,4.42,3.46,2.39,3.77
2024-08-01,000034,71.59,71.3,72.51,70.85,153241,361766205.85,2.32,-0.36,-0.26,2.78
2024-08-02,000034,70.38,69.34,71.0,69.11,153297,352929576.88,2.65,-2.75,-1.96,2.78
2024-08-05,000034,68.64,68.83,71.5,68.38,237850,545410471.39,4.5,-0.74,-0.51,4.32
2024-08-06,000034,69.65,69.76,70.35,68.72,143644,328120463.89,2.37,1.35,0.93,2.61
2024-08-07,000034,72.65,70.77,72.68,70.57,288483,680853070.75,3.02,1.45,1.01,5.24
2024-08-08,000034,69.87,69.53,70.1,68.07,197478,448139036.58,2.87,-1.75,-1.24,3.59
2024-08-09,000034,69.65,68.44,70.04,68.41,121016,274800773.12,2.34,-1.57,-1.09,2.2
2024-08-12,000034,67.96,67.82,68.35,67.31,74424,165531246.2,1.52,-0.91,-0.62,1.35
2024-08-13,000034,67.71,68.02,68.35,66.81,87364,193651490.0,2.27,0.29,0.2,1.59
2024-08-14,000034,68.05,67.62,68.38,67.34,72957,162341508.57,1.53,-0.59,-0.4,1.33
2024-08-15,000034,67.29,67.93,68.75,66.87,108392,242357190.88,2.78,0.46,0.31,1.97
2024-08-16,000034,68.16,69.34,70.07,67.99,186003,422997786.38,3.06,2.08,1.41,3.38
2024-08-19,000034,69.51,71.64,72.32,69.51,303499,713478943.76,4.05,3.32,2.3,5.51
2024-08-20,000034,71.28,69.65,71.28,69.28,193668,445153836.71,2.79,-2.78,-1.99,3.52
2024-08-21,000034,69.53,69.59,71.19,69.31,153164,354031308.2,2.7,-0.09,-0.06,2.78
2024-08-22,000034,70.52,70.94,72.46,70.07,320093,753269363.29,3.43,1.94,1.35,5.81
2024-08-23,000034,69.93,74.14,75.46,69.73,536262,1296212890.46,8.08,4.51,3.2,9.74
2024-08-26,000034,74.65,73.38,74.82,72.99,349583,851514229.27,2.47,-1.03,-0.76,6.35
2024-08-27,000034,72.46,70.8,73.52,70.43,273171,646075577.66,4.21,-3.52,-2.58,4.96
2024-08-28,000034,70.66,72.09,73.16,68.69,258357,607789788.08,6.31,1.82,1.29,4.69
2024-08-29,000034,71.28,72.09,72.91,71.08,239999,571166030.1,2.54,0.0,0.0,4.36
2024-08-30,000034,71.98,74.34,75.18,71.78,375434,922416091.57,4.72,3.12,2.25,6.82
2024-09-02,000034,74.84,72.88,75.63,72.77,286517,703166643.17,3.85,-1.96,-1.46,5.2
2024-09-03,000034,72.96,77.77,79.65,72.93,662846,1695682429.68,9.22,6.71,4.89,12.04
2024-09-04,000034,76.7,75.49,77.88,75.01,408677,1031369646.55,3.69,-2.93,-2.28,7.42
2024-09-05,000034,76.76,75.83,77.01,75.41,289658,730654829.95,2.12,0.45,0.34,5.26
2024-09-06,000034,75.55,74.31,75.83,74.0,210608,520311742.78,2.41,-2.0,-1.52,3.83
2024-09-09,000034,73.52,73.52,74.65,73.16,144841,353209464.56,2.01,-1.06,-0.79,2.63
2024-09-10,000034,73.55,76.17,76.59,72.46,316153,784368851.31,5.62,3.6,2.65,5.74
2024-09-11,000034,75.52,74.56,75.83,73.95,180689,446939196.09,2.47,-2.11,-1.61,3.28
2024-09-12,000034,74.93,73.72,75.32,73.66,147585,363240882.77,2.23,-1.13,-0.84,2.68
2024-09-13,000034,73.75,72.57,74.4,71.92,180578,435436307.95,3.36,-1.56,-1.15,3.28
2024-09-18,000034,72.12,71.7,73.19,70.41,165786,390052953.75,3.83,-1.2,-0.87,3.01
2024-09-19,000034,72.29,73.1,73.55,71.05,177413,425708421.44,3.49,1.95,1.4,3.22
2024-09-20,000034,73.05,74.59,75.07,72.77,235261,577637812.92,3.15,2.04,1.49,4.27
2024-09-23,000034,74.79,73.86,76.0,73.66,230058,568900218.76,3.14,-0.98,-0.73,4.18
2024-09-24,000034,73.83,76.0,76.02,72.68,323903,801340270.96,4.52,2.9,2.14,5.88
2024-09-25,000034,76.45,75.58,78.19,75.55,333908,851126332.61,3.47,-0.55,-0.42,6.07
2024-09-26,000034,75.69,78.22,78.22,75.29,280643,715735950.52,3.88,3.49,2.64,5.1
2024-09-27,000034,79.42,83.86,85.27,78.81,451931,1235810815.45,8.26,7.21,5.64,8.21
2024-09-30,000034,87.8,91.73,91.73,86.73,559785,1683567700.43,5.96,9.38,7.87,10.16
2024-10-08,000034,100.38,100.38,100.38,92.91,603797,2013258517.8,8.14,9.43,8.65,10.96
2024-10-09,000034,99.94,97.97,103.59,95.19,685580,2318305369.98,8.37,-2.4,-2.41,12.45
2024-10-10,000034,99.09,92.49,100.24,92.38,480708,1538963442.5,8.02,-5.59,-5.48,8.73
2024-10-11,000034,91.51,88.3,93.11,86.81,344140,1027147245.15,6.81,-4.53,-4.19,6.25
2024-10-14,000034,88.95,92.15,92.15,87.43,327386,987858753.08,5.35,4.36,3.85,5.94
2024-10-15,000034,91.23,92.66,96.23,89.74,444140,1390133828.93,7.04,0.55,0.51,8.06
2024-10-16,000034,89.99,91.67,93.36,89.65,229915,705185969.0,4.0,-1.07,-0.99,4.17
2024-10-17,000034,93.42,92.6,95.44,92.29,346941,1096413650.49,3.44,1.01,0.93,6.3
2024-10-18,000034,92.04,96.96,98.98,91.56,461011,1484564025.98,8.01,4.71,4.36,8.37
2024-10-21,000034,98.02,99.88,101.79,96.96,475326,1601028000.95,4.98,3.01,2.92,8.63
2024-10-22,000034,101.2,97.88,101.59,96.76,416173,1390549166.68,4.84,-2.0,-2.0,7.55
2024-10-23,000034,97.91,96.28,98.7,95.72,305276,1001309471.51,3.04,-1.63,-1.6,5.54
2024-10-24,000034,95.44,96.34,96.62,94.6,189714,610470631.17,2.1,0.06,0.06,3.44
2024-10-25,000034,96.42,96.28,97.38,95.24,208378,674113365.98,2.22,-0.06,-0.06,3.78
2024-10-28,000034,95.72,95.41,95.97,94.37,195834,626454601.99,1.66,-0.9,-0.87,3.55
2024-10-29,000034,95.64,95.83,98.64,94.77,304547,989904992.4,4.06,0.44,0.42,5.53
2024-10-30,000034,95.97,98.95,98.95,95.61,379969,1248875242.84,3.49,3.26,3.12,6.87
2024-10-31,000034,101.2,104.66,108.25,96.65,756380,2633053467.65,11.72,5.77,5.71,13.68
2024-11-01,000034,103.31,102.91,111.93,102.46,732053,2646081947.28,9.05,-1.67,-1.75,13.24
2024-11-04,000034,101.45,106.4,107.77,100.95,470382,1673623502.1,6.63,3.39,3.49,8.51
2024-11-05,000034,106.4,109.6,109.88,104.46,531209,1939590764.56,5.09,3.01,3.2,9.61
2024-11-06,000034,110.33,106.87,110.33,105.84,486500,1773797260.48,4.1,-2.49,-2.73,8.8
2024-11-07,000034,105.22,106.59,106.62,103.22,365708,1294135798.29,3.18,-0.26,-0.28,6.62
2024-11-08,000034,107.46,110.42,114.6,106.9,575721,2175644931.82,7.22,3.59,3.83,10.42
2024-11-11,000034,111.01,117.13,120.67,109.26,595616,2319155204.87,10.33,6.08,6.71,10.78
2024-11-12,000034,115.89,112.58,116.03,110.53,453525,1742666411.93,4.7,-3.88,-4.55,8.2
2024-11-13,000034,111.48,111.79,113.62,109.52,276274,1043515664.92,3.64,-0.7,-0.79,5.0
2024-11-14,000034,110.64,107.24,111.65,107.04,242010,894320395.6,4.12,-4.07,-4.55,4.38
2024-11-15,000034,106.59,104.91,109.66,104.77,246695,896594325.46,4.56,-2.17,-2.33,4.46
2024-11-18,000034,105.47,101.03,106.09,100.44,288301,1003031854.55,5.39,-3.7,-3.88,5.22
2024-11-19,000034,101.62,103.78,104.23,100.16,227004,782200660.92,4.03,2.72,2.75,4.11
2024-11-20,000034,103.28,104.74,106.17,102.49,209684,738069272.43,3.55,0.93,0.96,3.79
2024-11-21,000034,103.9,104.37,105.67,102.97,169728,598562894.77,2.58,-0.35,-0.37,3.07
2024-11-22,000034,103.84,99.85,106.17,99.65,267440,931922804.14,6.25,-4.33,-4.52,4.84
2024-11-25,000034,99.51,96.87,100.5,94.65,277077,902990774.56,5.86,-2.98,-2.98,5.01
2024-11-26,000034,96.2,96.45,98.64,96.2,144860,474098949.26,2.52,-0.43,-0.42,2.62
2024-11-27,000034,95.95,98.9,98.9,94.29,206763,672811444.56,4.78,2.54,2.45,3.74
2024-11-28,000034,99.51,98.92,101.28,98.84,200009,673301127.12,2.47,0.02,0.02,3.62
2024-11-29,000034,98.73,100.75,101.65,97.69,228084,770741875.92,4.0,1.85,1.83,4.13
2024-12-02,000034,101.0,103.56,103.84,100.53,226461,786283089.16,3.29,2.79,2.81,4.1
2024-12-03,000034,103.31,102.6,104.15,101.03,169826,588089893.3,3.01,-0.93,-0.96,3.07
2024-12-04,000034,102.74,100.27,102.94,99.74,159446,543476588.2,3.12,-2.27,-2.33,2.88
2024-12-05,000034,99.94,100.81,101.73,99.77,136282,464441169.85,1.95,0.54,0.54,2.47
2024-12-06,000034,101.14,103.22,104.29,100.83,201981,700798396.92,3.43,2.39,2.41,3.65
2024-12-09,000034,103.19,104.09,104.99,102.18,179959,629999643.79,2.72,0.84,0.87,3.26
2024-12-10,000034,106.4,103.28,106.76,102.74,229464,816610600.0,3.86,-0.78,-0.81,4.15
2024-12-11,000034,102.74,104.91,105.78,102.35,179286,633494887.79,3.32,1.58,1.63,3.24
2024-12-12,000034,104.94,103.78,105.61,102.18,201521,705241349.12,3.27,-1.08,-1.13,3.65
2024-12-13,000034,102.72,101.12,103.48,100.64,249890,860381109.68,2.74,-2.56,-2.66,4.52
2024-12-16,000034,100.55,99.26,101.12,98.73,156174,526151082.04,2.36,-1.84,-1.86,2.83
2024-12-17,000034,99.01,98.0,100.69,97.88,142107,475121217.43,2.83,-1.27,-1.26,2.57
2024-12-18,000034,98.59,102.41,103.25,98.0,233701,796781529.85,5.36,4.5,4.41,4.23
2024-12-19,000034,100.44,105.16,106.28,98.9,374376,1308424874.72,7.21,2.69,2.75,6.77
2024-12-20,000034,104.04,105.19,106.34,103.67,265800,944946539.24,2.54,0.03,0.03,4.81
2024-12-23,000034,105.19,102.89,106.54,102.49,203685,716157190.12,3.85,-2.19,-2.3,3.68
2024-12-24,000034,103.31,104.26,104.94,102.35,185004,647686731.21,2.52,1.33,1.37,3.35
2024-12-25,000034,104.23,102.49,104.6,101.06,183945,638834079.64,3.4,-1.7,-1.77,3.33
2024-12-26,000034,101.9,106.73,107.21,101.71,355093,1271921695.85,5.37,4.14,4.24,6.42
2024-12-27,000034,106.45,105.08,107.35,104.18,290265,1041314740.83,2.97,-1.55,-1.65,5.25
2024-12-30,000034,105.86,109.38,109.38,104.99,433782,1591654264.51,4.18,4.09,4.3,7.85
2024-12-31,000034,109.35,103.73,110.13,103.31,415238,1497734746.87,6.24,-5.17,-5.65,7.51
2025-01-02,000034,103.03,97.97,103.11,95.5,323724,1082523978.57,7.34,-5.55,-5.76,5.86
2025-01-03,000034,97.97,93.75,98.22,93.64,196515,630874773.02,4.67,-4.31,-4.22,3.56
2025-01-06,000034,92.91,92.49,95.3,91.51,163727,511035552.59,4.04,-1.34,-1.26,2.96
2025-01-07,000034,92.91,95.86,96.14,92.57,181013,573386613.88,3.86,3.64,3.37,3.28
2025-01-08,000034,94.77,93.47,95.16,90.24,207840,648989283.68,5.13,-2.49,-2.39,3.76
2025-01-09,000034,92.71,93.75,95.47,92.49,149421,474575587.02,3.19,0.3,0.28,2.7
2025-01-10,000034,93.25,91.79,94.96,91.79,147396,463056629.8,3.38,-2.09,-1.96,2.67
2025-01-13,000034,90.27,91.51,92.52,89.54,113718,346838579.32,3.25,-0.31,-0.28,2.06
2025-01-14,000034,92.32,96.0,96.17,91.37,213478,678759615.17,5.25,4.91,4.49,3.86
2025-01-15,000034,96.0,95.83,97.29,95.19,179071,580437909.01,2.19,-0.18,-0.17,3.24
2025-01-16,000034,96.93,96.79,98.87,95.92,171517,561767368.01,3.08,1.0,0.96,3.1
2025-01-17,000034,96.79,96.59,97.41,95.36,127792,414825699.09,2.12,-0.21,-0.2,2.31
2025-01-20,000034,97.27,96.73,97.83,96.34,129837,424438171.23,1.54,0.14,0.14,2.35
2025-01-21,000034,97.46,98.7,98.73,96.7,182504,601619711.35,2.1,2.04,1.97,3.3
2025-01-22,000034,98.95,98.59,99.65,98.02,156256,520100505.84,1.65,-0.11,-0.11,2.83
2025-01-23,000034,99.51,97.01,100.81,97.01,193375,645730659.36,3.85,-1.6,-1.58,3.5
2025-01-24,000034,96.76,99.6,99.77,96.73,206891,687872876.39,3.13,2.67,2.59,3.74
2025-01-27,000034,100.36,96.9,100.78,96.9,163076,540729504.42,3.9,-2.71,-2.7,2.95
2025-02-05,000034,100.72,103.36,104.63,99.94,463246,1612761512.28,4.84,6.67,6.46,8.38
2025-02-06,000034,102.74,107.1,108.2,101.87,488336,1745863046.4,6.12,3.62,3.74,8.84
2025-02-07,000034,107.1,117.3,117.3,106.59,1122064,4356471671.24,10.0,9.52,10.2,20.3
2025-02-10,000034,125.64,128.51,128.51,123.82,738047,3218705918.01,4.0,9.56,11.21,13.35
2025-02-11,000034,128.51,128.03,135.87,127.05,1643153,7355762850.43,6.86,-0.37,-0.48,29.73
2025-02-12,000034,124.74,131.46,134.13,124.74,1108900,4960949259.95,7.33,2.68,3.43,20.06
2025-02-13,000034,130.28,140.48,144.08,126.91,1378818,6374928611.34,13.06,6.86,9.02,24.95
2025-02-14,000034,137.53,153.99,153.99,135.28,809906,4065225402.83,13.32,9.62,13.51,14.65
2025-02-17,000034,168.86,157.59,168.86,156.33,1619541,9204308731.65,8.14,2.34,3.6,28.8
2025-02-18,000034,153.6,164.56,171.02,152.14,1444358,8054843456.89,11.98,4.42,6.97,25.68
2025-02-19,000034,165.18,165.96,166.24,156.58,1266598,7013911956.26,5.87,0.85,1.4,22.52
2025-02-20,000034,162.59,162.68,175.21,161.33,1134419,6546596705.93,8.36,-1.98,-3.28,20.17
2025-02-21,000034,165.4,165.57,175.01,157.31,1396675,7978250017.38,10.88,1.78,2.89,24.84
2025-02-24,000034,162.59,167.79,173.41,159.11,1100317,6350832905.64,8.64,1.34,2.22,19.57
2025-02-25,000034,158.94,156.13,168.07,151.66,1054134,5784826847.88,9.78,-6.95,-11.66,18.74
2025-02-26,000034,156.75,149.39,158.1,148.77,948155,4934636504.74,5.98,-4.32,-6.74,16.86
2025-02-27,000034,149.36,142.25,150.23,139.72,971107,4782832120.78,7.04,-4.78,-7.14,17.27
2025-02-28,000034,142.9,141.91,146.29,140.14,837165,4114043455.69,4.32,-0.24,-0.34,14.89
2025-03-03,000034,143.82,139.8,144.81,136.8,620457,2989596018.26,5.64,-1.49,-2.11,11.03
2025-03-04,000034,137.36,138.23,139.44,136.12,535496,2525580258.48,2.37,-1.12,-1.57,9.52
2025-03-05,000034,139.44,142.08,143.4,134.49,890787,4248058719.54,6.45,2.79,3.85,15.84
2025-03-06,000034,142.92,152.28,152.31,141.8,1144254,5773515318.93,7.4,7.18,10.2,20.35
2025-03-07,000034,149.98,143.51,151.21,142.56,858006,4335327519.43,5.68,-5.76,-8.77,15.26
2025-03-10,000034,140.2,138.51,141.41,136.71,548096,2598902251.42,3.28,-3.48,-5.0,9.75
2025-03-11,000034,134.78,140.68,141.04,134.78,428036,2031380065.75,4.52,1.57,2.17,7.61
2025-03-12,000034,142.75,142.08,146.72,140.87,597222,2945048643.15,4.16,1.0,1.4,10.62
2025-03-13,000034,141.71,138.91,143.37,136.97,433623,2079348297.11,4.5,-2.23,-3.17,7.71
2025-03-14,000034,137.58,140.11,141.1,136.35,384587,1832553564.87,3.42,0.86,1.2,6.84
2025-03-17,000034,140.2,140.93,142.61,137.3,323057,1558558868.32,3.79,0.59,0.82,5.74
2025-03-18,000034,141.8,140.65,143.74,139.66,347288,1686504567.94,2.9,-0.2,-0.28,6.18
2025-03-19,000034,142.87,140.06,142.87,139.69,305379,1475176855.16,2.26,-0.42,-0.59,5.43
2025-03-20,000034,138.71,138.29,143.04,136.74,364883,1747375058.87,4.5,-1.26,-1.77,6.49
2025-03-21,000034,136.74,131.88,136.91,131.54,470830,2152420367.15,3.88,-4.64,-6.41,8.37
2025-03-24,000034,132.25,130.98,132.95,127.13,379328,1682094464.12,4.41,-0.68,-0.9,6.39
2025-03-25,000034,130.28,126.29,131.23,125.87,288845,1262363440.24,4.09,-3.58,-4.69,4.86
2025-03-26,000034,126.29,126.21,128.59,125.9,217180,938877734.11,2.13,-0.06,-0.08,3.66
2025-03-27,000034,126.35,126.57,128.79,125.5,263362,1143746237.34,2.61,0.29,0.36,4.43
2025-03-28,000034,126.66,125.25,127.89,125.25,190781,820899814.2,2.09,-1.04,-1.32,3.21
2025-03-31,000034,120.45,120.78,123.14,117.64,395471,1612267301.45,4.39,-3.57,-4.47,6.65
2025-04-01,000034,121.71,119.07,122.69,118.96,219031,895635118.73,3.09,-1.42,-1.71,3.69
2025-04-02,000034,120.02,118.84,120.25,118.37,157056,636340548.54,1.58,-0.19,-0.23,2.64
2025-04-03,000034,117.64,118.73,121.85,117.44,270694,1103564287.05,3.71,-0.09,-0.11,4.55
2025-04-07,000034,111.54,107.38,114.21,107.38,177292,654868906.79,5.75,-9.56,-11.35,2.98
2025-04-08,000034,103.59,100.5,106.34,97.18,526558,1784492270.75,8.53,-6.41,-6.88,8.86
2025-04-09,000034,98.84,102.8,103.84,94.06,435744,1475358592.79,9.73,2.29,2.3,7.33
2025-04-10,000034,106.4,107.24,109.52,105.5,417732,1522161256.24,3.91,4.32,4.44,7.03
2025-04-11,000034,105.27,108.81,110.3,105.27,340636,1247965800.8,4.69,1.46,1.57,5.73
2025-04-14,000034,111.17,109.8,112.35,109.04,298642,1120677607.09,3.04,0.91,0.99,5.02
2025-04-15,000034,111.43,109.4,112.16,108.45,196231,729588585.08,3.38,-0.36,-0.4,3.3
2025-04-16,000034,110.3,108.03,113.14,106.4,264254,976952835.25,6.16,-1.25,-1.37,4.45
2025-04-17,000034,106.73,108.93,111.88,106.73,321835,1201998747.7,4.77,0.83,0.9,5.41
2025-04-18,000034,108.2,109.63,111.85,108.03,247773,924354972.08,3.51,0.64,0.7,4.17
2025-04-21,000034,109.63,111.34,111.4,108.36,262283,981385063.8,2.77,1.56,1.71,4.41
2025-04-22,000034,111.43,109.07,112.19,109.01,213921,797341738.86,2.86,-2.04,-2.27,3.6
2025-04-23,000034,110.13,110.39,111.88,109.85,259806,975743853.36,1.86,1.21,1.32,4.37
2025-04-24,000034,110.39,107.91,110.61,107.35,195430,718918568.52,2.95,-2.25,-2.48,3.29
2025-04-25,000034,108.08,109.88,111.43,107.97,254858,950933442.41,3.21,1.83,1.97,4.29
2025-04-28,000034,110.78,111.12,113.98,110.78,340691,1293965741.12,2.91,1.13,1.24,5.73
2025-04-29,000034,111.15,113.17,115.39,110.33,412865,1588915765.33,4.55,1.84,2.05,6.95
2025-04-30,000034,113.98,119.74,121.85,112.1,627723,2535844607.37,8.62,5.81,6.57,10.56
2025-05-06,000034,122.69,125.28,126.26,121.01,629557,2663727597.44,4.38,4.63,5.54,10.59
2025-05-07,000034,127.13,122.41,127.41,121.09,558641,2345412070.58,5.04,-2.29,-2.87,9.4
2025-05-08,000034,121.79,124.04,126.37,121.65,418682,1774582343.31,3.86,1.33,1.63,7.04
2025-05-09,000034,123.26,120.67,123.59,120.45,307872,1273786446.46,2.53,-2.72,-3.37,5.18
2025-05-12,000034,122.0,121.5,122.68,120.49,248827,1020369431.77,1.81,0.69,0.83,4.19
2025-05-13,000034,122.88,120.04,123.02,119.45,264967,1083487592.67,2.94,-1.2,-1.46,4.46
2025-05-14,000034,119.53,120.46,121.75,118.97,227264,924338054.33,2.32,0.35,0.42,3.82
2025-05-15,000034,120.4,116.16,120.43,116.1,221173,875026911.33,3.59,-3.57,-4.3,3.72
2025-05-16,000034,115.57,116.1,117.2,115.06,153190,602074144.6,1.84,-0.05,-0.06,2.58
2025-05-19,000034,116.75,114.76,116.83,113.6,149780,578816144.29,2.78,-1.15,-1.34,2.52
2025-05-20,000034,114.92,115.04,116.02,113.38,154514,598595856.4,2.3,0.24,0.28,2.6
2025-05-21,000034,114.73,120.99,122.59,113.66,596227,2406650828.99,7.76,5.17,5.95,10.03
2025-05-22,000034,118.94,116.53,119.03,116.22,333260,1323831610.54,2.32,-3.69,-4.46,5.61
2025-05-23,000034,115.74,112.09,116.53,112.09,251000,969067671.61,3.81,-3.81,-4.44,4.22
2025-05-26,000034,112.76,113.21,114.73,112.09,160398,611622195.24,2.36,1.0,1.12,2.7
2025-05-27,000034,112.9,110.77,112.9,110.2,171055,639342323.77,2.38,-2.16,-2.44,2.88
2025-05-28,000034,110.82,109.36,111.3,109.19,147148,544373182.95,1.9,-1.27,-1.41,2.48
2025-05-29,000034,109.39,112.73,113.32,109.39,245874,928142734.93,3.59,3.08,3.37,4.14
2025-05-30,000034,112.45,110.2,112.45,109.64,159058,591303758.33,2.49,-2.24,-2.53,2.68
2025-06-03,000034,108.43,109.81,110.71,108.24,100205,370944085.05,2.24,-0.35,-0.39,1.69
2025-06-04,000034,108.91,110.82,111.78,108.91,143992,537570704.77,2.61,0.92,1.01,2.42
2025-06-05,000034,110.99,113.58,113.86,110.37,265669,1005805901.99,3.15,2.49,2.76,4.47
2025-06-06,000034,113.32,113.07,114.14,112.2,167993,639843971.9,1.71,-0.45,-0.51,2.83
2025-06-09,000034,113.27,113.58,114.17,112.9,142511,545685091.14,1.12,0.45,0.51,2.4
2025-06-10,000034,114.02,110.88,114.05,109.95,197189,740972902.91,3.61,-2.38,-2.7,3.32
2025-06-11,000034,111.07,111.07,112.17,110.77,113733,426565254.97,1.26,0.17,0.19,1.91
2025-06-12,000034,110.4,110.43,111.61,109.98,112180,418426416.45,1.47,-0.58,-0.64,1.89
2025-06-13,000034,109.95,107.51,109.95,107.25,176001,641056219.94,2.44,-2.64,-2.92,2.96
2025-06-16,000034,107.11,108.07,108.69,106.72,109815,398718621.37,1.83,0.52,0.56,1.85
2025-06-17,000034,108.12,107.59,108.69,107.31,98770,357702679.15,1.28,-0.44,-0.48,1.66
2025-06-18,000034,107.34,108.41,108.83,107.06,130605,474106925.66,1.65,0.76,0.82,2.2
2025-06-19,000034,108.55,107.08,110.74,106.8,159121,581272787.13,3.63,-1.23,-1.33,2.68
2025-06-20,000034,106.86,105.4,107.98,105.06,130758,465724642.28,2.73,-1.57,-1.68,2.2
2025-06-23,000034,103.99,106.27,106.66,103.91,107469,381231883.26,2.61,0.83,0.87,1.81
2025-06-24,000034,106.89,109.33,109.56,106.86,196181,717549960.99,2.54,2.88,3.06,3.3
2025-06-25,000034,109.36,111.3,111.36,108.94,233324,867090922.97,2.21,1.8,1.97,3.93
2025-06-26,000034,111.36,110.91,113.29,110.88,243282,916906597.46,2.17,-0.35,-0.39,4.09
2025-06-27,000034,111.83,111.33,112.48,110.57,195191,734462295.24,1.72,0.38,0.42,3.28
2025-06-30,000034,111.41,111.75,112.2,111.3,159289,599215998.95,0.81,0.38,0.42,2.68
2025-07-01,000034,111.58,110.23,111.58,109.36,179098,664632679.56,1.99,-1.36,-1.52,3.01
2025-07-02,000034,109.95,107.79,110.12,107.28,152656,556124153.28,2.58,-2.21,-2.44,2.57
2025-07-03,000034,107.14,108.97,110.43,106.94,152528,557958918.63,3.24,1.09,1.18,2.57
2025-07-04,000034,109.0,108.55,110.18,108.32,159128,584429734.59,1.71,-0.39,-0.42,2.68
2025-07-07,000034,108.26,107.28,108.55,107.2,105223,380211890.31,1.24,-1.17,-1.27,1.77
2025-07-08,000034,107.28,109.59,111.02,107.23,218904,806610989.29,3.53,2.15,2.31,3.68
2025-07-09,000034,109.64,109.05,110.06,108.66,121928,448805496.54,1.28,-0.49,-0.54,2.05
2025-07-10,000034,109.0,109.61,110.37,108.6,146381,539127148.08,1.62,0.51,0.56,2.46
2025-07-11,000034,109.92,110.96,111.36,108.69,212978,791684841.37,2.44,1.23,1.35,3.58
2025-07-14,000034,111.07,110.29,111.33,109.81,127833,474414136.76,1.37,-0.6,-0.67,2.15
2025-07-15,000034,110.29,113.77,114.28,110.03,452276,1721218360.09,3.85,3.16,3.48,7.61
2025-07-16,000034,115.23,113.97,116.33,113.38,391889,1519168842.39,2.59,0.18,0.2,6.59
2025-07-17,000034,113.38,116.53,116.81,112.99,366168,1426100474.55,3.35,2.25,2.56,6.16
2025-07-18,000034,116.08,115.71,116.83,115.04,278603,1089178436.75,1.54,-0.7,-0.82,4.69
2025-07-21,000034,115.23,115.04,115.65,114.02,204143,790347624.36,1.41,-0.58,-0.67,3.43
2025-07-22,000034,114.73,113.43,114.92,113.1,194472,745248660.32,1.58,-1.4,-1.61,3.27
2025-07-23,000034,113.32,113.46,114.45,112.9,154393,591360298.71,1.37,0.03,0.03,2.6
2025-07-24,000034,113.6,114.5,114.5,113.1,163689,627754182.93,1.23,0.92,1.04,2.75
2025-07-25,000034,115.49,117.71,117.73,114.84,385513,1513628359.28,2.52,2.8,3.21,6.49
2025-07-28,000034,121.13,116.75,121.13,116.44,404437,1611969099.08,3.98,-0.82,-0.96,6.8
2025-07-29,000034,116.33,116.89,117.82,114.9,204954,804006758.04,2.5,0.12,0.14,3.45
2025-07-30,000034,116.64,114.45,116.69,114.0,190963,742539116.67,2.3,-2.09,-2.44,3.21
2025-07-31,000034,114.17,122.31,125.29,114.17,1063071,4373533800.11,9.72,6.87,7.86,17.89
